epoch;rand_init;layer;I(X,T);I(Y,T);valid_auc;train_auc;valid_loss;train_loss;mean_weight_layer;std_weight_layer;mean_bias_layer;std_bias_layer
0;1;1;1.2143465902463317;0.25051370029681364;0.33474233746528625;0.3133333921432495;0.7070448398590088;0.7084285020828247;0.06537723541259766;0.35493898391723633;-0.33521267771720886;0.2250177264213562
0;1;2;1.2027263790069291;0.25206391240202786;0.33474233746528625;0.3133333921432495;0.7070448398590088;0.7084285020828247;0.06272882223129272;0.3158710300922394;0.10122814029455185;0.27181127667427063
0;1;3;0.6347639543955204;0.1709047633579437;0.33474233746528625;0.3133333921432495;0.7070448398590088;0.7084285020828247;0.2762433886528015;0.2499154508113861;-0.3130044639110565;0.13562439382076263
1;1;1;1.1991060274753647;0.24690275562141917;0.33474233746528625;0.31316548585891724;0.706264317035675;0.707671582698822;0.06449705362319946;0.3527398109436035;-0.3374273478984833;0.2228841930627823
1;1;2;1.1940526642716032;0.24877928921872527;0.33474233746528625;0.31316548585891724;0.706264317035675;0.707671582698822;0.061038557440042496;0.3149242103099823;0.09831047058105469;0.2769097089767456
1;1;3;0.6289571312244151;0.17271947232840756;0.33474233746528625;0.31316548585891724;0.706264317035675;0.707671582698822;0.2746952772140503;0.24876722693443298;-0.3120989501476288;0.1369049847126007
2;1;1;1.1813437963324134;0.24594534801257062;0.34017714858055115;0.3137235641479492;0.704874575138092;0.7063244581222534;0.06327048689126968;0.34969085454940796;-0.34048715233802795;0.21997398138046265
2;1;2;1.193048938520156;0.24764250713899694;0.34017714858055115;0.3137235641479492;0.704874575138092;0.7063244581222534;0.058678530156612396;0.31363847851753235;0.09434320777654648;0.28406259417533875
2;1;3;0.6113220909457722;0.16822396834310127;0.34017714858055115;0.3137235641479492;0.704874575138092;0.7063244581222534;0.27259498834609985;0.24721871316432953;-0.31075137853622437;0.13881073892116547
3;1;1;1.164898773941463;0.24484783994560866;0.32930755615234375;0.3131555914878845;0.7031196355819702;0.7045817375183105;0.061756301671266556;0.34596091508865356;-0.34422606229782104;0.2164825201034546
3;1;2;1.1597821361252478;0.2411325627597769;0.32930755615234375;0.3131555914878845;0.7031196355819702;0.7045817375183105;0.055766511708498;0.31211134791374207;0.08959712833166122;0.2929583191871643
3;1;3;0.6163206051216132;0.1691187654728501;0.32930755615234375;0.3131555914878845;0.7031196355819702;0.7045817375183105;0.27010709047317505;0.2453985959291458;-0.30895647406578064;0.14134910702705383
4;1;1;1.150643387283699;0.24700029094829068;0.32930758595466614;0.3131951093673706;0.7012190222740173;0.7026587128639221;0.06001783534884453;0.34174844622612;-0.3484504520893097;0.2126418799161911
4;1;2;1.1302886678598592;0.23541852466159652;0.32930758595466614;0.3131951093673706;0.7012190222740173;0.7026587128639221;0.052434042096138;0.31045451760292053;0.08448547124862671;0.30304834246635437
4;1;3;0.6169977903802959;0.1699410426606609;0.32930758595466614;0.3131951093673706;0.7012190222740173;0.7026587128639221;0.2673896849155426;0.24342869222164154;-0.3067162334918976;0.14451727271080017
5;1;1;1.130673573856992;0.24280913933351744;0.323872834444046;0.3149927854537964;0.6994869709014893;0.7008019089698792;0.05813596770167351;0.3372575342655182;-0.3529524505138397;0.20868489146232605
5;1;2;1.1070559672098286;0.2299862233285639;0.323872834444046;0.3149927854537964;0.6994869709014893;0.7008019089698792;0.04881155863404274;0.3087761402130127;0.07941855490207672;0.3137260675430298
5;1;3;0.6071395239859116;0.1736221808666618;0.323872834444046;0.3149927854537964;0.6994869709014893;0.7008019089698792;0.264578253030777;0.24141210317611694;-0.3040512800216675;0.14828608930110931
6;1;1;1.0580015767771425;0.22678257306138816;0.31843802332878113;0.313980370759964;0.698101818561554;0.6991763114929199;0.05618336424231529;0.3326827883720398;-0.35755500197410583;0.20480041205883026
6;1;2;1.1048343833737055;0.22754378715366474;0.31843802332878113;0.313980370759964;0.698101818561554;0.6991763114929199;0.04502334073185921;0.3071754574775696;0.0747721791267395;0.3243674635887146
6;1;3;0.6082019236949341;0.16833613366999645;0.31843802332878113;0.313980370759964;0.698101818561554;0.6991763114929199;0.2617766261100769;0.23942701518535614;-0.30100733041763306;0.15259090065956116
7;1;1;0.9899802764076187;0.22346369764207274;0.31843799352645874;0.30935776233673096;0.6970060467720032;0.6978985071182251;0.05422411486506462;0.3281897306442261;-0.36211222410202026;0.20112137496471405
7;1;2;1.1005775963584128;0.22373644441322194;0.31843799352645874;0.30935776233673096;0.6970060467720032;0.6978985071182251;0.04117336496710777;0.305729478597641;0.07080714404582977;0.3344602584838867
7;1;3;0.6215611369545107;0.17875329683372154;0.31843799352645874;0.30935776233673096;0.6970060467720032;0.6978985071182251;0.259052038192749;0.23752406239509583;-0.2976575493812561;0.15732818841934204
8;1;1;0.956944277266401;0.22271241877490322;0.32045087218284607;0.30705884099006653;0.6961901783943176;0.6968566179275513;0.05229468271136284;0.323862224817276;-0.3665449619293213;0.1977115273475647
8;1;2;1.1137194019733023;0.22209242021427444;0.32045087218284607;0.30705884099006653;0.6961901783943176;0.6968566179275513;0.03731919452548027;0.30447283387184143;0.06753171980381012;0.3438432514667511
8;1;3;0.6382316630145972;0.1858967454300291;0.32045087218284607;0.30705884099006653;0.6961901783943176;0.6968566179275513;0.2564466595649719;0.23573517799377441;-0.29409345984458923;0.1623685657978058
9;1;1;0.9276184522233226;0.21620136804284007;0.31501612067222595;0.30784159898757935;0.6955029368400574;0.6959295868873596;0.0504138357937336;0.31973475217819214;-0.3708169162273407;0.19459106028079987
9;1;2;1.1588237355071005;0.21241070752609437;0.31501612067222595;0.30784159898757935;0.6955029368400574;0.6959295868873596;0.03348919004201889;0.3034152388572693;0.06482990086078644;0.3525414764881134
9;1;3;0.6800460421165528;0.1955698528995402;0.31501612067222595;0.30784159898757935;0.6955029368400574;0.6959295868873596;0.2539897561073303;0.23408205807209015;-0.2904149293899536;0.1675708293914795
10;1;1;0.8841798050144689;0.2095170784239211;0.31501612067222595;0.3097083866596222;0.6949101686477661;0.6950879096984863;0.04859953746199608;0.3158436715602875;-0.3748878538608551;0.19177933037281036
10;1;2;0.963091874896703;0.2374088251520785;0.31501612067222595;0.3097083866596222;0.6949101686477661;0.6950879096984863;0.029708482325077057;0.30256471037864685;0.06260322034358978;0.36056050658226013
10;1;3;0.6531419102829359;0.1954562059245737;0.31501612067222595;0.3097083866596222;0.6949101686477661;0.6950879096984863;0.2517015337944031;0.232579305768013;-0.28672364354133606;0.17279109358787537
11;1;1;0.8448540129033573;0.19597027780477205;0.3025362193584442;0.3150792419910431;0.6943933963775635;0.6943297982215881;0.04686731472611427;0.31221532821655273;-0.37872764468193054;0.18928517401218414
11;1;2;1.0312363468655468;0.18796531624086033;0.3025362193584442;0.3150792419910431;0.6943933963775635;0.6943297982215881;0.025994516909122467;0.3019232451915741;0.060749780386686325;0.36792317032814026
11;1;3;0.6071380711498744;0.1963845163579061;0.3025362193584442;0.3150792419910431;0.6943933963775635;0.6943297982215881;0.24959497153759003;0.23123614490032196;-0.2831180691719055;0.1778901368379593
12;1;1;0.7892362491072795;0.18767870289969446;0.30998387932777405;0.3194623291492462;0.69394850730896;0.6936483979225159;0.04522747918963432;0.30887162685394287;-0.38231199979782104;0.1871117651462555
12;1;2;0.27573878629598525;0.06729732097370089;0.30998387932777405;0.3194623291492462;0.69394850730896;0.6936483979225159;0.02236039750277996;0.301489919424057;0.059178344905376434;0.3746521770954132
12;1;3;0.27109284715256265;0.0710265536409036;0.30998387932777405;0.3194623291492462;0.69394850730896;0.6936483979225159;0.24767765402793884;0.23005777597427368;-0.27968883514404297;0.18273979425430298
13;1;1;0.7472676527081044;0.17536983667211992;0.5475040078163147;0.5373313426971436;0.6935644149780273;0.6930394172668457;0.04368964955210686;0.3058329224586487;-0.38561731576919556;0.1852584034204483
13;1;2;0.7700863956657082;0.18035398020912785;0.5475040078163147;0.5373313426971436;0.6935644149780273;0.6930394172668457;0.018815327435731888;0.301261305809021;0.057809483259916306;0.3807707726955414
13;1;3;0.5143730870099272;0.14739709194584338;0.5475040078163147;0.5373313426971436;0.6935644149780273;0.6930394172668457;0.24595299363136292;0.22904656827449799;-0.2765148878097534;0.18722844123840332
14;1;1;0.7174439091780718;0.17338010225037337;0.5921900272369385;0.5954692363739014;0.6932288408279419;0.6924938559532166;0.042259979993104935;0.3031158149242401;-0.38862472772598267;0.1837218850851059
14;1;2;0.7276507744132603;0.1746663009912428;0.5921900272369385;0.5954692363739014;0.6932288408279419;0.6924938559532166;0.015365203842520714;0.3012317419052124;0.05657637119293213;0.38630402088165283
14;1;3;0.7239016798858744;0.12344841647718385;0.5921900272369385;0.5954692363739014;0.6932288408279419;0.6924938559532166;0.2444218099117279;0.22820323705673218;-0.2736605405807495;0.19126509130001068
15;1;1;0.6821403385730029;0.164113930570994;0.6095007658004761;0.6090110540390015;0.6929153203964233;0.6920018196105957;0.04094482958316803;0.30073392391204834;-0.391318678855896;0.18249620497226715
15;1;2;0.729051691966017;0.1774556376155334;0.6095007658004761;0.6090110540390015;0.6929153203964233;0.6920018196105957;0.012012824416160583;0.30139410495758057;0.05542492866516113;0.3912793695926666
15;1;3;0.6401674486146245;0.16743347268616637;0.6095007658004761;0.6090110540390015;0.6929153203964233;0.6920018196105957;0.24308332800865173;0.2275276631116867;-0.2711735963821411;0.19478218257427216
16;1;1;0.6453431850697182;0.15909196681968862;0.610305905342102;0.6250543594360352;0.6926040649414062;0.691552460193634;0.03974674269556999;0.29869964718818665;-0.3936838209629059;0.18157824873924255
16;1;2;0.6781284140648909;0.1665450200217684;0.610305905342102;0.6250543594360352;0.6926040649414062;0.691552460193634;0.008758330717682838;0.30174025893211365;0.05431365966796875;0.39572691917419434
16;1;3;0.6961676755963495;0.13796033574380528;0.610305905342102;0.6250543594360352;0.6926040649414062;0.691552460193634;0.24193626642227173;0.22701968252658844;-0.2690841555595398;0.19773708283901215
17;1;1;0.6391222844262199;0.15619028361376652;0.6183574795722961;0.630662202835083;0.6922877430915833;0.6911314725875854;0.03866323456168175;0.29701894521713257;-0.39571574330329895;0.1809614598751068
17;1;2;0.6880305985485311;0.1678729478033283;0.6183574795722961;0.630662202835083;0.6922877430915833;0.6911314725875854;0.0055998326279222965;0.30226168036460876;0.05321295186877251;0.3996795117855072
17;1;3;0.6522261920305521;0.13554949665611282;0.6183574795722961;0.630662202835083;0.6922877430915833;0.6911314725875854;0.24098017811775208;0.2266796976327896;-0.2674046754837036;0.2001122236251831
18;1;1;0.6351958126279618;0.15588468312543613;0.639291524887085;0.6315511465072632;0.6919523477554321;0.6907299757003784;0.03769363462924957;0.29569268226623535;-0.39741602540016174;0.18063446879386902
18;1;2;0.6448384308258897;0.15513508815791033;0.639291524887085;0.6315511465072632;0.6919523477554321;0.6907299757003784;0.0025361143052577972;0.30294832587242126;0.05211759731173515;0.40317559242248535
18;1;3;0.6018221288909107;0.1441575585817212;0.639291524887085;0.6315511465072632;0.6919523477554321;0.6907299757003784;0.24021559953689575;0.22650869190692902;-0.2661307454109192;0.20191384851932526
19;1;1;0.6069108780483692;0.15140695244302727;0.6477456092834473;0.6365589499473572;0.6915926933288574;0.6903398036956787;0.03683418780565262;0.294715017080307;-0.3987908363342285;0.18058739602565765
19;1;2;0.664441066006046;0.16032386741987548;0.6477456092834473;0.6365589499473572;0.6915926933288574;0.6903398036956787;-0.00043212177115492523;0.3037879168987274;0.0510573610663414;0.4062618613243103
19;1;3;0.6025515861469861;0.14643855028039643;0.6477456092834473;0.6365589499473572;0.6915926933288574;0.6903398036956787;0.23964476585388184;0.2265085130929947;-0.26524320244789124;0.20316901803016663
20;1;1;0.6055274197174398;0.15140695244302704;0.6477456092834473;0.6383023262023926;0.6911962032318115;0.6899614930152893;0.036079779267311096;0.29407623410224915;-0.39984917640686035;0.180812269449234
20;1;2;0.695944132189493;0.16234763426478072;0.6477456092834473;0.6383023262023926;0.6911962032318115;0.6899614930152893;-0.003304640529677272;0.30476701259613037;0.05007893964648247;0.4089891314506531
20;1;3;0.6144486685466397;0.15370662415785574;0.6477456092834473;0.6383023262023926;0.6911962032318115;0.6899614930152893;0.23927074670791626;0.22668114304542542;-0.264711856842041;0.20392046868801117
21;1;1;0.5973245353860079;0.14997005211626124;0.6477456092834473;0.6396406292915344;0.6907965540885925;0.6895944476127625;0.03542652726173401;0.29375216364860535;-0.400611937046051;0.1812872737646103
21;1;2;0.6814820869351106;0.15526107372329845;0.6477456092834473;0.6396406292915344;0.6907965540885925;0.6895944476127625;-0.006075505632907152;0.3058665096759796;0.04929704591631889;0.41142427921295166
21;1;3;0.6227815067801643;0.151663048823361;0.6477456092834473;0.6396406292915344;0.6907965540885925;0.6895944476127625;0.2390972077846527;0.22702845931053162;-0.26449933648109436;0.2042209953069687
22;1;1;0.5919333311218464;0.1485362107656194;0.6561996936798096;0.6406530737876892;0.6904563903808594;0.6892617344856262;0.03486182168126106;0.29369306564331055;-0.4011182487010956;0.18197521567344666
22;1;2;0.8153566656137068;0.15374991824637751;0.6561996936798096;0.6406530737876892;0.6904563903808594;0.6892617344856262;-0.0087284492328763;0.3070564270019531;0.048939816653728485;0.4136636257171631
22;1;3;0.6456021899776001;0.15156631870913517;0.6561996936798096;0.6406530737876892;0.6904563903808594;0.6892617344856262;0.23912595212459564;0.22755038738250732;-0.26456791162490845;0.20412401854991913
23;1;1;0.5888720837085915;0.1485362107656194;0.6493558883666992;0.6416358947753906;0.6901175379753113;0.6889463067054749;0.034375518560409546;0.29387062788009644;-0.40139198303222656;0.18285588920116425
23;1;2;0.7138267340360596;0.15013480395464107;0.6493558883666992;0.6416358947753906;0.6901175379753113;0.6889463067054749;-0.011262238956987858;0.3083159029483795;0.04910408705472946;0.4157736301422119
23;1;3;0.6670982647046717;0.14873977060238852;0.6493558883666992;0.6416358947753906;0.6901175379753113;0.6889463067054749;0.23935696482658386;0.22824548184871674;-0.2648870646953583;0.20367266237735748
24;1;1;0.5860196960287487;0.14725395039795286;0.6425120830535889;0.6429198980331421;0.6897701621055603;0.6886221170425415;0.03396240994334221;0.2942598760128021;-0.4014565646648407;0.1839100420475006
24;1;2;0.7120407032973235;0.15136112442818916;0.6425120830535889;0.6429198980331421;0.6897701621055603;0.6886221170425415;-0.013679759576916695;0.3096276819705963;0.04984801262617111;0.41781318187713623
24;1;3;0.6696259670133751;0.1508088386276638;0.6425120830535889;0.6429198980331421;0.6897701621055603;0.6886221170425415;0.2397889494895935;0.22911274433135986;-0.2654363214969635;0.2028958946466446
25;1;1;0.5717533524992557;0.14597752826543564;0.6425120830535889;0.641203761100769;0.6894247531890869;0.6882777810096741;0.03361810743808746;0.2948456406593323;-0.4013338088989258;0.18512175977230072
25;1;2;0.7084104969514593;0.1520600510648169;0.6425120830535889;0.641203761100769;0.6894247531890869;0.6882777810096741;-0.015990540385246277;0.31098219752311707;0.05115216225385666;0.41982215642929077
25;1;3;0.6746648377911493;0.14669928416278544;0.6425120830535889;0.641203761100769;0.6894247531890869;0.6882777810096741;0.2404196709394455;0.23015214502811432;-0.2662068009376526;0.20180627703666687
26;1;1;0.5660929901520699;0.143301798987151;0.6425120830535889;0.6404432058334351;0.689083993434906;0.6879004240036011;0.03333977982401848;0.2956114411354065;-0.40104466676712036;0.1864749938249588
26;1;2;0.728386391872438;0.15418136694505336;0.6425120830535889;0.6404432058334351;0.689083993434906;0.6879004240036011;-0.01820250414311886;0.31237030029296875;0.05300935357809067;0.4218442440032959
26;1;3;0.6871651582968168;0.1484987343798112;0.6425120830535889;0.6404432058334351;0.689083993434906;0.6879004240036011;0.2412465661764145;0.23136520385742188;-0.26719990372657776;0.20040181279182434
27;1;1;0.5563524784596421;0.14187915554087116;0.6425120830535889;0.6403419971466064;0.6887311935424805;0.6874876618385315;0.03312535211443901;0.29654714465141296;-0.4006046950817108;0.18795980513095856
27;1;2;0.7370201645630985;0.15521335777858036;0.6425120830535889;0.6403419971466064;0.6887311935424805;0.6874876618385315;-0.020325621590018272;0.31378698348999023;0.05538153648376465;0.4239140748977661
27;1;3;0.6874210312696487;0.14869629130961615;0.6425120830535889;0.6403419971466064;0.6887311935424805;0.6874876618385315;0.24226665496826172;0.23275481164455414;-0.2684268653392792;0.19866663217544556
28;1;1;0.5666027103777678;0.14436408352621388;0.6356682777404785;0.6399567127227783;0.6883594989776611;0.6870362758636475;0.032967522740364075;0.2976439595222473;-0.40002894401550293;0.18956531584262848
28;1;2;0.7479266125276789;0.14840759027600647;0.6356682777404785;0.6399567127227783;0.6883594989776611;0.6870362758636475;-0.02236921153962612;0.31522855162620544;0.05823066830635071;0.4260648787021637
28;1;3;0.6914662707209205;0.1486354718235905;0.6356682777404785;0.6399567127227783;0.6883594989776611;0.6870362758636475;0.24347667396068573;0.234325110912323;-0.26990675926208496;0.19657376408576965
29;1;1;0.5727464814829428;0.14213610243916697;0.6219806671142578;0.6371367573738098;0.6879734396934509;0.686546802520752;0.032864924520254135;0.29889896512031555;-0.399335116147995;0.19127802550792694
29;1;2;0.7430264927112109;0.15019661850083388;0.6219806671142578;0.6371367573738098;0.6879734396934509;0.686546802520752;-0.024345852434635162;0.3166971504688263;0.06147628277540207;0.428311288356781
29;1;3;0.6994563103456484;0.14738622835646797;0.6219806671142578;0.6371367573738098;0.6879734396934509;0.686546802520752;0.24487321078777313;0.2360810935497284;-0.27166464924812317;0.19408771395683289
30;1;1;0.5800762082913904;0.14478026091256568;0.6219806671142578;0.6363416910171509;0.6875713467597961;0.686019778251648;0.03282385319471359;0.30032119154930115;-0.3985220491886139;0.19310899078845978
30;1;2;0.7448219720019242;0.15052384220007076;0.6219806671142578;0.6363416910171509;0.6875713467597961;0.686019778251648;-0.026270072907209396;0.31819936633110046;0.06501379609107971;0.4306502938270569
30;1;3;0.7020922306848867;0.14744042710465033;0.6219806671142578;0.6363416910171509;0.6875713467597961;0.686019778251648;0.24645279347896576;0.23802824318408966;-0.2737284302711487;0.19116906821727753
31;1;1;0.5949276721599155;0.14245165626308265;0.6294283866882324;0.6344008445739746;0.6871307492256165;0.6854545474052429;0.03284109756350517;0.30192041397094727;-0.3975931704044342;0.19506321847438812
31;1;2;0.7601077209957952;0.15180176463053918;0.6294283866882324;0.6344008445739746;0.6871307492256165;0.6854545474052429;-0.028155721724033356;0.31974339485168457;0.0687466487288475;0.43307191133499146
31;1;3;0.708402776301547;0.1471689945568957;0.6294283866882324;0.6344008445739746;0.6871307492256165;0.6854545474052429;0.2482125461101532;0.24017234146595;-0.27612537145614624;0.1877792775630951
32;1;1;0.5961462121249186;0.1453238698904893;0.6227858066558838;0.63356614112854;0.6866556406021118;0.6848535537719727;0.03291820362210274;0.30369916558265686;-0.3965536653995514;0.19714269042015076
32;1;2;0.770635234991345;0.15346277156310428;0.6227858066558838;0.63356614112854;0.6866556406021118;0.6848535537719727;-0.030012886971235275;0.32133471965789795;0.07261659950017929;0.43557462096214294
32;1;3;0.7154208210316639;0.14639621850679552;0.6227858066558838;0.63356614112854;0.6866556406021118;0.6848535537719727;0.2501503825187683;0.24251922965049744;-0.2788788378238678;0.18388530611991882
33;1;1;0.5979128493457502;0.14465219514041694;0.6161433458328247;0.6376009583473206;0.6861472725868225;0.6842073798179626;0.03305291756987572;0.30566588044166565;-0.39538297057151794;0.19938646256923676
33;1;2;0.7783253148516707;0.15230214231480188;0.6161433458328247;0.6376009583473206;0.6861472725868225;0.6842073798179626;-0.03184976801276207;0.32297778129577637;0.07658704370260239;0.4381624162197113
33;1;3;0.7206395484807198;0.14667673142148985;0.6161433458328247;0.6376009583473206;0.6861472725868225;0.6842073798179626;0.2522658705711365;0.24507524073123932;-0.2820061147212982;0.17946267127990723
34;1;1;0.6098845613791948;0.1478624560017756;0.6095007658004761;0.6355563998222351;0.6855951547622681;0.6835132241249084;0.03324173018336296;0.30781713128089905;-0.3941009044647217;0.20177561044692993
34;1;2;0.7852643867383851;0.15362469544735635;0.6095007658004761;0.6355563998222351;0.6855951547622681;0.6835132241249084;-0.03367418795824051;0.3246776759624481;0.0806269645690918;0.44083887338638306
34;1;3;0.7358525893624641;0.14519090016350011;0.6095007658004761;0.6355563998222351;0.6855951547622681;0.6835132241249084;0.25456005334854126;0.24784715473651886;-0.28551793098449707;0.17449621856212616
35;1;1;0.6220315620212995;0.14856487569576138;0.6095007658004761;0.6331265568733215;0.684998631477356;0.6827759146690369;0.033492278307676315;0.3101474940776825;-0.39273175597190857;0.20428240299224854
35;1;2;0.8042009746917422;0.15411582244516397;0.6095007658004761;0.6331265568733215;0.684998631477356;0.6827759146690369;-0.0354933999478817;0.32643985748291016;0.08471080660820007;0.4436076581478119
35;1;3;0.7328816495236428;0.14645379624791977;0.6095007658004761;0.6331265568733215;0.684998631477356;0.6827759146690369;0.2570355236530304;0.25084197521209717;-0.28941771388053894;0.16898109018802643
36;1;1;0.6305650074949378;0.14392670734537516;0.5962157845497131;0.6315511465072632;0.6843673586845398;0.6819908618927002;0.033806394785642624;0.31265583634376526;-0.39129018783569336;0.20689153671264648
36;1;2;0.8234282077018298;0.15310050630570782;0.5962157845497131;0.6315511465072632;0.6843673586845398;0.6819908618927002;-0.03731425479054451;0.3282700479030609;0.08881829679012299;0.44647321105003357
36;1;3;0.7511110977734567;0.1476601741554444;0.5962157845497131;0.6315511465072632;0.6843673586845398;0.6819908618927002;0.25969600677490234;0.25406694412231445;-0.29370224475860596;0.16292184591293335
37;1;1;0.6788678556374252;0.1410325908492882;0.5962157845497131;0.6288645267486572;0.6836872100830078;0.6811611652374268;0.03418723866343498;0.31533873081207275;-0.38980188965797424;0.20956897735595703
37;1;2;0.8628281053602729;0.15280199378989634;0.5962157845497131;0.6288645267486572;0.6836872100830078;0.6811611652374268;-0.03914299234747887;0.3301742374897003;0.09293380379676819;0.4494403302669525
37;1;3;0.7618885519611389;0.14691680527273254;0.5962157845497131;0.6288645267486572;0.6836872100830078;0.6811611652374268;0.26254624128341675;0.25752922892570496;-0.29836219549179077;0.15633168816566467
38;1;1;0.6829293844151971;0.13885939763126953;0.6026569604873657;0.6251975297927856;0.6829392313957214;0.6802862286567688;0.034624796360731125;0.31819212436676025;-0.38830432295799255;0.21225985884666443
38;1;2;0.8728238636746548;0.15326123658930824;0.6026569604873657;0.6251975297927856;0.6829392313957214;0.6802862286567688;-0.04098529368638992;0.33215826749801636;0.09704606980085373;0.45251503586769104
38;1;3;0.7836157601908518;0.1493934759697173;0.6026569604873657;0.6251975297927856;0.6829392313957214;0.6802862286567688;0.2655915319919586;0.2612360417842865;-0.3033827543258667;0.14923155307769775
39;1;1;0.6824430186036876;0.14234827219526136;0.5962157845497131;0.6236789226531982;0.6821320056915283;0.6793631911277771;0.035125017166137695;0.3212168514728546;-0.3868110179901123;0.21494346857070923
39;1;2;0.8771232818448285;0.15361966317726417;0.5962157845497131;0.6236789226531982;0.6821320056915283;0.6793631911277771;-0.04284633323550224;0.3342280685901642;0.10114716738462448;0.4557039439678192
39;1;3;0.8140233820640361;0.15350105913405443;0.5962157845497131;0.6236789226531982;0.6821320056915283;0.6793631911277771;0.26883772015571594;0.2651944160461426;-0.30874523520469666;0.14164786040782928
40;1;1;0.6871041207294439;0.14172958115009182;0.5897746086120605;0.6249950528144836;0.6812772750854492;0.678385853767395;0.03567792847752571;0.3244016170501709;-0.3853241205215454;0.21761690080165863
40;1;2;0.883464912235592;0.1549679053830384;0.5897746086120605;0.6249950528144836;0.6812772750854492;0.678385853767395;-0.04472454637289047;0.33637991547584534;0.10528135299682617;0.45905226469039917
40;1;3;0.8356009631799317;0.154007212779403;0.5897746086120605;0.6249950528144836;0.6812772750854492;0.678385853767395;0.27229076623916626;0.26941144466400146;-0.31442850828170776;0.13361045718193054
41;1;1;0.701118488639799;0.14306880973579372;0.5954106450080872;0.6227602958679199;0.6803830862045288;0.6773531436920166;0.03627389669418335;0.327748566865921;-0.3838675916194916;0.22024184465408325
41;1;2;0.8939977022819843;0.15326145828513615;0.5954106450080872;0.6227602958679199;0.6803830862045288;0.6773531436920166;-0.046624790877103806;0.3386198878288269;0.1094394326210022;0.4625674784183502
41;1;3;0.8406969220242484;0.1551529807084857;0.5954106450080872;0.6227602958679199;0.6803830862045288;0.6773531436920166;0.27595633268356323;0.2738935947418213;-0.3204120397567749;0.1251484900712967
42;1;1;0.7097902461056949;0.1443118864954256;0.5833333134651184;0.6222368478775024;0.6794371604919434;0.6762692332267761;0.036907684057950974;0.33123883605003357;-0.3824635446071625;0.22278134524822235
42;1;2;0.9240676312161584;0.15723786289063657;0.5833333134651184;0.6222368478775024;0.6794371604919434;0.6762692332267761;-0.04854290187358856;0.3409416377544403;0.11367052793502808;0.46630415320396423
42;1;3;0.8317663939845925;0.1557311738088325;0.5833333134651184;0.6222368478775024;0.6794371604919434;0.6762692332267761;0.27983877062797546;0.278646320104599;-0.32667720317840576;0.11628823727369308
43;1;1;0.7172874977699406;0.14436370454083214;0.5756843686103821;0.6196341514587402;0.6784964799880981;0.6751360297203064;0.03757617622613907;0.33485230803489685;-0.3811616003513336;0.22515179216861725
43;1;2;0.9388123040256078;0.15437349399112588;0.5756843686103821;0.6196341514587402;0.6784964799880981;0.6751360297203064;-0.0504763126373291;0.3433396518230438;0.11801010370254517;0.470309317111969
43;1;3;0.850637784094932;0.15212054478742232;0.5756843686103821;0.6196341514587402;0.6784964799880981;0.6751360297203064;0.2839404344558716;0.28367292881011963;-0.33321014046669006;0.10704924166202545
44;1;1;0.7169301964645518;0.14513945752877233;0.5752817988395691;0.615315318107605;0.677536129951477;0.6739642024040222;0.038266103714704514;0.338570237159729;-0.3800292909145355;0.22723717987537384
44;1;2;0.9342801260473017;0.15201954892599545;0.5752817988395691;0.615315318107605;0.677536129951477;0.6739642024040222;-0.05242052674293518;0.34580910205841064;0.12248116731643677;0.4746209681034088
44;1;3;0.8959349716141425;0.14646976895721098;0.5752817988395691;0.615315318107605;0.677536129951477;0.6739642024040222;0.2882603704929352;0.2889740467071533;-0.3400041162967682;0.09744111448526382
45;1;1;0.7199454411585986;0.14596599094300555;0.5688405632972717;0.6149572134017944;0.676561713218689;0.6727520227432251;0.038981109857559204;0.34239503741264343;-0.37906768918037415;0.22903074324131012
45;1;2;0.9690417387947035;0.15433446152475927;0.5688405632972717;0.6149572134017944;0.676561713218689;0.6727520227432251;-0.0543770007789135;0.34835225343704224;0.12706579267978668;0.47923707962036133
45;1;3;0.8928771822132546;0.1505147797070503;0.5688405632972717;0.6149572134017944;0.676561713218689;0.6727520227432251;0.292793869972229;0.2945467531681061;-0.34706151485443115;0.08746044337749481
46;1;1;0.7321181323798136;0.1480418850452796;0.5636070966720581;0.6133571267127991;0.6755766272544861;0.6714984774589539;0.0397164486348629;0.3463122546672821;-0.37830737233161926;0.23047706484794617
46;1;2;0.9702307207728893;0.15629492497154374;0.5636070966720581;0.6133571267127991;0.6755766272544861;0.6714984774589539;-0.05633958801627159;0.35096293687820435;0.13177935779094696;0.4841749966144562
46;1;3;0.9000637306154946;0.14926167716914973;0.5636070966720581;0.6133571267127991;0.6755766272544861;0.6714984774589539;0.2975325584411621;0.3003847301006317;-0.3543931245803833;0.0770919993519783
47;1;1;0.7406200549731272;0.1476016466180119;0.5632045269012451;0.6123669147491455;0.6746749877929688;0.6702371835708618;0.04047340154647827;0.35028260946273804;-0.3777867257595062;0.23150774836540222
47;1;2;0.9883328623783783;0.16005773661030087;0.5632045269012451;0.6123669147491455;0.6746749877929688;0.6702371835708618;-0.05829090252518654;0.3536214828491211;0.13669243454933167;0.4894813597202301
47;1;3;0.9195559583499948;0.1505657647013785;0.5632045269012451;0.6123669147491455;0.6746749877929688;0.6702371835708618;0.30246222019195557;0.30647730827331543;-0.36201906204223633;0.06630725413560867
48;1;1;0.750539389698063;0.14785019938181287;0.5632045269012451;0.6112680435180664;0.6737887263298035;0.6690018773078918;0.04125552996993065;0.3542707562446594;-0.37754306197166443;0.23205699026584625
48;1;2;0.9726663228511256;0.1531805182523751;0.5632045269012451;0.6112680435180664;0.6737887263298035;0.6690018773078918;-0.06021629273891449;0.3563089668750763;0.14185458421707153;0.4951688051223755
48;1;3;0.913785783504256;0.15397988894528236;0.5632045269012451;0.6112680435180664;0.6737887263298035;0.6690018773078918;0.3075607717037201;0.3128082752227783;-0.3699708580970764;0.055061716586351395
49;1;1;0.7507402613184366;0.14682223500015246;0.5623993277549744;0.6113939881324768;0.6728941202163696;0.6677625179290771;0.04206910729408264;0.3582637310028076;-0.37758076190948486;0.23211631178855896
49;1;2;0.9761924329703984;0.15416844295660326;0.5623993277549744;0.6113939881324768;0.6728941202163696;0.6677625179290771;-0.06211110204458237;0.359017014503479;0.14725348353385925;0.5011921525001526
49;1;3;0.909824533525299;0.1543586842939626;0.5623993277549744;0.6113939881324768;0.6728941202163696;0.6677625179290771;0.3128015398979187;0.31935587525367737;-0.3782898187637329;0.04329695180058479
50;1;1;0.7573560320251778;0.14613407564141534;0.5623993277549744;0.6114581823348999;0.6719862222671509;0.6665149331092834;0.04290458559989929;0.3622311055660248;-0.3779214918613434;0.2316502034664154
50;1;2;0.943133677328186;0.155918064222357;0.5623993277549744;0.6114581823348999;0.6719862222671509;0.6665149331092834;-0.0639641210436821;0.36172738671302795;0.15291351079940796;0.5075297355651855
50;1;3;0.9093094604634615;0.15430077761880945;0.5623993277549744;0.6114581823348999;0.6719862222671509;0.6665149331092834;0.31815463304519653;0.32609322667121887;-0.3870238959789276;0.030945101752877235
51;1;1;0.7597330038541275;0.14646713057557648;0.5628018975257874;0.6112779378890991;0.6710774302482605;0.6652519106864929;0.04376503825187683;0.36615481972694397;-0.37857934832572937;0.23063839972019196
51;1;2;0.9179812795301192;0.15756445942817843;0.5628018975257874;0.6112779378890991;0.6710774302482605;0.6652519106864929;-0.06577082723379135;0.36442938446998596;0.15881407260894775;0.5141239166259766
51;1;3;0.9141685238810542;0.1553712663410738;0.5628018975257874;0.6112779378890991;0.6710774302482605;0.6652519106864929;0.3235882520675659;0.33298856019973755;-0.396226167678833;0.017931144684553146
52;1;1;0.7563637418179887;0.14682223500015246;0.5628018975257874;0.6105420589447021;0.67014479637146;0.6639685034751892;0.04465378075838089;0.3700392544269562;-0.37956175208091736;0.22907519340515137
52;1;2;0.9327919604217607;0.15984051825428747;0.5628018975257874;0.6105420589447021;0.67014479637146;0.6639685034751892;-0.06753470003604889;0.3671261668205261;0.16488078236579895;0.5208619832992554
52;1;3;0.914420536592317;0.1534189473879497;0.5628018975257874;0.6105420589447021;0.67014479637146;0.6639685034751892;0.3290698528289795;0.34000635147094727;-0.4059518277645111;0.004176963586360216
53;1;1;0.7523466384825133;0.1472001412469457;0.5628018975257874;0.6090012788772583;0.6691573262214661;0.6626439094543457;0.04559533670544624;0.3738867938518524;-0.3808947205543518;0.22692696750164032
53;1;2;0.9507458219373595;0.16300755142098122;0.5628018975257874;0.6090012788772583;0.6691573262214661;0.6626439094543457;-0.0692618265748024;0.36982297897338867;0.17102353274822235;0.5276322364807129
53;1;3;0.9163734677489774;0.15549548512090183;0.5628018975257874;0.6090012788772583;0.6691573262214661;0.6626439094543457;0.3345685601234436;0.3471100330352783;-0.41625240445137024;0.010390251874923706
54;1;1;0.7402869687811444;0.14375622124254184;0.5619967579841614;0.611223578453064;0.6681033372879028;0.6612755060195923;0.04658394679427147;0.3777017891407013;-0.3825293183326721;0.22428923845291138
54;1;2;0.9597993116627972;0.1557131498513633;0.5619967579841614;0.611223578453064;0.6681033372879028;0.6612755060195923;-0.07095398008823395;0.3725207448005676;0.17718641459941864;0.5343471169471741
54;1;3;0.9137255511520417;0.15658099648488344;0.5619967579841614;0.611223578453064;0.6681033372879028;0.6612755060195923;0.34005650877952576;0.3542637228965759;-0.4271712899208069;0.025831887498497963
55;1;1;0.7195630612426109;0.14621346788872636;0.5579710006713867;0.6116952300071716;0.6668962836265564;0.659870445728302;0.047628652304410934;0.381503701210022;-0.3844396471977234;0.22122050821781158
55;1;2;0.9579705236949891;0.1543564246206781;0.5579710006713867;0.6116952300071716;0.6668962836265564;0.659870445728302;-0.07262031733989716;0.3752322494983673;0.1832728385925293;0.5408900380134583
55;1;3;0.904419641529981;0.15526358250679761;0.5579710006713867;0.6116952300071716;0.6668962836265564;0.659870445728302;0.34551000595092773;0.3614344894886017;-0.43873870372772217;0.04219070076942444
56;1;1;0.708295786205495;0.14476372743879673;0.5579710006713867;0.6162857413291931;0.6655371189117432;0.6584282517433167;0.04873179271817207;0.38530391454696655;-0.3865228295326233;0.2179047167301178
56;1;2;0.9562532181013186;0.15570172886936362;0.5579710006713867;0.6162857413291931;0.6655371189117432;0.6584282517433167;-0.07426400482654572;0.3779592514038086;0.1892341822385788;0.5472063422203064
56;1;3;0.8995947145111263;0.1576474456921888;0.5579710006713867;0.6162857413291931;0.6655371189117432;0.6584282517433167;0.35091084241867065;0.36859482526779175;-0.45096611976623535;0.059482838958501816
57;1;1;0.7032243934458027;0.14517912120949994;0.5712560415267944;0.6159647703170776;0.6640690565109253;0.6569573283195496;0.04991672560572624;0.38910549879074097;-0.3887873589992523;0.2143428474664688
57;1;2;0.9423208854265628;0.15809006309982765;0.5712560415267944;0.6159647703170776;0.6640690565109253;0.6569573283195496;-0.07589076459407806;0.3807092607021332;0.19502052664756775;0.5532398819923401
57;1;3;0.8905937487758955;0.15630586496144172;0.5712560415267944;0.6159647703170776;0.6640690565109253;0.6569573283195496;0.3562471270561218;0.375724732875824;-0.463842511177063;0.07769282907247543
58;1;1;0.6978964490449231;0.14658270072168156;0.5785024166107178;0.6184142827987671;0.6625401377677917;0.6554355621337891;0.05117412284016609;0.3929212689399719;-0.391180157661438;0.21063488721847534
58;1;2;0.9392880899350002;0.15959330359858415;0.5785024166107178;0.6184142827987671;0.6625401377677917;0.6554355621337891;-0.07750419527292252;0.3834873139858246;0.20061442255973816;0.5589640140533447
58;1;3;0.8827625606303515;0.1547997175289475;0.5785024166107178;0.6184142827987671;0.6625401377677917;0.6554355621337891;0.3615144193172455;0.3828137516975403;-0.4773349463939667;0.09677401185035706
59;1;1;0.6987181600740335;0.14583588733211794;0.5785024166107178;0.6197131872177124;0.6609039306640625;0.653876006603241;0.052516140043735504;0.3967755138874054;-0.393664687871933;0.20685157179832458
59;1;2;0.9316005178829672;0.15657650956766567;0.5785024166107178;0.6197131872177124;0.6609039306640625;0.653876006603241;-0.07911339402198792;0.38630807399749756;0.20597901940345764;0.5643414258956909
59;1;3;0.8677881821134417;0.1547446393156049;0.5785024166107178;0.6197131872177124;0.6609039306640625;0.653876006603241;0.36671507358551025;0.3898610472679138;-0.49138927459716797;0.11664983630180359
60;1;1;0.6906568052547817;0.14445670157596413;0.5789049863815308;0.6202959418296814;0.6591391563415527;0.6522666811943054;0.053953081369400024;0.40067747235298157;-0.39623603224754333;0.2030135691165924
60;1;2;0.9146263164619199;0.15658042479998135;0.5789049863815308;0.6202959418296814;0.6591391563415527;0.6522666811943054;-0.08072450011968613;0.38918042182922363;0.21111398935317993;0.5693821310997009
60;1;3;0.8632382748897642;0.15423691106354864;0.5789049863815308;0.6202959418296814;0.6591391563415527;0.6522666811943054;0.37185925245285034;0.39687687158584595;-0.5059301853179932;0.13721373677253723
61;1;1;0.6801578151872691;0.14425047894911014;0.5853462219238281;0.6205379366874695;0.6572915315628052;0.650616466999054;0.05550121143460274;0.4046280086040497;-0.39890071749687195;0.19912590086460114
61;1;2;0.9013001210447307;0.15411993082777364;0.5853462219238281;0.6205379366874695;0.6572915315628052;0.650616466999054;-0.08234121650457382;0.3921099901199341;0.2160506695508957;0.5741228461265564
61;1;3;0.853668374505892;0.15464325857271444;0.5853462219238281;0.6205379366874695;0.6572915315628052;0.650616466999054;0.3769628405570984;0.4038805067539215;-0.520867109298706;0.15833783149719238
62;1;1;0.670965778991385;0.14276998285423992;0.5853462219238281;0.6215108633041382;0.6553791761398315;0.6489228010177612;0.05718047171831131;0.4086211323738098;-0.40165597200393677;0.19520914554595947
62;1;2;0.8873782043409362;0.15471176987675506;0.5853462219238281;0.6215108633041382;0.6553791761398315;0.6489228010177612;-0.08396504819393158;0.3950972557067871;0.2208443284034729;0.5786346197128296
62;1;3;0.851642293460146;0.1551029074744248;0.5853462219238281;0.6215108633041382;0.6553791761398315;0.6489228010177612;0.3820461928844452;0.4108983874320984;-0.5361011028289795;0.17988185584545135
63;1;1;0.6380803843872274;0.14798742302972534;0.5982286334037781;0.6268643140792847;0.6534431576728821;0.6472169756889343;0.05896130949258804;0.41266924142837524;-0.40439197421073914;0.19143171608448029
63;1;2;0.8832179983300987;0.1597523385626456;0.5982286334037781;0.6268643140792847;0.6534431576728821;0.6472169756889343;-0.08559240400791168;0.39813312888145447;0.22558817267417908;0.5830237865447998
63;1;3;0.8400357662662383;0.15462112157866814;0.5982286334037781;0.6268643140792847;0.6534431576728821;0.6472169756889343;0.38713154196739197;0.41796019673347473;-0.5515309572219849;0.2017030119895935
64;1;1;0.6311696299150862;0.15221915707353206;0.6042672991752625;0.6305313110351562;0.6515547633171082;0.6455422639846802;0.06084267050027847;0.4167974293231964;-0.40702953934669495;0.18790322542190552
64;1;2;0.8695627925536016;0.15609992640139847;0.6042672991752625;0.6305313110351562;0.6515547633171082;0.6455422639846802;-0.08722585439682007;0.4012216329574585;0.2303326576948166;0.587345540523529
64;1;3;0.8249886465059788;0.155573395540336;0.6042672991752625;0.6305313110351562;0.6515547633171082;0.6455422639846802;0.3922393321990967;0.4250941574573517;-0.5670603513717651;0.22366484999656677
65;1;1;0.6351888818647371;0.15449542860079468;0.6095008254051208;0.6344574689865112;0.6497669816017151;0.643893837928772;0.06281297653913498;0.4210382103919983;-0.4094826877117157;0.18472756445407867
65;1;2;0.8655972294156244;0.16242179259806777;0.6095008254051208;0.6344574689865112;0.6497669816017151;0.643893837928772;-0.08886855840682983;0.40436702966690063;0.23511521518230438;0.591647207736969
65;1;3;0.8121849344794301;0.15716920480804575;0.6095008254051208;0.6344574689865112;0.6497669816017151;0.643893837928772;0.39738744497299194;0.43232521414756775;-0.5826010704040527;0.245642751455307
66;1;1;0.6356730716920289;0.15303150863140447;0.6099033355712891;0.6376602649688721;0.6479669809341431;0.6422699689865112;0.06483370810747147;0.42537322640419006;-0.4117242991924286;0.181920126080513
66;1;2;0.834177803397945;0.16227049769276647;0.6099033355712891;0.6376602649688721;0.6479669809341431;0.6422699689865112;-0.09051170200109482;0.4075493812561035;0.24003778398036957;0.5960463881492615
66;1;3;0.795812505980205;0.1574259322937097;0.6099033355712891;0.6376602649688721;0.6479669809341431;0.6422699689865112;0.40258926153182983;0.4396723508834839;-0.5980777740478516;0.2675301730632782
67;1;1;0.6424286876494287;0.15192967127454748;0.6099033355712891;0.6386529207229614;0.6462392807006836;0.6406825184822083;0.06689602136611938;0.42976096272468567;-0.4137936234474182;0.17941220104694366
67;1;2;0.8322636371995102;0.16137612211870422;0.6099033355712891;0.6386529207229614;0.6462392807006836;0.6406825184822083;-0.0921468660235405;0.4107489287853241;0.24517977237701416;0.6006370186805725
67;1;3;0.7988379913794317;0.15860751475766666;0.6099033355712891;0.6386529207229614;0.6462392807006836;0.6406825184822083;0.4078514277935028;0.44714489579200745;-0.6134347319602966;0.28924816846847534
68;1;1;0.6282245111586802;0.15073902000575967;0.6103059649467468;0.6393937468528748;0.6445907950401306;0.6391079425811768;0.06898190826177597;0.4342040717601776;-0.41570577025413513;0.17716923356056213
68;1;2;0.836035125517717;0.15961809618603384;0.6103059649467468;0.6393937468528748;0.6445907950401306;0.6391079425811768;-0.09377574175596237;0.4139675498008728;0.25053009390830994;0.6054099798202515
68;1;3;0.7967420657442288;0.15867830669927452;0.6103059649467468;0.6393937468528748;0.6445907950401306;0.6391079425811768;0.4131717383861542;0.45473942160606384;-0.6286427974700928;0.3107556402683258
69;1;1;0.6220729950059001;0.1496468873034409;0.6103059649467468;0.6434162855148315;0.6430290937423706;0.6375633478164673;0.07107598334550858;0.4387255012989044;-0.41736990213394165;0.17527823150157928
69;1;2;0.8341030293221392;0.15970915009111275;0.6103059649467468;0.6434162855148315;0.6430290937423706;0.6375633478164673;-0.09539639949798584;0.4171992242336273;0.2560732364654541;0.610356867313385
69;1;3;0.8024498766719503;0.15814235723500536;0.6103059649467468;0.6434162855148315;0.6430290937423706;0.6375633478164673;0.4185391366481781;0.4624393880367279;-0.6436976194381714;0.3320463299751282
70;1;1;0.6233020052380951;0.15176562850611597;0.6103059649467468;0.6430408954620361;0.6415761709213257;0.636033296585083;0.07319342344999313;0.44329628348350525;-0.41885071992874146;0.17364463210105896
70;1;2;0.8289659067035133;0.15741647997644126;0.6103059649467468;0.6430408954620361;0.6415761709213257;0.636033296585083;-0.09700818359851837;0.42043977975845337;0.26176390051841736;0.6154448390007019
70;1;3;0.8029609815026593;0.15750303029614265;0.6103059649467468;0.6430408954620361;0.6415761709213257;0.636033296585083;0.4239358901977539;0.4702182114124298;-0.6586124897003174;0.35313913226127625
71;1;1;0.6201524218419587;0.15249975385486292;0.6165459156036377;0.641107439994812;0.6402486562728882;0.6345009803771973;0.07535518705844879;0.44783449172973633;-0.4202917218208313;0.17210006713867188
71;1;2;0.8295372452667529;0.15967330535398183;0.6165459156036377;0.641107439994812;0.6402486562728882;0.6345009803771973;-0.09860306233167648;0.4236692786216736;0.26758909225463867;0.6206756830215454
71;1;3;0.8021446393454905;0.15306221192944136;0.6165459156036377;0.641107439994812;0.6402486562728882;0.6345009803771973;0.4293390214443207;0.4780411720275879;-0.6734163165092468;0.37407493591308594
72;1;1;0.6144033597937204;0.15447184058997387;0.6165459156036377;0.6428655982017517;0.6390587687492371;0.6329861283302307;0.07760464400053024;0.4523504078388214;-0.4216573238372803;0.1706785261631012
72;1;2;0.8232799834856586;0.15841194688205196;0.6165459156036377;0.6428655982017517;0.6390587687492371;0.6329861283302307;-0.10018284618854523;0.42688995599746704;0.2734515368938446;0.6259549260139465
72;1;3;0.7998191094612395;0.15194701389132215;0.6165459156036377;0.6428655982017517;0.6390587687492371;0.6329861283302307;0.43471941351890564;0.48586392402648926;-0.6881557703018188;0.3949197232723236
73;1;1;0.6110787666671786;0.1544718405899741;0.6223832964897156;0.6444459557533264;0.6380388736724854;0.631487250328064;0.07992373406887054;0.4568474292755127;-0.4229324758052826;0.16938945651054382
73;1;2;0.8143499177876166;0.1596630461722297;0.6223832964897156;0.6444459557533264;0.6380388736724854;0.631487250328064;-0.10174614191055298;0.43009695410728455;0.27926790714263916;0.6312063932418823
73;1;3;0.8008461179574144;0.15452242728620158;0.6223832964897156;0.6444459557533264;0.6380388736724854;0.631487250328064;0.4400458037853241;0.4936385154724121;-0.7028825283050537;0.4157465100288391
74;1;1;0.6096942564234196;0.15282471053512392;0.6219807267189026;0.6437718868255615;0.6371509432792664;0.630018413066864;0.08230766654014587;0.46127742528915405;-0.4242086112499237;0.16813690960407257
74;1;2;0.8163641584524379;0.15832503331186043;0.6219807267189026;0.6437718868255615;0.6371509432792664;0.630018413066864;-0.10328683257102966;0.43327853083610535;0.28498804569244385;0.6363709568977356
74;1;3;0.8115812296529272;0.1565638647748191;0.6219807267189026;0.6437718868255615;0.6371509432792664;0.630018413066864;0.4452875554561615;0.5013176798820496;-0.7176451086997986;0.4366239011287689
75;1;1;0.6085359711881688;0.15282471053512392;0.6278180480003357;0.642756998538971;0.6363848447799683;0.6285547018051147;0.08480159938335419;0.4655674993991852;-0.425594300031662;0.16682003438472748
75;1;2;0.8185835920993112;0.1595597302100238;0.6278180480003357;0.642756998538971;0.6363848447799683;0.6285547018051147;-0.10479830950498581;0.4364170432090759;0.2905726134777069;0.6414250135421753
75;1;3;0.8059350714533267;0.15581744109196283;0.6278180480003357;0.642756998538971;0.6363848447799683;0.6285547018051147;0.4504172205924988;0.5088585615158081;-0.7324852347373962;0.4576110243797302
76;1;1;0.6254460153814403;0.1528247105351237;0.6282205581665039;0.6448682546615601;0.6357176899909973;0.6270853877067566;0.08740394562482834;0.4697108864784241;-0.4270615577697754;0.16547633707523346
76;1;2;0.8069424565949266;0.1614962984970254;0.6282205581665039;0.6448682546615601;0.6357176899909973;0.6270853877067566;-0.10627523809671402;0.43950003385543823;0.29598769545555115;0.6463342308998108
76;1;3;0.8099679195992824;0.1593599032764863;0.6282205581665039;0.6448682546615601;0.6357176899909973;0.6270853877067566;0.4554118514060974;0.5162243843078613;-0.7474378347396851;0.47875717282295227
77;1;1;0.6197988268402526;0.1528247105351237;0.6282205581665039;0.6450410485267639;0.6351131796836853;0.6256438493728638;0.09008300304412842;0.47372573614120483;-0.4286242127418518;0.16410426795482635
77;1;2;0.8137493102198112;0.15906917740031457;0.6282205581665039;0.6450410485267639;0.6351131796836853;0.6256438493728638;-0.10772136598825455;0.44253674149513245;0.3011523187160492;0.6510059833526611
77;1;3;0.8129849449154749;0.15285034994197844;0.6282205581665039;0.6450410485267639;0.6351131796836853;0.6256438493728638;0.46025320887565613;0.5233853459358215;-0.7625270485877991;0.5000965595245361
78;1;1;0.6358981036391693;0.15509314715286182;0.6282205581665039;0.6455522775650024;0.6345457434654236;0.6242335438728333;0.09279259294271469;0.47758999466896057;-0.4303160607814789;0.16268937289714813
78;1;2;0.8111242676766617;0.16215186453492914;0.6282205581665039;0.6455522775650024;0.6345457434654236;0.6242335438728333;-0.10913331806659698;0.4455147981643677;0.30605530738830566;0.6554480791091919
78;1;3;0.8110547754229875;0.15459476262414373;0.6282205581665039;0.6455522775650024;0.6345457434654236;0.6242335438728333;0.4649304747581482;0.530322790145874;-0.7777601480484009;0.5216394066810608
79;1;1;0.6382877206091742;0.15363561681878735;0.6282206177711487;0.6463523507118225;0.6340000629425049;0.6228654384613037;0.09550803899765015;0.4813246428966522;-0.4321206212043762;0.16126348078250885
79;1;2;0.7970708896302536;0.1583892287849804;0.6282206177711487;0.6463523507118225;0.6340000629425049;0.6228654384613037;-0.11051492393016815;0.4484408497810364;0.3106575906276703;0.6596217155456543
79;1;3;0.809502189713891;0.15622064701441118;0.6282206177711487;0.6463523507118225;0.6340000629425049;0.6228654384613037;0.46943944692611694;0.537027895450592;-0.7931298017501831;0.5433753728866577
80;1;1;0.6407590370794267;0.15509314715286204;0.6274154782295227;0.647354781627655;0.6334732174873352;0.6215335130691528;0.09818772226572037;0.48490145802497864;-0.43405279517173767;0.15983480215072632
80;1;2;0.7952926108912388;0.1513777895099353;0.6274154782295227;0.647354781627655;0.6334732174873352;0.6215335130691528;-0.1118585616350174;0.4512970745563507;0.3150210380554199;0.6635884046554565
80;1;3;0.8093573501722044;0.1578120365223734;0.6274154782295227;0.647354781627655;0.6334732174873352;0.6215335130691528;0.4737837016582489;0.5435038208961487;-0.8086122870445251;0.5652709007263184
81;1;1;0.6298910635115149;0.15170524759469983;0.6340579986572266;0.6469202041625977;0.6330324411392212;0.6202363967895508;0.10085797309875488;0.4883235692977905;-0.4361359179019928;0.15841145813465118
81;1;2;0.7859709083359716;0.1539085165589955;0.6340579986572266;0.6469202041625977;0.6330324411392212;0.6202363967895508;-0.11317172646522522;0.45409607887268066;0.31912344694137573;0.6673340201377869
81;1;3;0.7974614565399438;0.1550509557612587;0.6340579986572266;0.6469202041625977;0.6330324411392212;0.6202363967895508;0.47797244787216187;0.5497622489929199;-0.8241744637489319;0.5872791409492493
82;1;1;0.6253326930940508;0.15301852413258632;0.6264090538024902;0.6492809057235718;0.6324241757392883;0.6189590096473694;0.10352201759815216;0.49162647128105164;-0.4382793605327606;0.15707708895206451
82;1;2;0.7813993841048745;0.154090878987855;0.6264090538024902;0.6492809057235718;0.6324241757392883;0.6189590096473694;-0.114455945789814;0.4568394720554352;0.3229992091655731;0.6708930730819702
82;1;3;0.7892663202790731;0.15658241641082427;0.6264090538024902;0.6492809057235718;0.6324241757392883;0.6189590096473694;0.4820203185081482;0.5558233261108398;-0.8397746682167053;0.6093412041664124
83;1;1;0.6212305207415021;0.15301852413258654;0.6264090538024902;0.6494932770729065;0.6317378878593445;0.6176933646202087;0.10617692768573761;0.49482083320617676;-0.4404869079589844;0.1558445245027542
83;1;2;0.7823398807422706;0.15688156140018528;0.6264090538024902;0.6494932770729065;0.6317378878593445;0.6176933646202087;-0.11571542918682098;0.45953568816185;0.32668110728263855;0.6742936968803406
83;1;3;0.7853578430745101;0.15453461301955107;0.6264090538024902;0.6494932770729065;0.6317378878593445;0.6176933646202087;0.4859469532966614;0.561715304851532;-0.8553623557090759;0.6313855051994324
84;1;1;0.6172521350561784;0.1551387104316282;0.6264090538024902;0.6522244215011597;0.6310755610466003;0.6165024042129517;0.10877847671508789;0.4979601800441742;-0.4426513612270355;0.1547790914773941
84;1;2;0.7751814453592853;0.1583809266257452;0.6264090538024902;0.6522244215011597;0.6310755610466003;0.6165024042129517;-0.11695114523172379;0.46218547224998474;0.33022937178611755;0.6775949001312256
84;1;3;0.7803901325611653;0.15499950432137366;0.6264090538024902;0.6522244215011597;0.6310755610466003;0.6165024042129517;0.48977383971214294;0.5674691200256348;-0.8708837628364563;0.6533361077308655
85;1;1;0.6043712441120759;0.1537949380610597;0.6264090538024902;0.6532960534095764;0.6304492354393005;0.6153655648231506;0.11132214218378067;0.5010887384414673;-0.44472071528434753;0.15389566123485565
85;1;2;0.755271683689136;0.15796384606096092;0.6264090538024902;0.6532960534095764;0.6304492354393005;0.6153655648231506;-0.11817008256912231;0.4648034870624542;0.33366459608078003;0.6808131337165833
85;1;3;0.7803567457814449;0.1576704575647394;0.6264090538024902;0.6532960534095764;0.6304492354393005;0.6153655648231506;0.4935227334499359;0.573116660118103;-0.8862850666046143;0.6751168370246887
86;1;1;0.6036441508494272;0.15355052202593877;0.6328502893447876;0.6537207961082458;0.6299160718917847;0.6142836213111877;0.1138010248541832;0.5042262673377991;-0.4466850459575653;0.15318149328231812
86;1;2;0.753073963559121;0.15798021798866113;0.6328502893447876;0.6537207961082458;0.6299160718917847;0.6142836213111877;-0.11937659978866577;0.4674000144004822;0.3370234966278076;0.6839766502380371
86;1;3;0.7685014985192096;0.15670507030886593;0.6328502893447876;0.6537207961082458;0.6299160718917847;0.6142836213111877;0.4972148835659027;0.5786892771720886;-0.9015134572982788;0.6966530084609985
87;1;1;0.6000403439888586;0.15355052202593877;0.624597430229187;0.652812123298645;0.6293758153915405;0.6132529973983765;0.1162046417593956;0.5073257684707642;-0.4486302435398102;0.15259535610675812
87;1;2;0.7505988087731561;0.15960298422060815;0.624597430229187;0.652812123298645;0.6293758153915405;0.6132529973983765;-0.12056804448366165;0.4699692726135254;0.3403826355934143;0.6871562004089355
87;1;3;0.7524374221787182;0.1557779014544458;0.624597430229187;0.652812123298645;0.6293758153915405;0.6132529973983765;0.5008689761161804;0.5842142105102539;-0.9165223240852356;0.7178787589073181
88;1;1;0.6053569906963938;0.15552237032337968;0.6324477195739746;0.652609646320343;0.6286273002624512;0.612225353717804;0.11854579299688339;0.5104001760482788;-0.4505639970302582;0.15213356912136078
88;1;2;0.746083789566856;0.15716720675618912;0.6324477195739746;0.652609646320343;0.6286273002624512;0.612225353717804;-0.12175113707780838;0.4725247323513031;0.34373730421066284;0.6903499364852905
88;1;3;0.7428367123090309;0.15532909589519805;0.6324477195739746;0.652609646320343;0.6286273002624512;0.612225353717804;0.5044980645179749;0.5897108912467957;-0.9312805533409119;0.7387500405311584
89;1;1;0.6037988190975199;0.15407108576644646;0.6312399506568909;0.6529725790023804;0.6278834939002991;0.6112383008003235;0.12082564830780029;0.5134559273719788;-0.45247697830200195;0.15179644525051117
89;1;2;0.7506037888522252;0.15823888008456066;0.6312399506568909;0.6529725790023804;0.6278834939002991;0.6112383008003235;-0.12292695790529251;0.47506871819496155;0.34709984064102173;0.6935676336288452
89;1;3;0.7348515577110488;0.15549467274844697;0.6312399506568909;0.6529725790023804;0.6278834939002991;0.6112383008003235;0.508108377456665;0.5951884984970093;-0.9457731246948242;0.7592456340789795
90;1;1;0.5999509585778009;0.1530771320570996;0.6308373808860779;0.6527281999588013;0.6272161602973938;0.6102871298789978;0.12304820120334625;0.5164834856987;-0.4543922543525696;0.15157897770404816
90;1;2;0.7398900481403139;0.15405624246742633;0.6308373808860779;0.6527281999588013;0.6272161602973938;0.6102871298789978;-0.12409648299217224;0.47760361433029175;0.3504617214202881;0.696799635887146
90;1;3;0.7348390297818446;0.15455020010307674;0.6308373808860779;0.6527281999588013;0.6272161602973938;0.6102871298789978;0.5116997957229614;0.6006461977958679;-0.9600002765655518;0.7793658375740051
91;1;1;0.602091392132559;0.15262293974656926;0.6308373808860779;0.6541306972503662;0.6266475319862366;0.6093732714653015;0.1251819133758545;0.5195705890655518;-0.4562063217163086;0.15148428082466125
91;1;2;0.7381392777426203;0.1569655552074436;0.6308373808860779;0.6541306972503662;0.6266475319862366;0.6093732714653015;-0.12526756525039673;0.4801492691040039;0.35374897718429565;0.69996178150177
91;1;3;0.7271884544868552;0.15506903237389036;0.6308373808860779;0.6541306972503662;0.6266475319862366;0.6093732714653015;0.5152662396430969;0.6060745120048523;-0.9739755988121033;0.7991299629211426
92;1;1;0.6140268706750325;0.15508587678382146;0.6300322413444519;0.6540763974189758;0.6261281371116638;0.6085130572319031;0.1272050440311432;0.5227180123329163;-0.4579298496246338;0.1514948159456253
92;1;2;0.7308078476392783;0.15465306018146574;0.6300322413444519;0.6540763974189758;0.6261281371116638;0.6085130572319031;-0.12644100189208984;0.48270657658576965;0.35692986845970154;0.7030278444290161
92;1;3;0.7265715434754423;0.15493838139654237;0.6300322413444519;0.6540763974189758;0.6261281371116638;0.6085130572319031;0.518799901008606;0.6114610433578491;-0.9877146482467651;0.8185598850250244
93;1;1;0.6136401933173179;0.1573329666435308;0.6378824710845947;0.6530689001083374;0.625626266002655;0.6076796650886536;0.12914495170116425;0.5258810520172119;-0.4596318304538727;0.15160129964351654
93;1;2;0.7212967912038302;0.15333702956735618;0.6378824710845947;0.6530689001083374;0.625626266002655;0.6076796650886536;-0.1276160180568695;0.48527368903160095;0.35998421907424927;0.7059781551361084
93;1;3;0.7299516799677681;0.1540352200723385;0.6378824710845947;0.6530689001083374;0.625626266002655;0.6076796650886536;0.5222930908203125;0.6167936325073242;-1.0012321472167969;0.8376765251159668
94;1;1;0.617192087708041;0.15715630663551017;0.6374799013137817;0.6527725458145142;0.6250776648521423;0.6068482398986816;0.13102376461029053;0.5290327072143555;-0.4613438546657562;0.151804581284523
94;1;2;0.7293194907775176;0.15721777215896537;0.6374799013137817;0.6527725458145142;0.6250776648521423;0.6068482398986816;-0.1287907063961029;0.48784756660461426;0.3629031181335449;0.7087995409965515
94;1;3;0.7197077211140392;0.15480051703408648;0.6374799013137817;0.6527725458145142;0.6250776648521423;0.6068482398986816;0.5257394313812256;0.6220618486404419;-1.0145413875579834;0.856498658657074
95;1;1;0.6186970503525497;0.1573329666435308;0.6370773315429688;0.653444230556488;0.624555230140686;0.6060399413108826;0.1328306943178177;0.5322040915489197;-0.4630239009857178;0.15209738910198212
95;1;2;0.7321058366648447;0.15585320310751705;0.6370773315429688;0.653444230556488;0.624555230140686;0.6060399413108826;-0.12996673583984375;0.4904325604438782;0.3656567931175232;0.7114598751068115
95;1;3;0.7182596436334778;0.15662521869493062;0.6370773315429688;0.653444230556488;0.624555230140686;0.6060399413108826;0.5291334390640259;0.6272571086883545;-1.0276539325714111;0.8750426769256592
96;1;1;0.6207619852060109;0.1571563066355104;0.6370773315429688;0.6561259627342224;0.6240469813346863;0.6052848696708679;0.13454023003578186;0.5354403853416443;-0.4645552635192871;0.15244445204734802
96;1;2;0.7336998153592322;0.15751667594300178;0.6370773315429688;0.6561259627342224;0.6240469813346863;0.6052848696708679;-0.13113878667354584;0.4930150806903839;0.3682725429534912;0.7139933109283447
96;1;3;0.7106397637321855;0.15682125150447046;0.6370773315429688;0.6561259627342224;0.6240469813346863;0.6052848696708679;0.5324726700782776;0.6323749423027039;-1.0405749082565308;0.8933156132698059
97;1;1;0.6234728994015448;0.15698283613946962;0.636674702167511;0.6551036238670349;0.6235557198524475;0.6045730113983154;0.13616825640201569;0.5386843085289001;-0.4660283029079437;0.15284989774227142
97;1;2;0.7147447822286379;0.15814998489598842;0.636674702167511;0.6551036238670349;0.6235557198524475;0.6045730113983154;-0.13230443000793457;0.4955904483795166;0.3707689642906189;0.7164128422737122
97;1;3;0.711321072678949;0.15682125150447046;0.636674702167511;0.6551036238670349;0.6235557198524475;0.6045730113983154;0.5357578992843628;0.6374159455299377;-1.0533000230789185;0.9113116264343262
98;1;1;0.6234728994015448;0.15698283613946962;0.6370773315429688;0.6564074754714966;0.6230787634849548;0.6038733124732971;0.13771699368953705;0.5419454574584961;-0.46740004420280457;0.15329012274742126
98;1;2;0.710552600333827;0.15679704965101537;0.6370773315429688;0.6564074754714966;0.6230787634849548;0.6038733124732971;-0.1334603875875473;0.498150497674942;0.37317705154418945;0.7187519669532776
98;1;3;0.7112647505827931;0.15754465039561572;0.6370773315429688;0.6564074754714966;0.6230787634849548;0.6038733124732971;0.5389919281005859;0.6423841118812561;-1.0658214092254639;0.929019570350647
99;1;1;0.6216015238580148;0.15698283613946962;0.6370773315429688;0.6570765972137451;0.6226189136505127;0.6032096743583679;0.1391785591840744;0.5452269315719604;-0.4686625599861145;0.15374824404716492
99;1;2;0.7123631741905339;0.15617390910362539;0.6370773315429688;0.6570765972137451;0.6226189136505127;0.6032096743583679;-0.13460534811019897;0.5006920099258423;0.3755168914794922;0.7210290431976318
99;1;3;0.714695990594822;0.1580384929998293;0.6370773315429688;0.6570765972137451;0.6226189136505127;0.6032096743583679;0.5421783328056335;0.6472845077514648;-1.0781290531158447;0.9464252591133118
100;1;1;0.6216015238580148;0.15698283613946962;0.6366747617721558;0.6583804488182068;0.6221844553947449;0.6025747656822205;0.14054088294506073;0.5485460758209229;-0.46977511048316956;0.15419362485408783
100;1;2;0.7179059767978675;0.15764242534174233;0.6366747617721558;0.6583804488182068;0.6221844553947449;0.6025747656822205;-0.1357365846633911;0.5032095909118652;0.37781834602355957;0.7232685089111328
100;1;3;0.714021345223725;0.15814854159091807;0.6366747617721558;0.6583804488182068;0.6221844553947449;0.6025747656822205;0.5453206300735474;0.6521220207214355;-1.0902125835418701;0.9635138511657715
101;1;1;0.6279470734171921;0.15793703357435196;0.6366747617721558;0.6573655009269714;0.6217718124389648;0.6019681692123413;0.1418282836675644;0.5518341660499573;-0.4708450436592102;0.1546584665775299
101;1;2;0.72311813866183;0.15835695069336975;0.6366747617721558;0.6573655009269714;0.6217718124389648;0.6019681692123413;-0.1368521749973297;0.505698561668396;0.3801043927669525;0.7254922389984131
101;1;3;0.7144859238368682;0.1584602042641139;0.6366747617721558;0.6573655009269714;0.6217718124389648;0.6019681692123413;0.5484219789505005;0.6569012403488159;-1.1020610332489014;0.9802701473236084
102;1;1;0.6279470734171921;0.15793703357435196;0.6366747617721558;0.658047080039978;0.6213923692703247;0.6013764142990112;0.14303337037563324;0.5550859570503235;-0.471871942281723;0.1551380157470703
102;1;2;0.7120866947325624;0.15957020066860816;0.6366747617721558;0.658047080039978;0.6213923692703247;0.6013764142990112;-0.1379493772983551;0.5081531405448914;0.38239526748657227;0.7277157306671143
102;1;3;0.7135746949310837;0.15769592376746244;0.6366747617721558;0.658047080039978;0.6213923692703247;0.6013764142990112;0.5514826774597168;0.6616224050521851;-1.1136702299118042;0.9966880083084106
103;1;1;0.6236352942588361;0.1566450166650466;0.6366747617721558;0.6594002842903137;0.6210475564002991;0.6008155345916748;0.14415624737739563;0.558309018611908;-0.4728195369243622;0.15560926496982574
103;1;2;0.7072600606441313;0.15876507203304024;0.6366747617721558;0.6594002842903137;0.6210475564002991;0.6008155345916748;-0.13902486860752106;0.5105648040771484;0.3847043216228485;0.729955792427063
103;1;3;0.7135938400323534;0.15820446429828028;0.6366747617721558;0.6594002842903137;0.6210475564002991;0.6008155345916748;0.5544999241828918;0.6662806272506714;-1.1250433921813965;1.0127720832824707
104;1;1;0.6240608066748061;0.1566450166650466;0.6366747617721558;0.6594052314758301;0.6207374930381775;0.6002829074859619;0.14518751204013824;0.5614537000656128;-0.47375163435935974;0.15609945356845856
104;1;2;0.7013102198132355;0.15962697703668782;0.6366747617721558;0.6594052314758301;0.6207374930381775;0.6002829074859619;-0.14007383584976196;0.5129204988479614;0.3870461881160736;0.7322336435317993
104;1;3;0.7135938400323534;0.15820446429828028;0.6366747617721558;0.6594052314758301;0.6207374930381775;0.6002829074859619;0.5574676394462585;0.6708664298057556;-1.1361896991729736;1.0285354852676392
105;1;1;0.6240608066748061;0.1566450166650466;0.6366747617721558;0.6600817441940308;0.6204639673233032;0.5997785925865173;0.1461092084646225;0.5645079016685486;-0.4746757447719574;0.1566113531589508
105;1;2;0.7071195499619654;0.1594769774272624;0.6366747617721558;0.6600817441940308;0.6204639673233032;0.5997785925865173;-0.14109192788600922;0.5152111053466797;0.38941800594329834;0.7345423698425293
105;1;3;0.7135938400323534;0.15820446429828028;0.6366747617721558;0.6600817441940308;0.6204639673233032;0.5997785925865173;0.5603760480880737;0.6753642559051514;-1.147127628326416;1.044003963470459
106;1;1;0.6240608066748061;0.1566450166650466;0.6366747617721558;0.6600867509841919;0.6202192306518555;0.5992976427078247;0.14692352712154388;0.5674445033073425;-0.4756317734718323;0.1571677178144455
106;1;2;0.7027316994052324;0.15767970171237655;0.6366747617721558;0.6600867509841919;0.6202192306518555;0.5992976427078247;-0.14207762479782104;0.5174317359924316;0.3917882442474365;0.7368552088737488
106;1;3;0.7140366945339833;0.15800713797561716;0.6366747617721558;0.6600867509841919;0.6202192306518555;0.5992976427078247;0.563212513923645;0.6797541379928589;-1.1578822135925293;1.0592131614685059
107;1;1;0.6199219071093358;0.1553590228805759;0.6366747617721558;0.6600965857505798;0.6199924945831299;0.5988353490829468;0.14766570925712585;0.570325493812561;-0.47657471895217896;0.1577429324388504
107;1;2;0.7073656215016166;0.15794203560954823;0.6366747617721558;0.6600965857505798;0.6199924945831299;0.5988353490829468;-0.14304135739803314;0.5196123719215393;0.3940347135066986;0.7390245795249939
107;1;3;0.7129622133183444;0.1584491267983701;0.6366747617721558;0.6600965857505798;0.6199924945831299;0.5988353490829468;0.5659631490707397;0.6840143203735352;-1.1684824228286743;1.0742042064666748
108;1;1;0.6108218272257826;0.15407913943977825;0.6366747617721558;0.6607682704925537;0.6197512149810791;0.5983850359916687;0.14833258092403412;0.5731629729270935;-0.4774841368198395;0.15832234919071198
108;1;2;0.7073656215016166;0.15794203560954823;0.6366747617721558;0.6607682704925537;0.6197512149810791;0.5983850359916687;-0.14398303627967834;0.5217518210411072;0.39613136649131775;0.7410279512405396
108;1;3;0.7082567321307573;0.15867473956987244;0.6366747617721558;0.6607682704925537;0.6197512149810791;0.5983850359916687;0.5686201453208923;0.6881324052810669;-1.1789462566375732;1.089002251625061
109;1;1;0.6108218272257826;0.15407913943977825;0.6366747617721558;0.6597608327865601;0.6194843053817749;0.5979534387588501;0.1489643156528473;0.575874924659729;-0.478471577167511;0.15897855162620544
109;1;2;0.693772578177124;0.15503791479627593;0.6366747617721558;0.6597608327865601;0.6194843053817749;0.5979534387588501;-0.14489971101284027;0.5238427519798279;0.3980967402458191;0.7428846955299377
109;1;3;0.7041840967056938;0.1589109014017107;0.6366747617721558;0.6597608327865601;0.6194843053817749;0.5979534387588501;0.5711828470230103;0.6921072006225586;-1.1892776489257812;1.103613018989563
110;1;1;0.6079892633261803;0.152805459191391;0.6366747617721558;0.6595139503479004;0.6191995739936829;0.5975351929664612;0.14957036077976227;0.5784701108932495;-0.47953662276268005;0.15971750020980835
110;1;2;0.690533240994804;0.1575754184178637;0.6366747617721558;0.6595139503479004;0.6191995739936829;0.5975351929664612;-0.1457967460155487;0.5258908867835999;0.3999049663543701;0.7446003556251526
110;1;3;0.7041840967056938;0.1589109014017107;0.6366747617721558;0.6595139503479004;0.6191995739936829;0.5975351929664612;0.5736552476882935;0.6959444284439087;-1.1994738578796387;1.1180325746536255
111;1;1;0.608669403505048;0.15280545919139077;0.6366747617721558;0.6595139503479004;0.6188953518867493;0.5971285104751587;0.15015017986297607;0.5809454321861267;-0.4806888699531555;0.16055291891098022
111;1;2;0.6995584298413391;0.1580949193920671;0.6366747617721558;0.6595139503479004;0.6188953518867493;0.5971285104751587;-0.1466745138168335;0.5278968214988708;0.4015812277793884;0.7461977005004883
111;1;3;0.7013738299416117;0.15582435677597628;0.6366747617721558;0.6595139503479004;0.6188953518867493;0.5971285104751587;0.5760456323623657;0.6996569037437439;-1.2095253467559814;1.1322476863861084
112;1;1;0.608669403505048;0.15280545919139077;0.6366747617721558;0.6595139503479004;0.6185774207115173;0.5967329144477844;0.15070423483848572;0.58330237865448;-0.48193129897117615;0.16149497032165527
112;1;2;0.7013611620052318;0.1599324346650981;0.6366747617721558;0.6595139503479004;0.6185774207115173;0.5967329144477844;-0.14753368496894836;0.529862105846405;0.40315598249435425;0.7477048635482788
112;1;3;0.6983159148630245;0.15640185855072763;0.6366747617721558;0.6595139503479004;0.6185774207115173;0.5967329144477844;0.5783647894859314;0.7032606601715088;-1.2194204330444336;1.146241307258606
113;1;1;0.6059980743068607;0.15153808102038147;0.6366747617721558;0.6615288257598877;0.6182540059089661;0.5963582396507263;0.15124396979808807;0.5856177806854248;-0.48312240839004517;0.1624375283718109
113;1;2;0.6945932773123724;0.15887651021245208;0.6366747617721558;0.6615288257598877;0.6182540059089661;0.5963582396507263;-0.14837439358234406;0.531787633895874;0.4046662747859955;0.749153196811676
113;1;3;0.6983159148630245;0.15640185855072763;0.6366747617721558;0.6615288257598877;0.6182540059089661;0.5963582396507263;0.580623984336853;0.7067734599113464;-1.2291467189788818;1.1599963903427124
114;1;1;0.604892421712024;0.1515380810203817;0.6366747617721558;0.661533772945404;0.6179350018501282;0.5960029363632202;0.15177105367183685;0.5878762602806091;-0.4842837452888489;0.16339312493801117
114;1;2;0.6946983246723333;0.15734555253945937;0.6366747617721558;0.661533772945404;0.6179350018501282;0.5960029363632202;-0.14919595420360565;0.5336710214614868;0.4061577320098877;0.7505889534950256
114;1;3;0.6946671424091555;0.15689146848474556;0.6366747617721558;0.661533772945404;0.6179350018501282;0.5960029363632202;0.5828352570533752;0.7102136611938477;-1.2386903762817383;1.1734931468963623
115;1;1;0.604892421712024;0.1515380810203817;0.6288244724273682;0.6622029542922974;0.6176019310951233;0.5956646203994751;0.15229007601737976;0.5901032090187073;-0.4853757917881012;0.1643241047859192
115;1;2;0.6858208139859414;0.1566918807498947;0.6288244724273682;0.6622029542922974;0.6176019310951233;0.5956646203994751;-0.14999930560588837;0.5355142951011658;0.40765640139579773;0.7520362734794617
115;1;3;0.6946671424091555;0.15689146848474556;0.6288244724273682;0.6622029542922974;0.6176019310951233;0.5956646203994751;0.5850085616111755;0.7135965824127197;-1.2480411529541016;1.1867170333862305
116;1;1;0.604892421712024;0.1515380810203817;0.6288244724273682;0.6622104048728943;0.6172625422477722;0.5953392386436462;0.15279988944530487;0.5922906994819641;-0.48641547560691833;0.1652390956878662
116;1;2;0.6804641556210971;0.1569031657580804;0.6288244724273682;0.6622104048728943;0.6172625422477722;0.5953392386436462;-0.1507844626903534;0.5373179912567139;0.40918630361557007;0.7535141706466675
116;1;3;0.6941835212641294;0.15695592999664187;0.6288244724273682;0.6622104048728943;0.6172625422477722;0.5953392386436462;0.5871508121490479;0.7169328927993774;-1.2571935653686523;1.1996607780456543
117;1;1;0.6023920599840746;0.15027711029260526;0.6288244724273682;0.6611881256103516;0.6169573664665222;0.5950238108634949;0.1533288061618805;0.5943853855133057;-0.4874889552593231;0.16621263325214386
117;1;2;0.6836529505427231;0.15770137338188972;0.6288244724273682;0.6611881256103516;0.6169573664665222;0.5950238108634949;-0.151552215218544;0.5390838384628296;0.4107514023780823;0.7550264000892639
117;1;3;0.6941835212641294;0.15695592999664187;0.6288244724273682;0.6611881256103516;0.6169573664665222;0.5950238108634949;0.589264988899231;0.720227062702179;-1.2661495208740234;1.212326169013977
118;1;1;0.6023920599840746;0.15027711029260526;0.6288244724273682;0.6618696451187134;0.6166744232177734;0.5947166681289673;0.15387065708637238;0.596422016620636;-0.48854580521583557;0.1671992689371109
118;1;2;0.6767156284698146;0.15620843273344098;0.6288244724273682;0.6618696451187134;0.6166744232177734;0.5947166681289673;-0.15230362117290497;0.5408140420913696;0.4123368263244629;0.7565586566925049
118;1;3;0.6888509173973114;0.1569100939578396;0.6288244724273682;0.6618696451187134;0.6166744232177734;0.5947166681289673;0.5913490653038025;0.7234759330749512;-1.2749204635620117;1.224730372428894
119;1;1;0.6007328587339931;0.15009714115887807;0.6288244724273682;0.6625461578369141;0.6164160966873169;0.5944211483001709;0.15441957116127014;0.5984339118003845;-0.48953819274902344;0.1681506335735321
119;1;2;0.6767156284698146;0.15620843273344098;0.6288244724273682;0.6625461578369141;0.6164160966873169;0.5944211483001709;-0.15303976833820343;0.5425111055374146;0.41391727328300476;0.7580868601799011
119;1;3;0.685925476050242;0.157510905876993;0.6288244724273682;0.6625461578369141;0.6164160966873169;0.5944211483001709;0.5933980941772461;0.726671576499939;-1.2835240364074707;1.2368974685668945
120;1;1;0.593964468087882;0.14883925460410952;0.6288244724273682;0.6625461578369141;0.6161811351776123;0.5941387414932251;0.15497325360774994;0.600420355796814;-0.49047479033470154;0.16907037794589996
120;1;2;0.6767156284698146;0.15620843273344098;0.6288244724273682;0.6625461578369141;0.6161811351776123;0.5941387414932251;-0.15376149117946625;0.5441766977310181;0.41546720266342163;0.7595866322517395
120;1;3;0.6772811476682055;0.15704012813726909;0.6288244724273682;0.6625461578369141;0.6161811351776123;0.5941387414932251;0.5954064130783081;0.7298052906990051;-1.2919771671295166;1.2488521337509155
121;1;1;0.5924440454761246;0.1488392546041093;0.6288244724273682;0.6625511050224304;0.6159599423408508;0.5938656330108643;0.1555289477109909;0.6023792028427124;-0.49136534333229065;0.16996419429779053
121;1;2;0.6767156284698146;0.15620843273344098;0.6288244724273682;0.6625511050224304;0.6159599423408508;0.5938656330108643;-0.15446940064430237;0.5458122491836548;0.41696566343307495;0.7610380053520203
121;1;3;0.6772811476682055;0.15704012813726909;0.6288244724273682;0.6625511050224304;0.6159599423408508;0.5938656330108643;0.597369372844696;0.7328695058822632;-1.300295114517212;1.260615348815918
122;1;1;0.5924440454761246;0.1488392546041093;0.6209742426872253;0.6622029542922974;0.6157093048095703;0.5936017036437988;0.15609696507453918;0.6042879223823547;-0.4922471046447754;0.1708674281835556
122;1;2;0.6767156284698146;0.15620843273344098;0.6209742426872253;0.6622029542922974;0.6157093048095703;0.5936017036437988;-0.1551639288663864;0.5474185347557068;0.41840028762817383;0.7624290585517883
122;1;3;0.674851219989435;0.1572206220478911;0.6209742426872253;0.6622029542922974;0.6157093048095703;0.5936017036437988;0.5992843508720398;0.7358601689338684;-1.3084876537322998;1.2722015380859375
123;1;1;0.5924440454761246;0.1488392546041093;0.6209742426872253;0.6628918647766113;0.615454912185669;0.5933454036712646;0.15667220950126648;0.606175422668457;-0.4930759370326996;0.1717328131198883
123;1;2;0.6767156284698146;0.15620843273344098;0.6209742426872253;0.6628918647766113;0.615454912185669;0.5933454036712646;-0.1558454930782318;0.5489964485168457;0.4197666347026825;0.7637556195259094
123;1;3;0.6670573218932558;0.1580367729327481;0.6209742426872253;0.6628918647766113;0.615454912185669;0.5933454036712646;0.6011510491371155;0.7387765645980835;-1.316561222076416;1.2836192846298218
124;1;1;0.5924440454761246;0.1488392546041093;0.6209742426872253;0.6635783910751343;0.6152075529098511;0.5931010842323303;0.157260462641716;0.6080588102340698;-0.49381789565086365;0.17252066731452942
124;1;2;0.6738872923329726;0.15597040640217363;0.6209742426872253;0.6635783910751343;0.6152075529098511;0.5931010842323303;-0.156513512134552;0.5505450963973999;0.4210779070854187;0.7650271654129028
124;1;3;0.6640887964563822;0.15737774217671419;0.6209742426872253;0.6635783910751343;0.6152075529098511;0.5931010842323303;0.6029720306396484;0.7416226863861084;-1.3245155811309814;1.2948684692382812
125;1;1;0.5901248301369302;0.14758787378450067;0.6209742426872253;0.6635832786560059;0.6149790287017822;0.5928653478622437;0.15785503387451172;0.609926700592041;-0.49449583888053894;0.17325127124786377
125;1;2;0.6738801998854882;0.15594215888955354;0.6209742426872253;0.6635832786560059;0.6149790287017822;0.5928653478622437;-0.15716785192489624;0.5520642399787903;0.4223521947860718;0.7662609815597534
125;1;3;0.6640887964563822;0.15737774217671419;0.6209742426872253;0.6635832786560059;0.6149790287017822;0.5928653478622437;0.6047524809837341;0.7444064617156982;-1.3323447704315186;1.3059403896331787
126;1;1;0.5889169761949136;0.14758787378450067;0.6205716729164124;0.6635833382606506;0.6147686243057251;0.5926375389099121;0.1584489345550537;0.6117663383483887;-0.4951336085796356;0.17394788563251495
126;1;2;0.6738801998854882;0.15594215888955354;0.6205716729164124;0.6635833382606506;0.6147686243057251;0.5926375389099121;-0.157808318734169;0.5535528659820557;0.4236127734184265;0.7674795985221863
126;1;3;0.6640887964563822;0.15737774217671419;0.6205716729164124;0.6635833382606506;0.6147686243057251;0.5926375389099121;0.6064984798431396;0.7471374273300171;-1.3400399684906006;1.3168230056762695
127;1;1;0.5889169761949136;0.14758787378450067;0.6205716729164124;0.6635783910751343;0.6145767569541931;0.5924184322357178;0.15902933478355408;0.6135556101799011;-0.49576354026794434;0.1746446192264557
127;1;2;0.6734898215325993;0.15624130987363927;0.6205716729164124;0.6635783910751343;0.6145767569541931;0.5924184322357178;-0.15843325853347778;0.5550066232681274;0.4248902201652527;0.7687152028083801
127;1;3;0.665012198396842;0.1582398571892245;0.6205716729164124;0.6635783910751343;0.6145767569541931;0.5924184322357178;0.6082154512405396;0.749823808670044;-1.3475942611694336;1.327506422996521
128;1;1;0.5889169761949136;0.14758787378450067;0.6205716729164124;0.664252519607544;0.6144016981124878;0.5922089219093323;0.15959115326404572;0.6153172850608826;-0.49634990096092224;0.17530089616775513
128;1;2;0.6734898215325993;0.15624130987363927;0.6205716729164124;0.664252519607544;0.6144016981124878;0.5922089219093323;-0.159042626619339;0.5564253926277161;0.42619332671165466;0.7699759602546692
128;1;3;0.6653217976330055;0.15902189707429093;0.6205716729164124;0.664252519607544;0.6144016981124878;0.5922089219093323;0.6099058985710144;0.7524696588516235;-1.3550057411193848;1.337988018989563
129;1;1;0.5912361915341071;0.14883925460410974;0.6205716729164124;0.6649315357208252;0.6142563223838806;0.5920093655586243;0.16013698279857635;0.6170580387115479;-0.49687013030052185;0.17588922381401062
129;1;2;0.6734898215325993;0.15624130987363927;0.6205716729164124;0.6649315357208252;0.6142563223838806;0.5920093655586243;-0.15963511168956757;0.5578052997589111;0.4275320768356323;0.7712740898132324
129;1;3;0.6653217976330055;0.15902189707429093;0.6205716729164124;0.6649315357208252;0.6142563223838806;0.5920093655586243;0.6115697026252747;0.7550745606422424;-1.3622775077819824;1.3482718467712402
130;1;1;0.5881691278344823;0.14758787378450067;0.6205716729164124;0.6649340391159058;0.6141520142555237;0.591814398765564;0.16068996489048004;0.6188528537750244;-0.4972689747810364;0.17634418606758118
130;1;2;0.668718222003494;0.15621330907993825;0.6205716729164124;0.6649340391159058;0.6141520142555237;0.591814398765564;-0.16022156178951263;0.5591773986816406;0.4288158416748047;0.7724944353103638
130;1;3;0.6653217976330055;0.15902189707429093;0.6205716729164124;0.6649340391159058;0.6141520142555237;0.591814398765564;0.6132044196128845;0.7576347589492798;-1.3694162368774414;1.3583673238754272
131;1;1;0.5881691278344823;0.14758787378450067;0.6209742426872253;0.6649290919303894;0.6140815615653992;0.5916236639022827;0.16122813522815704;0.620657205581665;-0.49760350584983826;0.17672832310199738
131;1;2;0.6679607799742877;0.15649939145459024;0.6209742426872253;0.6649290919303894;0.6140815615653992;0.5916236639022827;-0.16079798340797424;0.5605309009552002;0.4300781190395355;0.7736769318580627
131;1;3;0.6634796698216876;0.15969660346469894;0.6209742426872253;0.6649290919303894;0.6140815615653992;0.5916236639022827;0.61481112241745;0.7601518034934998;-1.3764207363128662;1.3682732582092285
132;1;1;0.5881691278344823;0.14758787378450067;0.6209742426872253;0.6649266481399536;0.6140367984771729;0.5914409160614014;0.16174475848674774;0.6224430203437805;-0.49791333079338074;0.17708612978458405
132;1;2;0.6703309073317252;0.15699458486288975;0.6209742426872253;0.6649266481399536;0.6140367984771729;0.5914409160614014;-0.16136246919631958;0.5618613362312317;0.4313393533229828;0.774839460849762
132;1;3;0.6650391002781886;0.15996028515071403;0.6209742426872253;0.6649266481399536;0.6140367984771729;0.5914409160614014;0.6163914203643799;0.7626283168792725;-1.3832883834838867;1.3779855966567993
133;1;1;0.5881691278344823;0.14758787378450067;0.6213768124580383;0.6646870970726013;0.6140072345733643;0.5912641286849976;0.16223986446857452;0.6242133975028992;-0.49820882081985474;0.17742928862571716
133;1;2;0.6693155365841479;0.157274250941827;0.6213768124580383;0.6646870970726013;0.6140072345733643;0.5912641286849976;-0.16191916167736053;0.5631739497184753;0.4325709044933319;0.775977373123169
133;1;3;0.660338385797175;0.16025394245512992;0.6213768124580383;0.6646870970726013;0.6140072345733643;0.5912641286849976;0.6179461479187012;0.7650654315948486;-1.3900182247161865;1.3875030279159546
134;1;1;0.5922585482652982;0.14883925460410952;0.6292271018028259;0.6640129685401917;0.6139757633209229;0.5910963416099548;0.16270048916339874;0.6259145736694336;-0.4985780715942383;0.17786060273647308
134;1;2;0.6673671000295949;0.15693289015619616;0.6292271018028259;0.6640129685401917;0.6139757633209229;0.5910963416099548;-0.1624666154384613;0.5644652843475342;0.4337848424911499;0.7771017551422119
134;1;3;0.6578789361180482;0.1607323557778393;0.6292271018028259;0.6640129685401917;0.6139757633209229;0.5910963416099548;0.6194755434989929;0.7674636840820312;-1.3966102600097656;1.3968256711959839
135;1;1;0.5922585482652982;0.14883925460410952;0.6292271018028259;0.6640129685401917;0.6139252185821533;0.5909355878829956;0.1631239503622055;0.6275336146354675;-0.49903902411460876;0.17840296030044556
135;1;2;0.6659867805564481;0.15663373917211043;0.6292271018028259;0.6640129685401917;0.6139252185821533;0.5909355878829956;-0.16300392150878906;0.5657332539558411;0.43498191237449646;0.7782130241394043
135;1;3;0.6592589864950353;0.1615062922402064;0.6292271018028259;0.6640129685401917;0.6139252185821533;0.5909355878829956;0.6209778785705566;0.7698200941085815;-1.4030702114105225;1.405961275100708
136;1;1;0.5881691278344823;0.14758787378450067;0.6292271018028259;0.6646919846534729;0.6138660907745361;0.590779721736908;0.16351716220378876;0.6290951371192932;-0.49954405426979065;0.17900213599205017
136;1;2;0.6632671536090884;0.15634796056493938;0.6292271018028259;0.6646919846534729;0.6138660907745361;0.590779721736908;-0.163530632853508;0.56697678565979;0.43615150451660156;0.7793008089065552
136;1;3;0.6592695297834918;0.16124191798876364;0.6292271018028259;0.6646919846534729;0.6138660907745361;0.590779721736908;0.6224493384361267;0.7721285223960876;-1.4094083309173584;1.4149249792099
137;1;1;0.5881691278344823;0.14758787378450067;0.6213768124580383;0.6646919846534729;0.6137998104095459;0.5906296968460083;0.16387994587421417;0.6305932402610779;-0.5001024603843689;0.17967045307159424
137;1;2;0.6632671536090884;0.15634796056493938;0.6213768124580383;0.6646919846534729;0.6137998104095459;0.5906296968460083;-0.16404664516448975;0.568195641040802;0.43727970123291016;0.7803515791893005
137;1;3;0.6592695297834918;0.16124191798876364;0.6213768124580383;0.6646919846534729;0.6137998104095459;0.5906296968460083;0.6238855719566345;0.774382472038269;-1.4156370162963867;1.4237333536148071
138;1;1;0.5824072799149977;0.14634311863889127;0.6213768124580383;0.6646919846534729;0.6136910319328308;0.590484082698822;0.1642134189605713;0.632026195526123;-0.5007180571556091;0.18041440844535828
138;1;2;0.6632671536090884;0.15634796056493938;0.6213768124580383;0.6646919846534729;0.6136910319328308;0.590484082698822;-0.16455216705799103;0.5693902373313904;0.4383523464202881;0.781351625919342
138;1;3;0.6547284430097999;0.15875297804340627;0.6213768124580383;0.6646919846534729;0.6136910319328308;0.590484082698822;0.6252831220626831;0.7765762805938721;-1.4217677116394043;1.4324034452438354
139;1;1;0.5824072799149977;0.14634311863889127;0.6213768124580383;0.6646919846534729;0.6135475635528564;0.5903419256210327;0.1645197719335556;0.6333955526351929;-0.5013898015022278;0.1812347024679184
139;1;2;0.6632671536090884;0.15634796056493938;0.6213768124580383;0.6646919846534729;0.6135475635528564;0.5903419256210327;-0.16504764556884766;0.5705617070198059;0.43935856223106384;0.782290518283844
139;1;3;0.6547284430097999;0.15875297804340627;0.6213768124580383;0.6646919846534729;0.6135475635528564;0.5903419256210327;0.6266397833824158;0.7787063717842102;-1.4278104305267334;1.4409492015838623
140;1;1;0.5800250040834882;0.1451051171971509;0.6213768124580383;0.6646920442581177;0.6133658289909363;0.5902029871940613;0.16480207443237305;0.6347059011459351;-0.5021125674247742;0.1821269989013672
140;1;2;0.6632671536090884;0.15634796056493938;0.6213768124580383;0.6646920442581177;0.6133658289909363;0.5902029871940613;-0.16553370654582977;0.5717114210128784;0.44029316306114197;0.7831630706787109
140;1;3;0.6547178997213425;0.1590173522948488;0.6213768124580383;0.6646920442581177;0.6133658289909363;0.5902029871940613;0.6279555559158325;0.780772864818573;-1.4337718486785889;1.4493799209594727
141;1;1;0.5842579164396895;0.14491443162024975;0.6213768124580383;0.6646870970726013;0.613146185874939;0.5900669097900391;0.16506411135196686;0.6359642148017883;-0.5028777122497559;0.1830824911594391
141;1;2;0.6659867805564481;0.15663373917211043;0.6213768124580383;0.6646870970726013;0.613146185874939;0.5900669097900391;-0.16601118445396423;0.5728413462638855;0.44115814566612244;0.7839710712432861
141;1;3;0.6547178997213425;0.1590173522948488;0.6213768124580383;0.6646870970726013;0.613146185874939;0.5900669097900391;0.6292328238487244;0.7827793955802917;-1.43965482711792;1.4577000141143799
142;1;1;0.5834242888969321;0.14491443162024975;0.6131240129470825;0.6646920442581177;0.6128639578819275;0.5899338126182556;0.1653101146221161;0.6371791958808899;-0.5036744475364685;0.18408897519111633
142;1;2;0.6696561330285551;0.15747475550737589;0.6131240129470825;0.6646920442581177;0.6128639578819275;0.5899338126182556;-0.16648104786872864;0.5739536881446838;0.44196218252182007;0.7847225666046143
142;1;3;0.6547178997213425;0.1590173522948488;0.6131240129470825;0.6646920442581177;0.6128639578819275;0.5899338126182556;0.6304761171340942;0.7847329378128052;-1.4454593658447266;1.4659085273742676
143;1;1;0.5824452616171163;0.14491443162024975;0.6131240129470825;0.664696991443634;0.6125231981277466;0.5898038744926453;0.16554459929466248;0.6383605599403381;-0.5044901967048645;0.18513160943984985
143;1;2;0.6673184578495182;0.1568740355632392;0.6131240129470825;0.664696991443634;0.6125231981277466;0.5898038744926453;-0.166944220662117;0.5750507712364197;0.44271907210350037;0.7854304909706116
143;1;3;0.6510359070892733;0.15751425062882385;0.6131240129470825;0.664696991443634;0.6125231981277466;0.5898038744926453;0.6316914558410645;0.7866430878639221;-1.4511816501617432;1.474001407623291
144;1;1;0.5875641458083347;0.14472745739802817;0.6203703880310059;0.664696991443634;0.6121910810470581;0.5896773338317871;0.16577206552028656;0.6395186185836792;-0.5053117871284485;0.18619386851787567
144;1;2;0.6673999176910321;0.15748702726935182;0.6203703880310059;0.664696991443634;0.6121910810470581;0.5896773338317871;-0.16740167140960693;0.5761349201202393;0.4434451460838318;0.7861101627349854
144;1;3;0.6510364496171208;0.1574776773995996;0.6203703880310059;0.664696991443634;0.6121910810470581;0.5896773338317871;0.6328856348991394;0.788520336151123;-1.456817626953125;1.4819718599319458
145;1;1;0.5875641458083347;0.14472745739802817;0.6199678182601929;0.6647019386291504;0.611873209476471;0.5895545482635498;0.16599689424037933;0.6406634449958801;-0.5061261057853699;0.18725863099098206
145;1;2;0.6612433516421081;0.15600090585698023;0.6199678182601929;0.6647019386291504;0.611873209476471;0.5895545482635498;-0.1678544133901596;0.5772082805633545;0.4441559314727783;0.7867764234542847
145;1;3;0.6453612334425589;0.15718572485304172;0.6199678182601929;0.6647019386291504;0.611873209476471;0.5895545482635498;0.6340650320053101;0.7903748154640198;-1.4623630046844482;1.4898139238357544
146;1;1;0.5875641458083347;0.14472745739802817;0.6199678182601929;0.6647019386291504;0.6115608811378479;0.5894353985786438;0.16622310876846313;0.6418046355247498;-0.5069209933280945;0.18830905854701996
146;1;2;0.6622587223896854;0.15572123977804297;0.6199678182601929;0.6647019386291504;0.6115608811378479;0.5894353985786438;-0.1683032065629959;0.5782727599143982;0.44486403465270996;0.7874409556388855
146;1;3;0.6453612334425589;0.15718572485304172;0.6199678182601929;0.6647019386291504;0.6115608811378479;0.5894353985786438;0.6352351903915405;0.7922149896621704;-1.4678144454956055;1.4975234270095825
147;1;1;0.5875641458083347;0.14472745739802817;0.6199678182601929;0.6647019386291504;0.6112640500068665;0.58931964635849;0.1664542853832245;0.6429502964019775;-0.5076856017112732;0.18932972848415375
147;1;2;0.6627169311690908;0.15546407270101126;0.6199678182601929;0.6647019386291504;0.6112640500068665;0.58931964635849;-0.16874881088733673;0.5793302059173584;0.44557738304138184;0.7881113290786743
147;1;3;0.643012010339544;0.15928460627394436;0.6199678182601929;0.6647019386291504;0.6112640500068665;0.58931964635849;0.6363996863365173;0.7940467596054077;-1.4731712341308594;1.5050994157791138
148;1;1;0.5875641458083347;0.14472745739802817;0.6199678182601929;0.6646969318389893;0.6109897494316101;0.5892073512077332;0.166693314909935;0.6441072225570679;-0.5084113478660583;0.19030772149562836
148;1;2;0.6627169311690908;0.15546407270101126;0.6199678182601929;0.6646969318389893;0.6109897494316101;0.5892073512077332;-0.16919177770614624;0.5803819298744202;0.4462984502315521;0.7887896299362183
148;1;3;0.6400584216554526;0.15989479320601463;0.6199678182601929;0.6646969318389893;0.6109897494316101;0.5892073512077332;0.6375606060028076;0.79587322473526;-1.4784352779388428;1.5125435590744019
149;1;1;0.5837063504376321;0.15068619248152704;0.6199678182601929;0.6653760075569153;0.6107426881790161;0.5891017317771912;0.16695202887058258;0.6453139781951904;-0.5090323686599731;0.1911514848470688
149;1;2;0.6627169311690908;0.15546407270101126;0.6199678182601929;0.6653760075569153;0.6107426881790161;0.5891017317771912;-0.16963250935077667;0.5814287662506104;0.4470255374908447;0.7894744277000427
149;1;3;0.637194117689301;0.16062714574332304;0.6199678182601929;0.6653760075569153;0.6107426881790161;0.5891017317771912;0.63871830701828;0.797694981098175;-1.483609676361084;1.5198612213134766
150;1;1;0.5837063504376321;0.15068619248152704;0.6199678182601929;0.6653710603713989;0.6105495095252991;0.5889981985092163;0.1672297567129135;0.6465661525726318;-0.5095564723014832;0.19186851382255554
150;1;2;0.6627169311690908;0.15546407270101126;0.6199678182601929;0.6653710603713989;0.6105495095252991;0.5889981985092163;-0.17007097601890564;0.5824707746505737;0.44775962829589844;0.7901663780212402
150;1;3;0.637194117689301;0.16062714574332304;0.6199678182601929;0.6653710603713989;0.6105495095252991;0.5889981985092163;0.6398729085922241;0.7995122075080872;-1.488696813583374;1.5270558595657349
151;1;1;0.5824424543599083;0.1505616214838752;0.6199678182601929;0.6653710603713989;0.6104068756103516;0.5888960361480713;0.16752439737319946;0.6478545069694519;-0.5099973082542419;0.19247514009475708
151;1;2;0.6627169311690908;0.15546407270101126;0.6199678182601929;0.6653710603713989;0.6104068756103516;0.5888960361480713;-0.17050676047801971;0.5835068821907043;0.448502779006958;0.7908676266670227
151;1;3;0.6360748911092058;0.15790253756538775;0.6199678182601929;0.6653710603713989;0.6104068756103516;0.5888960361480713;0.6410242319107056;0.8013245463371277;-1.4936983585357666;1.5341287851333618
152;1;1;0.5824424543599083;0.1505616214838752;0.6199678182601929;0.6653760075569153;0.6103097200393677;0.5887953639030457;0.1678326278924942;0.6491666436195374;-0.510373055934906;0.19299457967281342
152;1;2;0.6627169311690908;0.15546407270101126;0.6199678182601929;0.6653760075569153;0.6103097200393677;0.5887953639030457;-0.17093923687934875;0.5845357179641724;0.4492570757865906;0.7915797829627991
152;1;3;0.6326425544033532;0.1571685737874784;0.6199678182601929;0.6653760075569153;0.6103097200393677;0.5887953639030457;0.6421715021133423;0.8031308650970459;-1.4986155033111572;1.541082739830017
153;1;1;0.5824424543599083;0.1505616214838752;0.6199678182601929;0.6653760075569153;0.6102511286735535;0.5886968374252319;0.16815046966075897;0.6504880785942078;-0.5107040405273438;0.19345413148403168
153;1;2;0.6627169311690908;0.15546407270101126;0.6199678182601929;0.6653760075569153;0.6102511286735535;0.5886968374252319;-0.1713676154613495;0.585555374622345;0.4500226378440857;0.7923031449317932
153;1;3;0.6326425544033532;0.1571685737874784;0.6199678182601929;0.6653760075569153;0.6102511286735535;0.5886968374252319;0.6433130502700806;0.8049284219741821;-1.5034503936767578;1.54792058467865
154;1;1;0.5824424543599083;0.1505616214838752;0.6199678182601929;0.6653710603713989;0.6102233529090881;0.5886009335517883;0.16847358644008636;0.6518040895462036;-0.51101154088974;0.193882554769516
154;1;2;0.6627169311690908;0.15546407270101126;0.6199678182601929;0.6653710603713989;0.6102233529090881;0.5886009335517883;-0.17179115116596222;0.5865638256072998;0.4507964551448822;0.7930346727371216
154;1;3;0.6326993661015079;0.15806170203389946;0.6199678182601929;0.6653710603713989;0.6102233529090881;0.5886009335517883;0.6444462537765503;0.8067132830619812;-1.508207082748413;1.5546472072601318
155;1;1;0.5824424543599083;0.1505616214838752;0.6199678182601929;0.6653735637664795;0.6102142333984375;0.5885080695152283;0.16879770159721375;0.6531002521514893;-0.5113155841827393;0.19430765509605408
155;1;2;0.6669624531766489;0.15605129311911048;0.6199678182601929;0.6653735637664795;0.6102142333984375;0.5885080695152283;-0.17220893502235413;0.5875592231750488;0.45157188177108765;0.7937681674957275
155;1;3;0.6323612093975788;0.15823556837133967;0.6199678182601929;0.6653735637664795;0.6102142333984375;0.5885080695152283;0.6455675363540649;0.8084794282913208;-1.5128905773162842;1.5612705945968628
156;1;1;0.5824424543599083;0.1505616214838752;0.6199678182601929;0.6653710603713989;0.6102119088172913;0.5884185433387756;0.16911889612674713;0.6543644070625305;-0.5116338133811951;0.19475404918193817
156;1;2;0.6655420513439587;0.15633095919804774;0.6199678182601929;0.6653710603713989;0.6102119088172913;0.5884185433387756;-0.17262037098407745;0.5885398983955383;0.4523388743400574;0.7944939136505127
156;1;3;0.6323612093975788;0.15823556837133967;0.6199678182601929;0.6653710603713989;0.6102119088172913;0.5884185433387756;0.6466726064682007;0.81022047996521;-1.517507553100586;1.5678004026412964
157;1;1;0.5824424543599083;0.1505616214838752;0.6199678182601929;0.6653760075569153;0.6102042198181152;0.5883318781852722;0.16943392157554626;0.6555867195129395;-0.5119801759719849;0.1952417939901352
157;1;2;0.664304337755623;0.15600090585698023;0.6199678182601929;0.6653760075569153;0.6102042198181152;0.5883318781852722;-0.17302486300468445;0.5895045399665833;0.45308607816696167;0.7952011823654175
157;1;3;0.6341162485535126;0.15905217263061333;0.6199678182601929;0.6653760075569153;0.6102042198181152;0.5883318781852722;0.6477571725845337;0.8119294047355652;-1.5220656394958496;1.5742464065551758
158;1;1;0.5824424543599083;0.1505616214838752;0.6199678182601929;0.6653760075569153;0.6101799607276917;0.5882482528686523;0.1697416454553604;0.6567509174346924;-0.5123727321624756;0.19579681754112244
158;1;2;0.664304337755623;0.15600090585698023;0.6199678182601929;0.6653760075569153;0.6101799607276917;0.5882482528686523;-0.17342117428779602;0.5904495716094971;0.45381006598472595;0.7958888411521912
158;1;3;0.6308467679886212;0.15922639087815593;0.6199678182601929;0.6653760075569153;0.6101799607276917;0.5882482528686523;0.6488173007965088;0.8136001825332642;-1.5265717506408691;1.5806190967559814
159;1;1;0.5824424543599083;0.1505616214838752;0.6199678182601929;0.6653710603713989;0.6101276874542236;0.5881667733192444;0.17004038393497467;0.657855212688446;-0.5128152370452881;0.19642527401447296
159;1;2;0.664304337755623;0.15600090585698023;0.6199678182601929;0.6653710603713989;0.6101276874542236;0.5881667733192444;-0.1738092601299286;0.5913751721382141;0.45449885725975037;0.7965455651283264
159;1;3;0.6308467679886212;0.15922639087815593;0.6199678182601929;0.6653710603713989;0.6101276874542236;0.5881667733192444;0.6498498916625977;0.8152278661727905;-1.5310328006744385;1.5869276523590088
160;1;1;0.5824424543599083;0.1505616214838752;0.6199678182601929;0.6653710603713989;0.6100409030914307;0.5880869030952454;0.17032930254936218;0.6589015126228333;-0.5133067965507507;0.19712679088115692
160;1;2;0.664304337755623;0.15600090585698023;0.6199678182601929;0.6653710603713989;0.6100409030914307;0.5880869030952454;-0.1741894781589508;0.5922819375991821;0.455143541097641;0.7971622943878174
160;1;3;0.6308467679886212;0.15922639087815593;0.6199678182601929;0.6653710603713989;0.6100409030914307;0.5880869030952454;0.6508530378341675;0.816809356212616;-1.5354540348052979;1.593180537223816
161;1;1;0.5824424543599083;0.1505616214838752;0.6199678182601929;0.6653760075569153;0.6099166870117188;0.5880082845687866;0.17060844600200653;0.6598947048187256;-0.5138422250747681;0.1978951096534729
161;1;2;0.664304337755623;0.15600090585698023;0.6199678182601929;0.6653760075569153;0.6099166870117188;0.5880082845687866;-0.1745622456073761;0.5931709408760071;0.4557400643825531;0.7977352142333984
161;1;3;0.6308467679886212;0.15922639087815593;0.6199678182601929;0.6653760075569153;0.6099166870117188;0.5880082845687866;0.6518266201019287;0.8183444738388062;-1.5398390293121338;1.5993815660476685
162;1;1;0.5824424543599083;0.1505616214838752;0.6199678182601929;0.6653760075569153;0.6097558736801147;0.5879309177398682;0.17087846994400024;0.6608420014381409;-0.5144132971763611;0.1987193077802658
162;1;2;0.6655265183369048;0.15738365412742228;0.6199678182601929;0.6653760075569153;0.6097558736801147;0.5879309177398682;-0.17492815852165222;0.5940437912940979;0.4562905728816986;0.7982660531997681
162;1;3;0.6308467679886212;0.15922639087815593;0.6199678182601929;0.6653760075569153;0.6097558736801147;0.5879309177398682;0.6527725458145142;0.8198362588882446;-1.5441875457763672;1.6055315732955933
163;1;1;0.5805350576414341;0.14925632397047428;0.6199678182601929;0.6660550832748413;0.6095632314682007;0.5878551006317139;0.1711580902338028;0.6617871522903442;-0.514945924282074;0.1994921714067459
163;1;2;0.6667642319252423;0.15771370746848978;0.6199678182601929;0.6660550832748413;0.6095632314682007;0.5878551006317139;-0.17528796195983887;0.594901978969574;0.4568027853965759;0.7987619638442993
163;1;3;0.6274144312827685;0.15849242710024658;0.6199678182601929;0.6660550832748413;0.6095632314682007;0.5878551006317139;0.6536945104598999;0.8212904930114746;-1.5484974384307861;1.611626386642456
164;1;1;0.5805350576414341;0.14925632397047428;0.6199678182601929;0.6660600900650024;0.6093756556510925;0.5877843499183655;0.17144566774368286;0.6627324223518372;-0.5154399871826172;0.20021283626556396
164;1;2;0.6687434916186064;0.15777553776892006;0.6199678182601929;0.6660600900650024;0.6093756556510925;0.5877843499183655;-0.17564208805561066;0.5957468748092651;0.45729488134384155;0.7992400527000427
164;1;3;0.6274144312827685;0.15849242710024658;0.6199678182601929;0.6660600900650024;0.6093756556510925;0.5877843499183655;0.6545984745025635;0.8227166533470154;-1.5527610778808594;1.6176559925079346
165;1;1;0.5805350576414341;0.14925632397047428;0.6199678182601929;0.6660599708557129;0.609199583530426;0.5877153873443604;0.17173896729946136;0.6636775732040405;-0.5158984661102295;0.20088472962379456
165;1;2;0.6639162385223694;0.15770256051597187;0.6199678182601929;0.6660599708557129;0.609199583530426;0.5877153873443604;-0.1759907454252243;0.59657883644104;0.45778942108154297;0.7997217178344727
165;1;3;0.6274144312827685;0.15849242710024658;0.6199678182601929;0.6660599708557129;0.609199583530426;0.5877153873443604;0.6554914712905884;0.8241254687309265;-1.556969165802002;1.6236071586608887
166;1;1;0.5805350576414341;0.14925632397047428;0.6199678182601929;0.6660600900650024;0.6090417504310608;0.5876482725143433;0.17203538119792938;0.6646210551261902;-0.5163261294364929;0.2015140801668167
166;1;2;0.6652480319994121;0.1592352534012189;0.6199678182601929;0.6660600900650024;0.6090417504310608;0.5876482725143433;-0.1763342022895813;0.5973983407020569;0.4583071172237396;0.8002262711524963
166;1;3;0.6243721570127958;0.15781872519465256;0.6199678182601929;0.6660600900650024;0.6090417504310608;0.5876482725143433;0.6563793420791626;0.8255264759063721;-1.5611133575439453;1.6294679641723633
167;1;1;0.5805350576414341;0.14925632397047428;0.6203703880310059;0.6660551428794861;0.6089072227478027;0.5875827074050903;0.17233213782310486;0.6655605435371399;-0.5167285203933716;0.20210863649845123
167;1;2;0.6652480319994121;0.1592352534012189;0.6203703880310059;0.6660551428794861;0.6089072227478027;0.5875827074050903;-0.17667239904403687;0.59820556640625;0.45886096358299255;0.8007661700248718
167;1;3;0.6243721570127958;0.15781872519465256;0.6203703880310059;0.6660551428794861;0.6089072227478027;0.5875827074050903;0.6572660207748413;0.8269257545471191;-1.5651884078979492;1.6352312564849854
168;1;1;0.5789418662858523;0.1479565164137846;0.6203703880310059;0.6660551428794861;0.608798086643219;0.5875186920166016;0.1726265847682953;0.6664933562278748;-0.5171113610267639;0.20267640054225922
168;1;2;0.6625747461009608;0.1569668841272751;0.6203703880310059;0.6660551428794861;0.608798086643219;0.5875186920166016;-0.17700548470020294;0.5990007519721985;0.45945343375205994;0.8013434410095215
168;1;3;0.6243721570127958;0.15781872519465256;0.6203703880310059;0.6660551428794861;0.608798086643219;0.5875186920166016;0.6581522822380066;0.8283244371414185;-1.5691945552825928;1.6408969163894653
169;1;1;0.5789418662858523;0.1479565164137846;0.6203703880310059;0.6660501956939697;0.6087125539779663;0.5874561071395874;0.17291630804538727;0.6674169301986694;-0.5174798369407654;0.203224778175354
169;1;2;0.6625747461009608;0.1569668841272751;0.6203703880310059;0.6660501956939697;0.6087125539779663;0.5874561071395874;-0.17733342945575714;0.599783718585968;0.4600762724876404;0.8019505143165588
169;1;3;0.6274144312827685;0.15849242710024658;0.6203703880310059;0.6660501956939697;0.6087125539779663;0.5874561071395874;0.6590358018875122;0.829718828201294;-1.573136806488037;1.6464717388153076
170;1;1;0.5789418662858523;0.1479565164137846;0.6207729578018188;0.666050136089325;0.6086453199386597;0.5873953104019165;0.17319318652153015;0.6683221459388733;-0.5178461670875549;0.20377174019813538
170;1;2;0.6603223809721195;0.1583819963827846;0.6207729578018188;0.666050136089325;0.6086453199386597;0.5873953104019165;-0.1776553839445114;0.6005521416664124;0.4607203006744385;0.8025804162025452
170;1;3;0.6244957050996929;0.15666308979644405;0.6207729578018188;0.666050136089325;0.6086453199386597;0.5873953104019165;0.659912109375;0.831102192401886;-1.5770232677459717;1.651968002319336
171;1;1;0.5789418662858523;0.1479565164137846;0.6207729578018188;0.6660551428794861;0.6085867285728455;0.5873361825942993;0.17345640063285828;0.6692087650299072;-0.5182124376296997;0.20432044565677643
171;1;2;0.6536760346265806;0.1568959947659332;0.6207729578018188;0.6660551428794861;0.6085867285728455;0.5873361825942993;-0.1779714673757553;0.6013062596321106;0.4613627791404724;0.8032113313674927
171;1;3;0.6244957050996929;0.15666308979644405;0.6207729578018188;0.6660551428794861;0.6085867285728455;0.5873361825942993;0.6607754230499268;0.8324650526046753;-1.5808653831481934;1.6574015617370605
172;1;1;0.5789418662858523;0.1479565164137846;0.6207729578018188;0.666729211807251;0.6085280179977417;0.5872785449028015;0.17372220754623413;0.670113742351532;-0.5185139775276184;0.20477354526519775
172;1;2;0.6536760346265806;0.1568959947659332;0.6207729578018188;0.666729211807251;0.6085280179977417;0.5872785449028015;-0.1782819777727127;0.6020468473434448;0.46198147535324097;0.8038218021392822
172;1;3;0.6244957050996929;0.15666308979644405;0.6207729578018188;0.666729211807251;0.6085280179977417;0.5872785449028015;0.6616199016571045;0.833798348903656;-1.5846738815307617;1.6627875566482544
173;1;1;0.5789418662858523;0.1479565164137846;0.6207729578018188;0.6667341589927673;0.608491063117981;0.5872234106063843;0.17398759722709656;0.6710296273231506;-0.5187637209892273;0.20514973998069763
173;1;2;0.6536760346265806;0.1568959947659332;0.6207729578018188;0.6667341589927673;0.608491063117981;0.5872234106063843;-0.17858681082725525;0.6027736663818359;0.4625667929649353;0.8044027090072632
173;1;3;0.6262693067806788;0.1572526162843717;0.6207729578018188;0.6667341589927673;0.608491063117981;0.5872234106063843;0.6624428033828735;0.8350978493690491;-1.588453769683838;1.6681334972381592
174;1;1;0.5789418662858523;0.1479565164137846;0.6207729578018188;0.666729211807251;0.608466625213623;0.5871694684028625;0.17424911260604858;0.6719463467597961;-0.5189778208732605;0.20547296106815338
174;1;2;0.655047782755573;0.15656594142486524;0.6207729578018188;0.666729211807251;0.608466625213623;0.5871694684028625;-0.17888572812080383;0.6034862399101257;0.4631219804286957;0.8049567341804504
174;1;3;0.6262693067806788;0.1572526162843717;0.6207729578018188;0.666729211807251;0.608466625213623;0.5871694684028625;0.6632446050643921;0.8363639712333679;-1.5922043323516846;1.6734375953674316
175;1;1;0.5789418662858523;0.1479565164137846;0.6207729578018188;0.666729211807251;0.6084482669830322;0.5871169567108154;0.1745031327009201;0.6728524565696716;-0.5191739201545715;0.20576949417591095
175;1;2;0.655047782755573;0.15656594142486524;0.6207729578018188;0.666729211807251;0.6084482669830322;0.5871169567108154;-0.17917831242084503;0.6041836142539978;0.46365970373153687;0.8054957389831543
175;1;3;0.6262693067806788;0.1572526162843717;0.6207729578018188;0.666729211807251;0.6084482669830322;0.5871169567108154;0.664027750492096;0.8376010060310364;-1.5959203243255615;1.6786928176879883
176;1;1;0.5789418662858523;0.1479565164137846;0.6207729578018188;0.666729211807251;0.6084318161010742;0.5870663523674011;0.17474620044231415;0.673736572265625;-0.5193691253662109;0.20606514811515808
176;1;2;0.655047782755573;0.15656594142486524;0.6207729578018188;0.666729211807251;0.6084318161010742;0.5870663523674011;-0.1794642210006714;0.6048648357391357;0.4641960561275482;0.8060347437858582
176;1;3;0.6213721610396021;0.15267824171601996;0.6207729578018188;0.666729211807251;0.6084318161010742;0.5870663523674011;0.6647961139678955;0.8388146162033081;-1.599595069885254;1.683889389038086
177;1;1;0.5789418662858523;0.1479565164137846;0.6207729578018188;0.6667390465736389;0.6084145903587341;0.5870174169540405;0.17497406899929047;0.6745838522911072;-0.5195831060409546;0.20638981461524963
177;1;2;0.655047782755573;0.15656594142486524;0.6207729578018188;0.6667390465736389;0.6084145903587341;0.5870174169540405;-0.17974217236042023;0.6055278182029724;0.46475252509117126;0.8065900206565857
177;1;3;0.6218072730319797;0.15261990111887203;0.6207729578018188;0.6667390465736389;0.6084145903587341;0.5870174169540405;0.6655527353286743;0.8400097489356995;-1.6032226085662842;1.689019799232483
178;1;1;0.5789418662858523;0.1479565164137846;0.6207729578018188;0.6667390465736389;0.6083924770355225;0.5869703888893127;0.17518512904644012;0.6753882169723511;-0.5198257565498352;0.20675873756408691
178;1;2;0.655047782755573;0.15656594142486524;0.6207729578018188;0.6667390465736389;0.6083924770355225;0.5869703888893127;-0.18001212179660797;0.6061722040176392;0.4653335511684418;0.8071660399436951
178;1;3;0.6218072730319797;0.15261990111887203;0.6207729578018188;0.6667390465736389;0.6083924770355225;0.5869703888893127;0.6662986874580383;0.8411883115768433;-1.6068015098571777;1.6940810680389404
179;1;1;0.5789418662858523;0.1479565164137846;0.6207729578018188;0.6667390465736389;0.6083619594573975;0.5869244337081909;0.17537884414196014;0.6761469841003418;-0.5201022624969482;0.20718006789684296
179;1;2;0.655047782755573;0.15656594142486524;0.6207729578018188;0.6667390465736389;0.6083619594573975;0.5869244337081909;-0.18027424812316895;0.6067984700202942;0.46593374013900757;0.8077577948570251
179;1;3;0.6218072730319797;0.15261990111887203;0.6207729578018188;0.6667390465736389;0.6083619594573975;0.5869244337081909;0.6670329570770264;0.8423483371734619;-1.6103346347808838;1.6990773677825928
180;1;1;0.5789418662858523;0.1479565164137846;0.6207729578018188;0.6667390465736389;0.6083183884620667;0.5868794322013855;0.1755557507276535;0.6768611669540405;-0.5204129815101624;0.207654669880867
180;1;2;0.6528984167785836;0.15625210070283835;0.6207729578018188;0.6667390465736389;0.6083183884620667;0.5868794322013855;-0.18052883446216583;0.6074073314666748;0.4665399491786957;0.8083531856536865
180;1;3;0.6193405235165725;0.15055818268857735;0.6207729578018188;0.6667390465736389;0.6083183884620667;0.5868794322013855;0.6677526235580444;0.8434852361679077;-1.6138279438018799;1.704017996788025
181;1;1;0.5789418662858523;0.1479565164137846;0.6207729578018188;0.6667390465736389;0.6082573533058167;0.5868352651596069;0.1757172793149948;0.6775341629981995;-0.5207542777061462;0.20817740261554718
181;1;2;0.655047782755573;0.15656594142486524;0.6207729578018188;0.6667390465736389;0.6082573533058167;0.5868352651596069;-0.1807764172554016;0.6079997420310974;0.4671350419521332;0.8089360594749451
181;1;3;0.6193405235165725;0.15055818268857735;0.6207729578018188;0.6667390465736389;0.6082573533058167;0.5868352651596069;0.6684539318084717;0.8445934653282166;-1.6172897815704346;1.708913803100586
182;1;1;0.5789418662858523;0.1479565164137846;0.6207729578018188;0.6667390465736389;0.608174741268158;0.5867919325828552;0.1758655458688736;0.6781718730926514;-0.5211195349693298;0.20873858034610748
182;1;2;0.655047782755573;0.15656594142486524;0.6207729578018188;0.6667390465736389;0.608174741268158;0.5867919325828552;-0.18101762235164642;0.608577311038971;0.46770304441452026;0.8094914555549622
182;1;3;0.6193405235165725;0.15055818268857735;0.6207729578018188;0.6667390465736389;0.608174741268158;0.5867919325828552;0.6691338419914246;0.845667839050293;-1.620727777481079;1.713775873184204
183;1;1;0.5775044398941942;0.15142437287607935;0.6207729578018188;0.6680972576141357;0.608068585395813;0.5867513418197632;0.17601236701011658;0.6788647174835205;-0.5213654041290283;0.20911720395088196
183;1;2;0.655047782755573;0.15656594142486524;0.6207729578018188;0.6680972576141357;0.608068585395813;0.5867513418197632;-0.18125301599502563;0.6091414093971252;0.4682340621948242;0.8100101947784424
183;1;3;0.6218072730319797;0.15261990111887203;0.6207729578018188;0.6680972576141357;0.608068585395813;0.5867513418197632;0.6697911024093628;0.8467066287994385;-1.6241466999053955;1.7186105251312256
184;1;1;0.5775044398941942;0.15142437287607935;0.6207729578018188;0.6680972576141357;0.6080052852630615;0.5867123007774353;0.17615734040737152;0.6796023845672607;-0.5215086340904236;0.20933803915977478
184;1;2;0.655047782755573;0.15656594142486524;0.6207729578018188;0.6680972576141357;0.6080052852630615;0.5867123007774353;-0.18148273229599;0.6096923351287842;0.46873998641967773;0.8105036616325378
184;1;3;0.6193405235165725;0.15055818268857735;0.6207729578018188;0.6680972576141357;0.6080052852630615;0.5867123007774353;0.6704291105270386;0.8477149605751038;-1.6275415420532227;1.7234115600585938
185;1;1;0.5775044398941942;0.15142437287607935;0.6207729578018188;0.6680972576141357;0.6079811453819275;0.5866724848747253;0.1762986034154892;0.6803687214851379;-0.5215732455253601;0.20943790674209595
185;1;2;0.6479747506907412;0.15622481486674067;0.6207729578018188;0.6680972576141357;0.6079811453819275;0.5866724848747253;-0.18170645833015442;0.6102291345596313;0.4692472815513611;0.8109972476959229
185;1;3;0.6193405235165725;0.15055818268857735;0.6207729578018188;0.6680972576141357;0.6079811453819275;0.5866724848747253;0.671054482460022;0.8487033843994141;-1.6309006214141846;1.728162407875061
186;1;1;0.5789418662858523;0.1479565164137846;0.6207729578018188;0.6674181818962097;0.6079949140548706;0.5866343975067139;0.17643384635448456;0.6811009645462036;-0.521655797958374;0.2095654010772705
186;1;2;0.6479747506907412;0.15622481486674067;0.6207729578018188;0.6674181818962097;0.6079949140548706;0.5866343975067139;-0.18192365765571594;0.6107505559921265;0.4697861671447754;0.8115196228027344
186;1;3;0.6193405235165725;0.15055818268857735;0.6207729578018188;0.6674181818962097;0.6079949140548706;0.5866343975067139;0.6716742515563965;0.8496831059455872;-1.6342110633850098;1.7328439950942993
187;1;1;0.5789418662858523;0.1479565164137846;0.6207729578018188;0.6667390465736389;0.6080094575881958;0.5865985751152039;0.1765514761209488;0.6817471981048584;-0.5218403935432434;0.20985084772109985
187;1;2;0.6479747506907412;0.15622481486674067;0.6207729578018188;0.6667390465736389;0.6080094575881958;0.5865985751152039;-0.18213386833667755;0.6112555861473083;0.47037380933761597;0.8120872974395752
187;1;3;0.6193405235165725;0.15055818268857735;0.6207729578018188;0.6667390465736389;0.6080094575881958;0.5865985751152039;0.6722923517227173;0.8506600260734558;-1.637465476989746;1.7374465465545654
188;1;1;0.5789418662858523;0.1479565164137846;0.6207729578018188;0.6674181222915649;0.6079879403114319;0.5865630507469177;0.1766626238822937;0.6823506951332092;-0.5220551490783691;0.21018344163894653
188;1;2;0.6479747506907412;0.15622481486674067;0.6207729578018188;0.6674181222915649;0.6079879403114319;0.5865630507469177;-0.18233735859394073;0.6117445826530457;0.4710019528865814;0.8126926422119141
188;1;3;0.6193405235165725;0.15055818268857735;0.6207729578018188;0.6674181222915649;0.6079879403114319;0.5865630507469177;0.6729068756103516;0.8516315221786499;-1.6406679153442383;1.7419754266738892
189;1;1;0.5772475623825164;0.1466622852000592;0.6207729578018188;0.6674231290817261;0.6079630851745605;0.586528480052948;0.17677077651023865;0.6829039454460144;-0.5223063826560974;0.21057333052158356
189;1;2;0.6479747506907412;0.15622481486674067;0.6207729578018188;0.6674231290817261;0.6079630851745605;0.586528480052948;-0.18253359198570251;0.6122159957885742;0.47165602445602417;0.8133236169815063
189;1;3;0.6193405235165725;0.15055818268857735;0.6207729578018188;0.6674231290817261;0.6079630851745605;0.586528480052948;0.6735128164291382;0.8525893092155457;-1.6438286304473877;1.7464450597763062
190;1;1;0.5757766072937605;0.1500966129652559;0.6207729578018188;0.6674181222915649;0.6079254746437073;0.5864943861961365;0.17687730491161346;0.6834126114845276;-0.5225882530212402;0.2110115885734558
190;1;2;0.6479747506907412;0.15622481486674067;0.6207729578018188;0.6674181222915649;0.6079254746437073;0.5864943861961365;-0.18272317945957184;0.6126713156700134;0.47230514883995056;0.8139510154724121
190;1;3;0.6193405235165725;0.15055818268857735;0.6207729578018188;0.6674181222915649;0.6079254746437073;0.5864943861961365;0.6741029024124146;0.8535222411155701;-1.6469612121582031;1.7508752346038818
191;1;1;0.5757766072937605;0.1500966129652559;0.6207729578018188;0.668776273727417;0.6078677773475647;0.5864637494087219;0.17701055109500885;0.6839646100997925;-0.522754430770874;0.21127048134803772
191;1;2;0.6479747506907412;0.15622481486674067;0.6207729578018188;0.668776273727417;0.6078677773475647;0.5864637494087219;-0.1829068511724472;0.613112211227417;0.4729202687740326;0.8145468831062317
191;1;3;0.6167485954379597;0.14995070022386514;0.6207729578018188;0.668776273727417;0.6078677773475647;0.5864637494087219;0.6746706962585449;0.8544200658798218;-1.6500790119171143;1.7552844285964966
192;1;1;0.5757766072937605;0.1500966129652559;0.6207729578018188;0.668776273727417;0.6078528761863708;0.586432695388794;0.17716675996780396;0.6845512390136719;-0.5228214263916016;0.2113749086856842
192;1;2;0.6479747506907412;0.15622481486674067;0.6207729578018188;0.668776273727417;0.6078528761863708;0.586432695388794;-0.18308472633361816;0.6135390996932983;0.47349461913108826;0.8151050209999084
192;1;3;0.6167485954379597;0.14995070022386514;0.6207729578018188;0.668776273727417;0.6078528761863708;0.586432695388794;0.6752147674560547;0.8552803993225098;-1.6531851291656494;1.7596774101257324
193;1;1;0.5757766072937605;0.1500966129652559;0.6207729578018188;0.668776273727417;0.6078705787658691;0.5864008665084839;0.1773403137922287;0.6851578950881958;-0.5228129625320435;0.21136170625686646
193;1;2;0.6479747506907412;0.15622481486674067;0.6207729578018188;0.668776273727417;0.6078705787658691;0.5864008665084839;-0.18325653672218323;0.6139514446258545;0.4740421772003174;0.8156383633613586
193;1;3;0.6193405235165725;0.15055818268857735;0.6207729578018188;0.668776273727417;0.6078705787658691;0.5864008665084839;0.6757384538650513;0.8561083674430847;-1.6562738418579102;1.764045238494873
194;1;1;0.5772475623825164;0.1466622852000592;0.6207729578018188;0.6674181222915649;0.6079145669937134;0.5863710641860962;0.1774974763393402;0.6856858730316162;-0.5228959321975708;0.21149109303951263
194;1;2;0.6479747506907412;0.15622481486674067;0.6207729578018188;0.6674181222915649;0.6079145669937134;0.5863710641860962;-0.18342186510562897;0.6143478155136108;0.47458991408348083;0.8161725401878357
194;1;3;0.6196347939495999;0.1504474220364922;0.6207729578018188;0.6674181222915649;0.6079145669937134;0.5863710641860962;0.676247775554657;0.8569138646125793;-1.6593329906463623;1.76837158203125
195;1;1;0.5772475623825164;0.1466622852000592;0.6207729578018188;0.6674231290817261;0.6079095005989075;0.586342990398407;0.17763647437095642;0.6861335039138794;-0.5230733156204224;0.21176812052726746
195;1;2;0.6479747506907412;0.15622481486674067;0.6207729578018188;0.6674231290817261;0.6079095005989075;0.586342990398407;-0.18358047306537628;0.6147281527519226;0.4751530587673187;0.8167218565940857
195;1;3;0.6194206680691234;0.15046289728529105;0.6207729578018188;0.6674231290817261;0.6079095005989075;0.586342990398407;0.6767470240592957;0.8577033281326294;-1.6623561382293701;1.7726469039916992
196;1;1;0.5757766072937605;0.1500966129652559;0.6207729578018188;0.6674181222915649;0.6078583598136902;0.5863139629364014;0.1777576059103012;0.6865063309669495;-0.5233383178710938;0.2121826857328415
196;1;2;0.6479747506907412;0.15622481486674067;0.6207729578018188;0.6674181222915649;0.6078583598136902;0.5863139629364014;-0.18373288214206696;0.6150933504104614;0.47573184967041016;0.817286491394043
196;1;3;0.6194206680691234;0.15046289728529105;0.6207729578018188;0.6674181222915649;0.6078583598136902;0.5863139629364014;0.6772369146347046;0.8584780097007751;-1.6653432846069336;1.776871681213379
197;1;1;0.5757766072937605;0.1500966129652559;0.6207729578018188;0.668776273727417;0.6077648401260376;0.5862863063812256;0.17788998782634735;0.6868972182273865;-0.523536741733551;0.21249358355998993
197;1;2;0.6479747506907412;0.15622481486674067;0.6207729578018188;0.668776273727417;0.6077648401260376;0.5862863063812256;-0.18387971818447113;0.6154451966285706;0.47631368041038513;0.817854642868042
197;1;3;0.6194206680691234;0.15046289728529105;0.6207729578018188;0.668776273727417;0.6077648401260376;0.5862863063812256;0.677715539932251;0.8592351078987122;-1.6683006286621094;1.7810540199279785
198;1;1;0.5757766072937605;0.1500966129652559;0.6207729578018188;0.6687812805175781;0.6077039837837219;0.586260199546814;0.1780315339565277;0.6873049736022949;-0.5236741304397583;0.21270914375782013
198;1;2;0.6479747506907412;0.15622481486674067;0.6207729578018188;0.6687812805175781;0.6077039837837219;0.586260199546814;-0.1840214729309082;0.6157847046852112;0.4768923223018646;0.8184199929237366
198;1;3;0.6193872178090176;0.15083447811029593;0.6207729578018188;0.6687812805175781;0.6077039837837219;0.586260199546814;0.6781823039054871;0.8599733114242554;-1.6712312698364258;1.7851982116699219
199;1;1;0.5757766072937605;0.1500966129652559;0.6207729578018188;0.668776273727417;0.6076710224151611;0.5862342119216919;0.17817920446395874;0.6877247095108032;-0.5237604975700378;0.21284477412700653
199;1;2;0.6479747506907412;0.15622481486674067;0.6207729578018188;0.668776273727417;0.6076710224151611;0.5862342119216919;-0.18415826559066772;0.6161121726036072;0.4774685800075531;0.8189835548400879
199;1;3;0.6169802093700598;0.15063096335498782;0.6207729578018188;0.668776273727417;0.6076710224151611;0.5862342119216919;0.6786376237869263;0.8606933951377869;-1.6741347312927246;1.7893047332763672
0;2;1;2.746040415313912;0.6637856496611114;0.3220611810684204;0.31948697566986084;0.7021682858467102;0.6991754174232483;0.05675748735666275;0.45105695724487305;-0.04256748780608177;0.40779393911361694
0;2;2;2.3913726680844007;0.6119980407340586;0.3220611810684204;0.31948697566986084;0.7021682858467102;0.6991754174232483;0.18076293170452118;0.21642985939979553;0.020633231848478317;0.22853800654411316
0;2;3;1.0680473019331531;0.13336097974388217;0.3220611810684204;0.31948697566986084;0.7021682858467102;0.6991754174232483;0.208712637424469;0.18494302034378052;-0.017122985795140266;0.03597158566117287
1;2;1;2.747610658125998;0.6637856496611114;0.3196457326412201;0.3192153573036194;0.7017204761505127;0.698886513710022;0.056771982461214066;0.4504452645778656;-0.042818572372198105;0.40828487277030945
1;2;2;2.384467992215855;0.6161764802887157;0.3196457326412201;0.3192153573036194;0.7017204761505127;0.698886513710022;0.1803782731294632;0.21623936295509338;0.020663779228925705;0.2280469536781311
1;2;3;1.074836015165821;0.13645430893282473;0.3196457326412201;0.3192153573036194;0.7017204761505127;0.698886513710022;0.20588424801826477;0.18683943152427673;-0.01898929476737976;0.0333322249352932
2;2;1;2.7479550428906707;0.6638099158973247;0.3115941882133484;0.31890174746513367;0.7009018063545227;0.6983603239059448;0.056795816868543625;0.44960275292396545;-0.04316382482647896;0.4089724123477936
2;2;2;2.392624462144753;0.6227077539742574;0.3115941882133484;0.31890174746513367;0.7009018063545227;0.6983603239059448;0.17985332012176514;0.21598002314567566;0.020741945132613182;0.22737708687782288
2;2;3;1.0649305515547605;0.13907285822190119;0.3115941882133484;0.31890174746513367;0.7009018063545227;0.6983603239059448;0.20189476013183594;0.189623162150383;-0.02147839032113552;0.02981211245059967
3;2;1;2.7344003451246524;0.6556817683756178;0.30152976512908936;0.31815105676651;0.6998037695884705;0.6976583003997803;0.056831467896699905;0.448586106300354;-0.043579187244176865;0.409817099571228
3;2;2;2.4008487690063145;0.6297814358661027;0.30152976512908936;0.31815105676651;0.6998037695884705;0.6976583003997803;0.17922674119472504;0.21567152440547943;0.020891651511192322;0.2265845388174057
3;2;3;1.1274704160668811;0.1411758388073756;0.30152976512908936;0.31815105676651;0.6998037695884705;0.6976583003997803;0.19690857827663422;0.19327408075332642;-0.02434074878692627;0.02576412633061409
4;2;1;2.732608756937995;0.6557885028623147;0.28743958473205566;0.3180226683616638;0.6985206604003906;0.6968418955802917;0.05688178166747093;0.4474544823169708;-0.04404723271727562;0.4107723534107208
4;2;2;2.3975445930622845;0.6325275757002062;0.28743958473205566;0.3180226683616638;0.6985206604003906;0.6968418955802917;0.17853696644306183;0.21533313393592834;0.021130945533514023;0.22573113441467285
4;2;3;1.1266854802448112;0.14243532108932522;0.28743958473205566;0.3180226683616638;0.6985206604003906;0.6968418955802917;0.19108250737190247;0.19776873290538788;-0.027316536754369736;0.02155572734773159
5;2;1;2.732766175564577;0.6583829619559252;0.2753623127937317;0.31790414452552795;0.6971384286880493;0.6959649324417114;0.0569491982460022;0.44626477360725403;-0.04454779252409935;0.41179338097572327
5;2;2;2.40607814337604;0.6374229583406699;0.2753623127937317;0.31790414452552795;0.6971384286880493;0.6959649324417114;0.17782078683376312;0.21498361229896545;0.021474849432706833;0.22487328946590424
5;2;3;1.1573278256374637;0.14845383113160793;0.2753623127937317;0.31790414452552795;0.6971384286880493;0.6959649324417114;0.1845627725124359;0.20307175815105438;-0.03015109710395336;0.01754705235362053
6;2;1;2.722319883529888;0.6560938485587666;0.267713338136673;0.32514914870262146;0.6957288384437561;0.6950676441192627;0.05703824758529663;0.4450719952583313;-0.04506650194525719;0.4128292500972748
6;2;2;2.430389981475103;0.6457507868462811;0.267713338136673;0.32514914870262146;0.6957288384437561;0.6950676441192627;0.1771111786365509;0.21463923156261444;0.021923309192061424;0.2240721583366394
6;2;3;1.0333404480776744;0.18077933691328818;0.267713338136673;0.32514914870262146;0.6957288384437561;0.6950676441192627;0.1774827092885971;0.20913295447826385;-0.03260813280940056;0.014072279445827007
7;2;1;2.7244973634128185;0.6567870576945758;0.305152952671051;0.3598482012748718;0.6943455338478088;0.694176197052002;0.05715136602520943;0.4439278244972229;-0.045596856623888016;0.41382482647895813
7;2;2;2.4462644011796195;0.6530002319594699;0.305152952671051;0.3598482012748718;0.6943455338478088;0.694176197052002;0.17643603682518005;0.214314267039299;0.022460659965872765;0.22339019179344177
7;2;3;1.1997988442894059;0.23452813492926428;0.305152952671051;0.3598482012748718;0.6943455338478088;0.694176197052002;0.16996102035045624;0.21588847041130066;-0.03448021784424782;0.01142475288361311
8;2;1;2.71697842765382;0.655127724611817;0.40740740299224854;0.4549347162246704;0.6930243372917175;0.693302571773529;0.05728992447257042;0.4428790807723999;-0.046135760843753815;0.4147253930568695
8;2;2;2.458719247237368;0.6460417063923289;0.40740740299224854;0.4549347162246704;0.6930243372917175;0.693302571773529;0.17581826448440552;0.21402090787887573;0.023055534809827805;0.2228885293006897
8;2;3;1.23232962289155;0.31503608352895096;0.40740740299224854;0.4549347162246704;0.6930243372917175;0.693302571773529;0.16210061311721802;0.22326500713825226;-0.03559652715921402;0.009846053086221218
9;2;1;2.7088673357993844;0.6415567405769833;0.5024154782295227;0.5263107419013977;0.6917847990989685;0.6924467086791992;0.05745526775717735;0.44196757674217224;-0.04668391868472099;0.4154772162437439
9;2;2;2.4476376885344333;0.6416669120192973;0.5024154782295227;0.5263107419013977;0.6917847990989685;0.6924467086791992;0.17527565360069275;0.2137698233127594;0.023664137348532677;0.2226240634918213
9;2;3;1.291349691947791;0.308597539100286;0.5024154782295227;0.5263107419013977;0.6917847990989685;0.6924467086791992;0.15398815274238586;0.23118504881858826;-0.03582790866494179;0.009518829174339771
10;2;1;2.7156237450420653;0.6468408512407517;0.5177133679389954;0.5441837310791016;0.6906326413154602;0.6916003823280334;0.057648587971925735;0.44123023748397827;-0.04724832996726036;0.41602522134780884
10;2;2;2.4606377681627585;0.6466672955737689;0.5177133679389954;0.5441837310791016;0.6906326413154602;0.6916003823280334;0.174821138381958;0.2135690301656723;0.024230506271123886;0.22266286611557007
10;2;3;1.0827251093890577;0.18360182870793107;0.5177133679389954;0.5441837310791016;0.6906326413154602;0.6916003823280334;0.14569412171840668;0.23957253992557526;-0.035089459270238876;0.010563155636191368
11;2;1;2.712642925628117;0.6473389091652777;0.5471014976501465;0.570198118686676;0.6895624995231628;0.6907491683959961;0.057871874421834946;0.44069936871528625;-0.047834016382694244;0.41632041335105896
11;2;2;2.4779385933295535;0.6507841186850207;0.5471014976501465;0.570198118686676;0.6895624995231628;0.6907491683959961;0.1744644194841385;0.2134263813495636;0.024695590138435364;0.22305847704410553
11;2;3;1.051475247010444;0.1664202935644048;0.5471014976501465;0.570198118686676;0.6895624995231628;0.6907491683959961;0.1372731328010559;0.2483575940132141;-0.03334096446633339;0.013035898096859455
12;2;1;2.708966118452042;0.648861021995045;0.5644122362136841;0.5996424555778503;0.688563346862793;0.6898771524429321;0.058127522468566895;0.44040364027023315;-0.04844850301742554;0.4163167476654053
12;2;2;2.4745660942572867;0.6615370441964679;0.5644122362136841;0.5996424555778503;0.688563346862793;0.6898771524429321;0.1742129623889923;0.21334892511367798;0.025003984570503235;0.22386159002780914
12;2;3;0.9790706884258347;0.15843841748004772;0.5644122362136841;0.5996424555778503;0.688563346862793;0.6898771524429321;0.1287645697593689;0.2574802339076996;-0.03058544546365738;0.016932792961597443
13;2;1;2.7021413874255744;0.6454775884102633;0.5785024166107178;0.6217108368873596;0.6876218914985657;0.6889675855636597;0.058417320251464844;0.4403676688671112;-0.049094803631305695;0.4159797430038452
13;2;2;2.5132990024529462;0.6612291659298979;0.5785024166107178;0.6217108368873596;0.6876218914985657;0.6889675855636597;0.17407427728176117;0.21334439516067505;0.02511553466320038;0.2251013070344925
13;2;3;0.9771926884704945;0.14899557992966805;0.5785024166107178;0.6217108368873596;0.6876218914985657;0.6889675855636597;0.12019358575344086;0.26689285039901733;-0.026866106316447258;0.022192731499671936
14;2;1;2.6971507853439105;0.6460841494719451;0.5897746086120605;0.6385763883590698;0.6867215037345886;0.6880086660385132;0.05874443054199219;0.44060978293418884;-0.049768269062042236;0.41528910398483276
14;2;2;2.5403355620093837;0.6712700418979969;0.5897746086120605;0.6385763883590698;0.6867215037345886;0.6880086660385132;0.1740543097257614;0.213421031832695;0.024992233142256737;0.22680780291557312
14;2;3;0.9711106867169219;0.1488030501358173;0.5897746086120605;0.6385763883590698;0.6867215037345886;0.6880086660385132;0.11157270520925522;0.27656090259552;-0.022261740639805794;0.028704287484288216
15;2;1;2.687511199571687;0.646748309529948;0.5970209240913391;0.648258626461029;0.6858528256416321;0.6869866847991943;0.0591130368411541;0.44114676117897034;-0.050464607775211334;0.41422951221466064
15;2;2;2.55963468453396;0.6733551820813268;0.5970209240913391;0.648258626461029;0.6858528256416321;0.6869866847991943;0.1741597205400467;0.2135879099369049;0.024599865078926086;0.22900570929050446
15;2;3;0.957873075321487;0.15143362685819062;0.5970209240913391;0.648258626461029;0.6858528256416321;0.6869866847991943;0.10290297865867615;0.28646335005760193;-0.01688103750348091;0.036313749849796295
16;2;1;2.6735966636874284;0.6408570058028129;0.6103059649467468;0.6573581099510193;0.6849932670593262;0.6858968138694763;0.05952436849474907;0.44199639558792114;-0.05116678401827812;0.4127943515777588
16;2;2;2.5550280467477746;0.6731316427563447;0.6103059649467468;0.6573581099510193;0.6849932670593262;0.6858968138694763;0.1743980050086975;0.21385817229747772;0.023920666426420212;0.2316931188106537
16;2;3;0.9563491163667726;0.15076685274592716;0.6103059649467468;0.6573581099510193;0.6849932670593262;0.6858968138694763;0.09417613595724106;0.29659128189086914;-0.010855994187295437;0.044834449887275696
17;2;1;2.6776775328858635;0.6307781693802399;0.6167471408843994;0.6669564247131348;0.6841306686401367;0.6847355365753174;0.05998509004712105;0.4431721568107605;-0.05186038836836815;0.41098329424858093
17;2;2;2.56394549733836;0.6788626537508691;0.6167471408843994;0.6669564247131348;0.6841306686401367;0.6847355365753174;0.17477688193321228;0.21424399316310883;0.022935112938284874;0.23488430678844452
17;2;3;0.9492521670951959;0.14902910369900946;0.6167471408843994;0.6669564247131348;0.6841306686401367;0.6847355365753174;0.08537684381008148;0.30694594979286194;-0.004334650933742523;0.05405702069401741
18;2;1;2.685038678751333;0.6275226646658068;0.6243961453437805;0.6776041984558105;0.6832400560379028;0.6834896802902222;0.06049016863107681;0.44468680024147034;-0.052551280707120895;0.40877604484558105
18;2;2;2.570805498716009;0.6908394949729573;0.6243961453437805;0.6776041984558105;0.6832400560379028;0.6834896802902222;0.1752980649471283;0.21475088596343994;0.02157684788107872;0.23869460821151733
18;2;3;0.9413774482649631;0.14934098044318977;0.6243961453437805;0.6776041984558105;0.6832400560379028;0.6834896802902222;0.07648344337940216;0.3175385296344757;0.0025263819843530655;0.06375998258590698
19;2;1;2.6909887175854594;0.6256022983103247;0.6344605684280396;0.688355565071106;0.6823061108589172;0.6821567416191101;0.06103586032986641;0.44655078649520874;-0.053177155554294586;0.40623584389686584
19;2;2;2.5845364490471034;0.684224623178932;0.6344605684280396;0.688355565071106;0.6823061108589172;0.6821567416191101;0.17598187923431396;0.21540524065494537;0.01992122456431389;0.24299708008766174
19;2;3;0.9261593919636848;0.14237227555339738;0.6344605684280396;0.688355565071106;0.6823061108589172;0.6821567416191101;0.06746990978717804;0.32838761806488037;0.009568184614181519;0.0737185999751091
20;2;1;2.686988924171878;0.6255774779447147;0.6384862661361694;0.6986379027366638;0.6813090443611145;0.6807469129562378;0.06161878630518913;0.44877487421035767;-0.05368158966302872;0.4034113883972168
20;2;2;2.5735139006746373;0.6721980123853699;0.6384862661361694;0.6986379027366638;0.6813090443611145;0.6807469129562378;0.1768447607755661;0.21623049676418304;0.018000584095716476;0.2477225661277771
20;2;3;0.8961466708015493;0.14280088705615723;0.6384862661361694;0.6986379027366638;0.6813090443611145;0.6807469129562378;0.0583091676235199;0.339514821767807;0.01663876324892044;0.08371790498495102
21;2;1;2.69222368437904;0.630955797062632;0.6437197923660278;0.709330141544342;0.680207371711731;0.6792482137680054;0.06224794313311577;0.4513673186302185;-0.05400778725743294;0.40036335587501526
21;2;2;2.583198335959323;0.688133769616881;0.6437197923660278;0.709330141544342;0.680207371711731;0.6792482137680054;0.17790906131267548;0.2172503024339676;0.01588861271739006;0.2527766525745392
21;2;3;0.8916545919721388;0.14269304597785748;0.6437197923660278;0.709330141544342;0.680207371711731;0.6792482137680054;0.04897404834628105;0.3509437143802643;0.02360096201300621;0.09356393665075302
22;2;1;2.685205024838618;0.6327416276630773;0.6570048332214355;0.7204076051712036;0.6789577603340149;0.6776615381240845;0.0629340261220932;0.45434248447418213;-0.05408339574933052;0.3971582353115082
22;2;2;2.5624649421587407;0.6694178266903688;0.6570048332214355;0.7204076051712036;0.6789577603340149;0.6776615381240845;0.17919890582561493;0.21849694848060608;0.013663848862051964;0.2580108940601349
22;2;3;0.8813813471121188;0.14010018989477624;0.6570048332214355;0.7204076051712036;0.6789577603340149;0.6776615381240845;0.03943905606865883;0.3626967966556549;0.030340000987052917;0.10309438407421112
23;2;1;2.689678430646512;0.6302666318704864;0.6646537780761719;0.7294946908950806;0.6775836944580078;0.6759510636329651;0.0636802688241005;0.45771631598472595;-0.05387408658862114;0.3938220739364624
23;2;2;2.568423925795602;0.6592609788694501;0.6646537780761719;0.7294946908950806;0.6775836944580078;0.6759510636329651;0.18073518574237823;0.21998822689056396;0.011358588933944702;0.26339834928512573
23;2;3;0.865583914488365;0.14305174097744366;0.6646537780761719;0.7294946908950806;0.6775836944580078;0.6759510636329651;0.02968062087893486;0.3747957646846771;0.03677036985754967;0.11218829452991486
24;2;1;2.661750889492044;0.6274426619843894;0.6735104918479919;0.7376928925514221;0.6759970188140869;0.6740979552268982;0.06447481364011765;0.46150681376457214;-0.05324384570121765;0.390485554933548
24;2;2;2.5603762773674434;0.6927062032115385;0.6735104918479919;0.7376928925514221;0.6759970188140869;0.6740979552268982;0.18255381286144257;0.22177346050739288;0.00914144515991211;0.2686487138271332
24;2;3;0.8482930192605505;0.14236728516630937;0.6735104918479919;0.7376928925514221;0.6759970188140869;0.6740979552268982;0.019677307456731796;0.38726064562797546;0.042840030044317245;0.12077208608388901
25;2;1;2.6621775289848886;0.6233239355896121;0.6811593770980835;0.7442070245742798;0.6741876006126404;0.6720839142799377;0.06532042473554611;0.4657385051250458;-0.05212721973657608;0.38719508051872253
25;2;2;2.5511829915275204;0.682367472881122;0.6811593770980835;0.7442070245742798;0.6741876006126404;0.6720839142799377;0.18467533588409424;0.2238900065422058;0.007054845802485943;0.27363505959510803
25;2;3;0.8414096655702439;0.14257755720266374;0.6811593770980835;0.7442070245742798;0.6741876006126404;0.6720839142799377;0.009411260485649109;0.4001075029373169;0.04853678122162819;0.1288285255432129
26;2;1;2.655404323125537;0.6257899869292762;0.6815620064735413;0.7488468289375305;0.6721186637878418;0.6698673367500305;0.06623437255620956;0.4704289436340332;-0.050492849200963974;0.38400137424468994
26;2;2;2.5470566531292125;0.6685137678045905;0.6815620064735413;0.7488468289375305;0.6721186637878418;0.6698673367500305;0.18712100386619568;0.22637277841567993;0.005137880798429251;0.27823978662490845
26;2;3;0.8304842540263735;0.14312370202138114;0.6815620064735413;0.7488468289375305;0.6721186637878418;0.6698673367500305;-0.001131465076468885;0.4133484363555908;0.05388999357819557;0.13639910519123077
27;2;1;2.65112872153912;0.6336566906187722;0.684380054473877;0.7522569894790649;0.669760525226593;0.6673993468284607;0.06722024828195572;0.47560539841651917;-0.04832425341010094;0.38089463114738464
27;2;2;2.543999612882504;0.6662022371563747;0.684380054473877;0.7522569894790649;0.669760525226593;0.6673993468284607;0.1898990124464035;0.22924868762493134;0.0033498804550617933;0.28245002031326294
27;2;3;0.8313318436587016;0.14332649534110375;0.684380054473877;0.7522569894790649;0.669760525226593;0.6673993468284607;-0.011961589567363262;0.42699217796325684;0.05897092446684837;0.14358462393283844
28;2;1;2.6492353708981558;0.6321166150698625;0.6880032420158386;0.7545831203460693;0.6670856475830078;0.6646546721458435;0.06828071922063828;0.4812866151332855;-0.04563498497009277;0.37786638736724854
28;2;2;2.5294286828104457;0.6727338856237166;0.6880032420158386;0.7545831203460693;0.6670856475830078;0.6646546721458435;0.19300734996795654;0.23254406452178955;0.0015878479462116957;0.28628501296043396
28;2;3;0.8321953451509732;0.1436558342062404;0.6880032420158386;0.7545831203460693;0.6670856475830078;0.6646546721458435;-0.023085828870534897;0.44104260206222534;0.06388984620571136;0.1505410373210907
29;2;1;2.661640272801595;0.6372972899445015;0.6888083219528198;0.7554967403411865;0.6640818119049072;0.6616422533988953;0.06942542642354965;0.48748359084129333;-0.04251677915453911;0.3748820722103119
29;2;2;2.5355275890670903;0.6808765912695263;0.6888083219528198;0.7554967403411865;0.6640818119049072;0.6616422533988953;0.19643530249595642;0.2362762987613678;-0.0002774496970232576;0.28981173038482666
29;2;3;0.8329751068532607;0.14357619861308413;0.6888083219528198;0.7554967403411865;0.6640818119049072;0.6616422533988953;-0.034504882991313934;0.4554951786994934;0.06879138946533203;0.15747284889221191
30;2;1;2.676945134936929;0.6485637237433481;0.6908212304115295;0.7563610076904297;0.6607521176338196;0.658362090587616;0.07065553963184357;0.4942072629928589;-0.039121467620134354;0.3718520998954773
30;2;2;2.5649098649367525;0.6804145936227384;0.6908212304115295;0.7563610076904297;0.6607521176338196;0.658362090587616;0.2001638412475586;0.24044466018676758;-0.0024159252643585205;0.2931786775588989
30;2;3;0.8372269460243382;0.145817655038063;0.6908212304115295;0.7563610076904297;0.6607521176338196;0.658362090587616;-0.04621347039937973;0.47033563256263733;0.0738464742898941;0.16462181508541107
31;2;1;2.6594191029095438;0.6373415432096845;0.6944444179534912;0.7572548389434814;0.6571383476257324;0.6548356413841248;0.07196719944477081;0.5014602541923523;-0.035616882145404816;0.3686974048614502
31;2;2;2.5617611497298256;0.6803469742093817;0.6944444179534912;0.7572548389434814;0.6571383476257324;0.6548356413841248;0.20416519045829773;0.24504722654819489;-0.00500399898737669;0.29650866985321045
31;2;3;0.8336592301968233;0.14387966358473214;0.6944444179534912;0.7572548389434814;0.6571383476257324;0.6548356413841248;-0.05820019170641899;0.4855380654335022;0.07924073934555054;0.17225046455860138
32;2;1;2.6815139731498947;0.6463992042466886;0.7004830837249756;0.7588106393814087;0.6532900929450989;0.6510781049728394;0.07337743043899536;0.50923752784729;-0.032136060297489166;0.36536362767219543
32;2;2;2.569955803337086;0.6447359215276363;0.7004830837249756;0.7588106393814087;0.6532900929450989;0.6510781049728394;0.20841598510742188;0.25007888674736023;-0.008168458938598633;0.29984045028686523
32;2;3;0.8401526326472277;0.1401366167736997;0.7004830837249756;0.7588106393814087;0.6532900929450989;0.6510781049728394;-0.0704488679766655;0.5010659098625183;0.08516067266464233;0.18062250316143036
33;2;1;2.6730138364057225;0.6600427860674225;0.70652174949646;0.7607415914535522;0.649316668510437;0.6470963954925537;0.07490842044353485;0.5175216197967529;-0.028853440657258034;0.36179834604263306
33;2;2;2.5689846229041455;0.6084726682481145;0.70652174949646;0.7607415914535522;0.649316668510437;0.6470963954925537;0.21288742125034332;0.2555241882801056;-0.012040197849273682;0.30322614312171936
33;2;3;0.8527718445919366;0.1431664510250541;0.70652174949646;0.7607415914535522;0.649316668510437;0.6470963954925537;-0.0829400047659874;0.5168731808662415;0.09178076684474945;0.1899847388267517
34;2;1;2.680545152920999;0.6642929778370554;0.7073268890380859;0.7636010646820068;0.6451945304870605;0.6428914666175842;0.07657849788665771;0.5262888669967651;-0.025978177785873413;0.35793936252593994
34;2;2;2.5507497558369767;0.5784160048554803;0.7073268890380859;0.7636010646820068;0.6451945304870605;0.6428914666175842;0.21753515303134918;0.2613670229911804;-0.01681053638458252;0.30673810839653015
34;2;3;0.8792162023616461;0.14452946185666304;0.7073268890380859;0.7636010646820068;0.6451945304870605;0.6428914666175842;-0.0956537127494812;0.5329086780548096;0.09924916923046112;0.20054665207862854
35;2;1;2.6580131794123094;0.6572004312295912;0.7089372277259827;0.7671569585800171;0.640846312046051;0.6384435892105103;0.07839979976415634;0.5355085730552673;-0.023653874173760414;0.35376685857772827
35;2;2;2.568901459080756;0.5644206030317642;0.7089372277259827;0.7671569585800171;0.640846312046051;0.6384435892105103;0.22232571244239807;0.2675822377204895;-0.022592812776565552;0.3104211390018463
35;2;3;0.8875140670311819;0.1489802950418344;0.7089372277259827;0.7671569585800171;0.640846312046051;0.6384435892105103;-0.10857470333576202;0.5491217374801636;0.10767148435115814;0.21245761215686798
36;2;1;2.6257112113523293;0.6420187341833925;0.7125604152679443;0.7731919288635254;0.6362346410751343;0.6336712837219238;0.08038505166769028;0.5451497435569763;-0.022014549002051353;0.34928300976753235
36;2;2;2.558375102335723;0.5579778089109615;0.7125604152679443;0.7731919288635254;0.6362346410751343;0.6336712837219238;0.2272217571735382;0.2741517126560211;-0.0295274555683136;0.3143235743045807
36;2;3;0.8886626802640922;0.14695410222430683;0.7125604152679443;0.7731919288635254;0.6362346410751343;0.6336712837219238;-0.12169954180717468;0.5654718279838562;0.1170971542596817;0.22578752040863037
37;2;1;2.644193472224903;0.6557641150418769;0.7194042205810547;0.7808617353439331;0.6313232779502869;0.6285013556480408;0.08252658694982529;0.5551944375038147;-0.021056486293673515;0.3446457087993622
37;2;2;2.5164492936417346;0.54745754179085;0.7194042205810547;0.7808617353439331;0.6313232779502869;0.6285013556480408;0.23220716416835785;0.2810998260974884;-0.03763141483068466;0.3182181715965271
37;2;3;0.9003895371954629;0.14631538614462247;0.7194042205810547;0.7808617353439331;0.6313232779502869;0.6285013556480408;-0.13504256308078766;0.5819369554519653;0.12750883400440216;0.24051186442375183
38;2;1;2.659657718407545;0.643033895085674;0.7334944009780884;0.7901611924171448;0.6259793043136597;0.6229028701782227;0.08481084555387497;0.5656256079673767;-0.02068244479596615;0.3401425778865814
38;2;2;2.4848913168440543;0.5312803635446199;0.7334944009780884;0.7901611924171448;0.6259793043136597;0.6229028701782227;0.2372913807630539;0.28846755623817444;-0.04677344486117363;0.3217710554599762
38;2;3;0.879405171146705;0.14656321679880113;0.7334944009780884;0.7901611924171448;0.6259793043136597;0.6229028701782227;-0.14863689243793488;0.5985164046287537;0.13882304728031158;0.2565125823020935
39;2;1;2.666728324622378;0.6410798323680655;0.748389720916748;0.7999842166900635;0.6201499104499817;0.6168503165245056;0.0872810035943985;0.5764337182044983;-0.020779093727469444;0.3361181318759918
39;2;2;2.4537442168359878;0.537621639580836;0.748389720916748;0.7999842166900635;0.6201499104499817;0.6168503165245056;0.2425069361925125;0.2963097393512726;-0.05673558637499809;0.32456907629966736
39;2;3;0.860011610147362;0.14749368207373204;0.748389720916748;0.7999842166900635;0.6201499104499817;0.6168503165245056;-0.16253229975700378;0.6152281761169434;0.15090419352054596;0.2735978960990906
40;2;1;2.661699265663321;0.6332698534586596;0.7640901803970337;0.8109776377677917;0.6137104034423828;0.6102231740951538;0.08994877338409424;0.587613582611084;-0.021355340257287025;0.3327595889568329
40;2;2;2.431878038833834;0.5334910974609066;0.7640901803970337;0.8109776377677917;0.6137104034423828;0.6102231740951538;0.2478482723236084;0.30465471744537354;-0.06753035634756088;0.32664409279823303
40;2;3;0.8620493503126099;0.15222086951647507;0.7640901803970337;0.8109776377677917;0.6137104034423828;0.6102231740951538;-0.1767944097518921;0.6321086287498474;0.16358378529548645;0.2915295362472534
41;2;1;2.662459099636968;0.6291167005653735;0.7842190265655518;0.8229341506958008;0.6065601110458374;0.6029504537582397;0.09280207008123398;0.5991717576980591;-0.022375185042619705;0.33042556047439575
41;2;2;2.3330421632483187;0.5326007336964613;0.7842190265655518;0.8229341506958008;0.6065601110458374;0.6029504537582397;0.25335249304771423;0.3135506510734558;-0.07891421765089035;0.3278607428073883
41;2;3;0.8844946681926578;0.16106522089615272;0.7842190265655518;0.8229341506958008;0.6065601110458374;0.6029504537582397;-0.19150233268737793;0.6492137312889099;0.17666995525360107;0.31003618240356445
42;2;1;2.6598536322192983;0.6458881033263042;0.7995169162750244;0.8356413841247559;0.5987042188644409;0.595035970211029;0.09582727402448654;0.6111128926277161;-0.023785678669810295;0.3293074369430542
42;2;2;2.302985261824886;0.4998484258116793;0.7995169162750244;0.8356413841247559;0.5987042188644409;0.595035970211029;0.2590847909450531;0.32296261191368103;-0.09044723957777023;0.3286367654800415
42;2;3;0.8825759828095228;0.16959164080664735;0.7995169162750244;0.8356413841247559;0.5987042188644409;0.595035970211029;-0.2067391574382782;0.6666123270988464;0.18997280299663544;0.32884925603866577
43;2;1;2.6554368326539706;0.6522095886747925;0.8148148059844971;0.8494893312454224;0.5904749631881714;0.5865563154220581;0.09903374314308167;0.6234830617904663;-0.025387762114405632;0.3297063410282135
43;2;2;2.2646586640903132;0.49045137694030405;0.8148148059844971;0.8494893312454224;0.5904749631881714;0.5865563154220581;0.2651629149913788;0.33289438486099243;-0.10142122954130173;0.3289860486984253
43;2;3;0.9120791853606924;0.1927737604508719;0.8148148059844971;0.8494893312454224;0.5904749631881714;0.5865563154220581;-0.22257986664772034;0.6843769550323486;0.20333550870418549;0.34774696826934814
44;2;1;2.644566886235374;0.6499389349903089;0.8297101259231567;0.8624829649925232;0.5818520784378052;0.5774797797203064;0.10236408561468124;0.6363428235054016;-0.02693977952003479;0.33187347650527954
44;2;2;2.1890640305182636;0.4947082350364509;0.8297101259231567;0.8624829649925232;0.5818520784378052;0.5774797797203064;0.27171754837036133;0.34333065152168274;-0.1111186146736145;0.3289634883403778
44;2;3;0.9423016705517266;0.2166007045395988;0.8297101259231567;0.8624829649925232;0.5818520784378052;0.5774797797203064;-0.23908039927482605;0.7025716304779053;0.21667814254760742;0.36661627888679504
45;2;1;2.6550816554377343;0.6442798349889474;0.838164210319519;0.8737578988075256;0.5725417733192444;0.5677096247673035;0.10585539788007736;0.6497116684913635;-0.028216451406478882;0.3360188901424408
45;2;2;2.1012375107467998;0.4796902829224532;0.838164210319519;0.8737578988075256;0.5725417733192444;0.5677096247673035;0.278867244720459;0.3542329668998718;-0.11894094944000244;0.3286924958229065
45;2;3;0.9821659889339118;0.24879028564141814;0.838164210319519;0.8737578988075256;0.5725417733192444;0.5677096247673035;-0.2562680244445801;0.721239447593689;0.2300398349761963;0.3855125904083252
46;2;1;2.6710786783053937;0.6379440941193995;0.8506441116333008;0.8828796744346619;0.5625261068344116;0.5572186708450317;0.10936956852674484;0.6636142730712891;-0.029240339994430542;0.34205204248428345
46;2;2;2.023698927636426;0.4694918901297145;0.8506441116333008;0.8828796744346619;0.5625261068344116;0.5572186708450317;0.2866366505622864;0.3655467927455902;-0.12469314783811569;0.328567773103714
46;2;3;1.066270507976994;0.30872777120874506;0.8506441116333008;0.8828796744346619;0.5625261068344116;0.5572186708450317;-0.27413102984428406;0.7403892874717712;0.24361562728881836;0.40471166372299194
47;2;1;2.6318122839923905;0.6517877173156492;0.8607085347175598;0.8905839323997498;0.5514235496520996;0.546028733253479;0.1128389835357666;0.6780064702033997;-0.03013494983315468;0.34972599148750305
47;2;2;1.9750843138012266;0.4683691140481394;0.8607085347175598;0.8905839323997498;0.5514235496520996;0.546028733253479;0.2949635982513428;0.37719854712486267;-0.12881696224212646;0.3290313482284546
47;2;3;1.0673737903783245;0.3499998072223103;0.8607085347175598;0.8905839323997498;0.5514235496520996;0.546028733253479;-0.29261332750320435;0.7599889636039734;0.2577599287033081;0.42471471428871155
48;2;1;2.6311785844952666;0.6429356692112203;0.8675523400306702;0.8966239094734192;0.5388973355293274;0.5342888236045837;0.11609355360269547;0.6928315162658691;-0.031206825748085976;0.35842666029930115
48;2;2;1.927938937829519;0.45594503210129167;0.8675523400306702;0.8966239094734192;0.5388973355293274;0.5342888236045837;0.30370670557022095;0.3890661597251892;-0.1321353167295456;0.3308699131011963
48;2;3;1.1589986885538135;0.38879621620371907;0.8675523400306702;0.8966239094734192;0.5388973355293274;0.5342888236045837;-0.3116099238395691;0.7799636721611023;0.2729552090167999;0.4462040960788727
49;2;1;2.64494324595345;0.6360750707260143;0.8768115639686584;0.8998093605041504;0.5254631042480469;0.5226563811302185;0.11895947903394699;0.7079759240150452;-0.0330439917743206;0.3672919273376465
49;2;2;1.8826278570840396;0.45770991515477455;0.8768115639686584;0.8998093605041504;0.5254631042480469;0.5226563811302185;0.3126341700553894;0.4009929597377777;-0.13595464825630188;0.33505532145500183
49;2;3;1.1841910663670987;0.40386054067842325;0.8768115639686584;0.8998093605041504;0.5254631042480469;0.5226563811302185;-0.3309563994407654;0.800189197063446;0.28976261615753174;0.4699733555316925
50;2;1;2.6271696894667738;0.6399636923105421;0.8816424608230591;0.9024071097373962;0.511963963508606;0.5111494064331055;0.1213342472910881;0.7232688069343567;-0.036614056676626205;0.37538814544677734
50;2;2;1.8402285024404543;0.4520480878999904;0.8816424608230591;0.9024071097373962;0.511963963508606;0.5111494064331055;0.32138800621032715;0.41287946701049805;-0.14211401343345642;0.3423819839954376
50;2;3;1.22645937011366;0.40441378343786605;0.8816424608230591;0.9024071097373962;0.511963963508606;0.5111494064331055;-0.3504488468170166;0.8205196261405945;0.30870622396469116;0.496763676404953
51;2;1;2.6085034996957797;0.6371565283005696;0.8888888359069824;0.9043430089950562;0.4984825849533081;0.49970245361328125;0.12314143031835556;0.7386266589164734;-0.042311474680900574;0.38204148411750793
51;2;2;1.821061860407026;0.45727809101215433;0.8888888359069824;0.9043430089950562;0.4984825849533081;0.49970245361328125;0.3297431170940399;0.4246816039085388;-0.15160858631134033;0.35283929109573364
51;2;3;1.2389590798004484;0.43558823747154785;0.8888888359069824;0.9043430089950562;0.4984825849533081;0.49970245361328125;-0.36988839507102966;0.8408358693122864;0.33010974526405334;0.5270327925682068
52;2;1;2.620132947013203;0.6406545405177608;0.8941223621368408;0.9067333936691284;0.48582953214645386;0.48808765411376953;0.12431216239929199;0.7540445923805237;-0.04995910823345184;0.38704487681388855
52;2;2;1.7944715226500385;0.4526354622837232;0.8941223621368408;0.9067333936691284;0.48582953214645386;0.48808765411376953;0.33763182163238525;0.4364263415336609;-0.16440817713737488;0.36571022868156433
52;2;3;1.2220191601160622;0.450422001124795;0.8941223621368408;0.9067333936691284;0.48582953214645386;0.48808765411376953;-0.3891259431838989;0.8610806465148926;0.3539978563785553;0.560815691947937
53;2;1;2.5852211953810107;0.6473325736064046;0.9001610279083252;0.9088866114616394;0.4745842516422272;0.47633054852485657;0.12488164007663727;0.769580066204071;-0.058799564838409424;0.3907167911529541
53;2;2;1.7742636380600034;0.45588190518913674;0.9001610279083252;0.9088866114616394;0.4745842516422272;0.47633054852485657;0.3451422452926636;0.44820600748062134;-0.17987315356731415;0.37954089045524597
53;2;3;1.184266759966425;0.4535108602238265;0.9001610279083252;0.9088866114616394;0.4745842516422272;0.47633054852485657;-0.40808600187301636;0.881262481212616;0.3800860643386841;0.5977100133895874
54;2;1;2.5857378480114956;0.6462270859835435;0.9041867852210999;0.9111831188201904;0.4646517038345337;0.4643845856189728;0.1249692440032959;0.7852962613105774;-0.06786669790744781;0.393766313791275
54;2;2;1.7232574109437078;0.4448514363498921;0.9041867852210999;0.9111831188201904;0.4646517038345337;0.4643845856189728;0.3524821102619171;0.4600948691368103;-0.19693589210510254;0.3930349349975586
54;2;3;1.147025757355423;0.46601292879597667;0.9041867852210999;0.9111831188201904;0.4646517038345337;0.4643845856189728;-0.42676636576652527;0.9014374613761902;0.4078642725944519;0.6369943022727966
55;2;1;2.592108104079628;0.6364422863791104;0.9066022634506226;0.9143389463424683;0.45593658089637756;0.45254671573638916;0.12459299713373184;0.8013278245925903;-0.07639611512422562;0.39690905809402466
55;2;2;1.6739842915764136;0.4439659841070136;0.9066022634506226;0.9143389463424683;0.45593658089637756;0.45254671573638916;0.3598818778991699;0.47217488288879395;-0.21430402994155884;0.4051669239997864
55;2;3;1.1485556432895505;0.4533489573770222;0.9066022634506226;0.9143389463424683;0.45593658089637756;0.45254671573638916;-0.4452107846736908;0.9216724038124084;0.4367212653160095;0.6778042912483215
56;2;1;2.6014987248216714;0.6419776377146551;0.9090177416801453;0.9183145761489868;0.4477812945842743;0.44075921177864075;0.12385866791009903;0.8177785873413086;-0.0836496576666832;0.4007510244846344
56;2;2;1.6557733900171607;0.43877719959248074;0.9090177416801453;0.9183145761489868;0.4477812945842743;0.44075921177864075;0.3675300180912018;0.48448646068573;-0.23087017238140106;0.41551846265792847
56;2;3;1.1348998708966818;0.4604501993604031;0.9090177416801453;0.9183145761489868;0.4477812945842743;0.44075921177864075;-0.46347886323928833;0.9420216679573059;0.4660663902759552;0.7193045616149902
57;2;1;2.6255818900193226;0.6528305248230861;0.912238359451294;0.9228630661964417;0.4395298659801483;0.42876362800598145;0.1227637529373169;0.8346680402755737;-0.08922789990901947;0.4057852327823639
57;2;2;1.6609315440155665;0.44129864214978376;0.912238359451294;0.9228630661964417;0.4395298659801483;0.42876362800598145;0.3755591809749603;0.49698325991630554;-0.24573783576488495;0.42449843883514404
57;2;3;1.1166296082821523;0.4681396136387539;0.912238359451294;0.9228630661964417;0.4395298659801483;0.42876362800598145;-0.48162025213241577;0.962504506111145;0.4954385459423065;0.7608430981636047
58;2;1;2.6118294322030575;0.6667989188121499;0.9122382998466492;0.9269028902053833;0.43047621846199036;0.41665080189704895;0.12120937556028366;0.8519232273101807;-0.0933469757437706;0.41181784868240356
58;2;2;1.6194203948140737;0.44694173196159115;0.9122382998466492;0.9269028902053833;0.43047621846199036;0.41665080189704895;0.3839440941810608;0.5095166563987732;-0.2586667537689209;0.43350744247436523
58;2;3;1.1186820218168352;0.48016035518937317;0.9122382998466492;0.9269028902053833;0.43047621846199036;0.41665080189704895;-0.49964627623558044;0.9830861687660217;0.5245814919471741;0.8020574450492859
59;2;1;2.627408374240459;0.6623957526048176;0.9158614873886108;0.9309871196746826;0.4201892018318176;0.4045127034187317;0.11906510591506958;0.869390070438385;-0.09646797180175781;0.41859397292137146
59;2;2;1.641057889153604;0.4648625955345107;0.9158614873886108;0.9309871196746826;0.4201892018318176;0.4045127034187317;0.3925143778324127;0.5219829082489014;-0.2700955271720886;0.4435320198535919
59;2;3;1.1170745488694775;0.4882823349340564;0.9158614873886108;0.9309871196746826;0.4201892018318176;0.4045127034187317;-0.5175305604934692;1.0036813020706177;0.5534268021583557;0.842850923538208
60;2;1;2.6619880939727754;0.6929843910752904;0.9198873043060303;0.9345331192016602;0.4092727303504944;0.392815500497818;0.11623957008123398;0.8869211673736572;-0.09903887659311295;0.4255506992340088
60;2;2;1.6372782746088;0.469520481966728;0.9198873043060303;0.9345331192016602;0.4092727303504944;0.392815500497818;0.40118110179901123;0.5341774821281433;-0.280117928981781;0.4558230936527252
60;2;3;1.1283975456852886;0.5084836403301014;0.9198873043060303;0.9345331192016602;0.4092727303504944;0.392815500497818;-0.5352166891098022;1.0241683721542358;0.5820375680923462;0.8833126425743103
61;2;1;2.6624429633588083;0.7030278658167166;0.923107922077179;0.938143253326416;0.39722755551338196;0.3816505968570709;0.11255152523517609;0.9042801260948181;-0.10185908526182175;0.4321659803390503
61;2;2;1.675899271630115;0.48420970884436265;0.923107922077179;0.938143253326416;0.39722755551338196;0.3816505968570709;0.4097203016281128;0.5459480285644531;-0.2894751727581024;0.47127923369407654
61;2;3;1.1391516764588934;0.5200466633888845;0.923107922077179;0.938143253326416;0.39722755551338196;0.3816505968570709;-0.55262690782547;1.044409155845642;0.6105549931526184;0.9236423373222351
62;2;1;2.692533773162017;0.7113118443396091;0.9303542375564575;0.9414472579956055;0.3850250244140625;0.3709104359149933;0.10784464329481125;0.9212881326675415;-0.10533175617456436;0.438063383102417
62;2;2;1.6928922768571217;0.5035728227541796;0.9303542375564575;0.9414472579956055;0.3850250244140625;0.3709104359149933;0.41796761751174927;0.5571800470352173;-0.29879236221313477;0.4903380274772644
62;2;3;1.1466061876884623;0.5289431415514252;0.9303542375564575;0.9414472579956055;0.3850250244140625;0.3709104359149933;-0.5696950554847717;1.0642940998077393;0.6390882134437561;0.9639944434165955
63;2;1;2.6932691309770185;0.7146875266628419;0.934380054473877;0.9459611773490906;0.3729395866394043;0.36011481285095215;0.1021634116768837;0.9378406405448914;-0.10954923927783966;0.44336405396461487
63;2;2;1.714697398287119;0.5141932074295013;0.934380054473877;0.9459611773490906;0.3729395866394043;0.36011481285095215;0.42587676644325256;0.5678707957267761;-0.30827388167381287;0.5126269459724426
63;2;3;1.1364686322345987;0.5423274206927391;0.934380054473877;0.9459611773490906;0.3729395866394043;0.36011481285095215;-0.5863932371139526;1.0837804079055786;0.6676406860351562;1.0043736696243286
64;2;1;2.726537789941398;0.7018883833702141;0.9400160908699036;0.9506232738494873;0.36095333099365234;0.3490200936794281;0.0955706387758255;0.953940212726593;-0.11435621231794357;0.44848230481147766
64;2;2;1.7094910529104679;0.5257849352815258;0.9400160908699036;0.9506232738494873;0.36095333099365234;0.3490200936794281;0.43343329429626465;0.578152060508728;-0.31798607110977173;0.537192165851593
64;2;3;1.11609796258647;0.5599190259368476;0.9400160908699036;0.9506232738494873;0.36095333099365234;0.3490200936794281;-0.6027377843856812;1.1028956174850464;0.6961074471473694;1.044631838798523
65;2;1;2.730182062509831;0.7072292337389445;0.944041907787323;0.9559718370437622;0.34944814443588257;0.337740421295166;0.08824707567691803;0.9696027636528015;-0.11951488256454468;0.4540056586265564
65;2;2;1.7138114262744146;0.5545736799764094;0.944041907787323;0.9559718370437622;0.34944814443588257;0.337740421295166;0.440692275762558;0.5881556272506714;-0.327854186296463;0.563200831413269
65;2;3;1.1022560706324285;0.5696184083030151;0.944041907787323;0.9559718370437622;0.34944814443588257;0.337740421295166;-0.6187762022018433;1.1217167377471924;0.7243170142173767;1.0845261812210083
66;2;1;2.7125306392913515;0.7026529966014694;0.9504830837249756;0.9614487886428833;0.3381810784339905;0.3265800476074219;0.08033416420221329;0.9849772453308105;-0.12457334250211716;0.4602872431278229
66;2;2;1.732606745131326;0.5677178181656517;0.9504830837249756;0.9614487886428833;0.3381810784339905;0.3265800476074219;0.4477848410606384;0.5980151295661926;-0.33759650588035583;0.5897278785705566
66;2;3;1.0985270937780323;0.5846256945292976;0.9504830837249756;0.9614487886428833;0.3381810784339905;0.3265800476074219;-0.6345672011375427;1.1403422355651855;0.7520809769630432;1.1237903833389282
67;2;1;2.7027445638456937;0.7039029446284246;0.956924319267273;0.9663972854614258;0.32679611444473267;0.3154843747615814;0.07202088087797165;1.000101089477539;-0.12932755053043365;0.467948317527771
67;2;2;1.7283268728910137;0.5788277091222325;0.956924319267273;0.9663972854614258;0.32679611444473267;0.3154843747615814;0.45476409792900085;0.6078826785087585;-0.3471778631210327;0.6159281134605408
67;2;3;1.1134408464713408;0.616658164761918;0.956924319267273;0.9663972854614258;0.32679611444473267;0.3154843747615814;-0.6501601338386536;1.1588584184646606;0.7792630791664124;1.162231683731079
68;2;1;2.6884022904538494;0.716431637566016;0.9625604152679443;0.9707927107810974;0.31494465470314026;0.3042859733104706;0.06337759643793106;1.0150924921035767;-0.13326773047447205;0.47746333479881287
68;2;2;1.769530185720817;0.6124051269348532;0.9625604152679443;0.9707927107810974;0.31494465470314026;0.3042859733104706;0.4617398679256439;0.6178787350654602;-0.3564528822898865;0.6408188939094543
68;2;3;1.1288481387318896;0.6456806452816304;0.9625604152679443;0.9707927107810974;0.31494465470314026;0.3042859733104706;-0.6655855178833008;1.1773216724395752;0.8058159351348877;1.1997830867767334
69;2;1;2.6730198140683576;0.7131157058307229;0.9690015912055969;0.9746794700622559;0.30282530188560486;0.293056458234787;0.05453169345855713;1.0299723148345947;-0.13626019656658173;0.4887758791446686
69;2;2;1.8105569713274985;0.6298020699143123;0.9690015912055969;0.9746794700622559;0.30282530188560486;0.293056458234787;0.4686952233314514;0.628042995929718;-0.36563393473625183;0.6640863418579102
69;2;3;1.125304970052726;0.6853609579210045;0.9690015912055969;0.9746794700622559;0.30282530188560486;0.293056458234787;-0.6808416843414307;1.1957355737686157;0.8318184018135071;1.236556053161621
70;2;1;2.6825914890779314;0.7237424922981255;0.9726247787475586;0.9778896570205688;0.29017630219459534;0.2818244695663452;0.04553775116801262;1.0447258949279785;-0.13841503858566284;0.5012785196304321
70;2;2;1.8708384488593532;0.6582125319310594;0.9726247787475586;0.9778896570205688;0.29017630219459534;0.2818244695663452;0.475585013628006;0.6382971405982971;-0.37500137090682983;0.6859930157661438
70;2;3;1.1405848450606557;0.7243560041146004;0.9726247787475586;0.9778896570205688;0.29017630219459534;0.2818244695663452;-0.6958960890769958;1.2140538692474365;0.857464075088501;1.2728245258331299
71;2;1;2.6742220937898225;0.7259432912848292;0.977053165435791;0.9808923006057739;0.2772452235221863;0.2708255350589752;0.03639025241136551;1.059247374534607;-0.14000926911830902;0.514440655708313
71;2;2;1.9516366316755933;0.6849081829690018;0.977053165435791;0.9808923006057739;0.2772452235221863;0.2708255350589752;0.4823231101036072;0.648529589176178;-0.3849557042121887;0.7068748474121094
71;2;3;1.1124410054066916;0.7329665838324657;0.977053165435791;0.9808923006057739;0.2772452235221863;0.2708255350589752;-0.7106923460960388;1.2321912050247192;0.8830219507217407;1.3089687824249268
72;2;1;2.7197509482616615;0.7433499181828545;0.9798711538314819;0.9834554195404053;0.26396042108535767;0.2603183686733246;0.027013814076781273;1.0733946561813354;-0.14157553017139435;0.5274949073791504
72;2;2;2.0000224616198636;0.7186269827523448;0.9798711538314819;0.9834554195404053;0.26396042108535767;0.2603183686733246;0.4887678623199463;0.6585993766784668;-0.3960171639919281;0.7272557020187378
72;2;3;1.1191595736392674;0.7376202559249747;0.9798711538314819;0.9834554195404053;0.26396042108535767;0.2603183686733246;-0.7251578569412231;1.2500377893447876;0.9087815880775452;1.3453984260559082
73;2;1;2.709022345409868;0.7448303808056922;0.9810789227485657;0.9854951500892639;0.2510853111743927;0.2503206133842468;0.0173006784170866;1.0870587825775146;-0.14330020546913147;0.5399130582809448
73;2;2;1.9932720956426015;0.7450693690987942;0.9810789227485657;0.9854951500892639;0.2510853111743927;0.2503206133842468;0.49480587244033813;0.6684024333953857;-0.40854859352111816;0.7474457025527954
73;2;3;1.1131694474289322;0.7572541214125663;0.9810789227485657;0.9854951500892639;0.2510853111743927;0.2503206133842468;-0.7392292022705078;1.2674949169158936;0.9349687695503235;1.3824326992034912
74;2;1;2.686411879954404;0.7533939885389742;0.9851046800613403;0.9871989488601685;0.2384963482618332;0.2407369315624237;0.00736082810908556;1.100135087966919;-0.1454763263463974;0.5512006878852844
74;2;2;1.9766390776389215;0.767463214713469;0.9851046800613403;0.9871989488601685;0.2384963482618332;0.2407369315624237;0.5003456473350525;0.6778423190116882;-0.4228350818157196;0.7679117918014526
74;2;3;1.1074382322646983;0.7703370473804112;0.9851046800613403;0.9871989488601685;0.2384963482618332;0.2407369315624237;-0.7528738975524902;1.2845079898834229;0.9616875052452087;1.420218586921692
75;2;1;2.679214177145452;0.7510236042952547;0.988325297832489;0.9886460304260254;0.22667095065116882;0.23162199556827545;-0.0026601196732372046;1.1126694679260254;-0.1479937583208084;0.5612706542015076
75;2;2;1.999395568488703;0.7616982551468334;0.988325297832489;0.9886460304260254;0.22667095065116882;0.23162199556827545;0.5055042505264282;0.6868775486946106;-0.43851423263549805;0.7886664867401123
75;2;3;1.088538708407385;0.7875180854566848;0.988325297832489;0.9886460304260254;0.22667095065116882;0.23162199556827545;-0.7661044001579285;1.301088809967041;0.988879382610321;1.4586737155914307
76;2;1;2.6514140985479493;0.7559539018376764;0.988325297832489;0.989855945110321;0.21573111414909363;0.22316661477088928;-0.012538373470306396;1.124765157699585;-0.15044660866260529;0.570496141910553
76;2;2;2.0143032794633573;0.7557479846934805;0.988325297832489;0.989855945110321;0.21573111414909363;0.22316661477088928;0.5104247331619263;0.6955861449241638;-0.45516297221183777;0.8092281222343445
76;2;3;1.0709362792838908;0.8028124362502917;0.988325297832489;0.989855945110321;0.21573111414909363;0.22316661477088928;-0.7789665460586548;1.3173023462295532;1.016355276107788;1.497530460357666
77;2;1;2.646931143590413;0.7704093294025194;0.9895329475402832;0.9906659126281738;0.2056957632303238;0.21537700295448303;-0.022060275077819824;1.1366298198699951;-0.1522403359413147;0.579183042049408
77;2;2;1.9814792987400809;0.7549726480093808;0.9895329475402832;0.9906659126281738;0.2056957632303238;0.21537700295448303;0.5152601003646851;0.7041072845458984;-0.4722287058830261;0.8289138078689575
77;2;3;1.0485202796703765;0.7984310371689949;0.9895329475402832;0.9906659126281738;0.2056957632303238;0.21537700295448303;-0.7915160059928894;1.3332293033599854;1.0438777208328247;1.5364530086517334
78;2;1;2.639456530586611;0.7633967316888493;0.9911433458328247;0.99114990234375;0.19665148854255676;0.2084193080663681;-0.03114539384841919;1.1484665870666504;-0.15270748734474182;0.5875082015991211
78;2;2;2.004667004629436;0.758132190964143;0.9911433458328247;0.99114990234375;0.19665148854255676;0.2084193080663681;0.5202085375785828;0.712496280670166;-0.48903125524520874;0.8473107814788818
78;2;3;1.0427252647584018;0.8153913196563978;0.9911433458328247;0.99114990234375;0.19665148854255676;0.2084193080663681;-0.8037912249565125;1.3489254713058472;1.0712436437606812;1.575154423713684
79;2;1;2.6595450983478983;0.7648644407402294;0.9915459156036377;0.9914512038230896;0.1882745921611786;0.20200274884700775;-0.03966435417532921;1.1603221893310547;-0.1516936868429184;0.595632791519165
79;2;2;2.00428282647188;0.75862362658108;0.9915459156036377;0.9914512038230896;0.1882745921611786;0.20200274884700775;0.5253437161445618;0.7207696437835693;-0.5053085684776306;0.8641397953033447
79;2;3;1.028495827052704;0.8157788413362335;0.9915459156036377;0.9914512038230896;0.1882745921611786;0.20200274884700775;-0.8157918453216553;1.3643896579742432;1.0983564853668213;1.6134976148605347
80;2;1;2.6747931213770126;0.7584316294438089;0.9923510551452637;0.9915894865989685;0.18047645688056946;0.19587093591690063;-0.04761749505996704;1.1721094846725464;-0.14931334555149078;0.6034983992576599
80;2;2;2.0046564785315306;0.7702778523075979;0.9923510551452637;0.9915894865989685;0.18047645688056946;0.19587093591690063;0.5305817127227783;0.7288934588432312;-0.5212069153785706;0.8794440627098083
80;2;3;1.0033848799702696;0.8181816356089624;0.9923510551452637;0.9915894865989685;0.18047645688056946;0.19587093591690063;-0.8274767398834229;1.3795593976974487;1.1252423524856567;1.6515201330184937
81;2;1;2.676024727331537;0.752676781906402;0.9939613938331604;0.9917820692062378;0.17330844700336456;0.19000104069709778;-0.05499544367194176;1.1835782527923584;-0.14589910209178925;0.6111116409301758
81;2;2;1.9872550888629918;0.7678419777916146;0.9939613938331604;0.9917820692062378;0.17330844700336456;0.19000104069709778;0.5357400178909302;0.7367686629295349;-0.5371452569961548;0.8936103582382202
81;2;3;0.9993262458723287;0.8248786419396303;0.9939613938331604;0.9917820692062378;0.17330844700336456;0.19000104069709778;-0.8387769460678101;1.39432954788208;1.1520161628723145;1.689383864402771
82;2;1;2.6680862983516986;0.759697535192374;0.9947664737701416;0.9921524524688721;0.16672317683696747;0.1844109147787094;-0.06181035190820694;1.1945114135742188;-0.14208003878593445;0.618064284324646
82;2;2;2.015385943224966;0.7684632598386982;0.9947664737701416;0.9921524524688721;0.16672317683696747;0.1844109147787094;0.5406538844108582;0.7442360520362854;-0.5535013675689697;0.907287061214447
82;2;3;0.9820715705102421;0.8326140747099333;0.9947664737701416;0.9921524524688721;0.16672317683696747;0.1844109147787094;-0.8496217727661133;1.4085869789123535;1.178807258605957;1.7272722721099854
83;2;1;2.680802446129621;0.7555165871379872;0.9947665333747864;0.9923648834228516;0.1608944833278656;0.17920680344104767;-0.06804906576871872;1.2047473192214966;-0.13847534358501434;0.6239906549453735
83;2;2;2.0314818085958244;0.7706662745171946;0.9947665333747864;0.9923648834228516;0.1608944833278656;0.17920680344104767;0.5451771020889282;0.7511845827102661;-0.570565402507782;0.9210322499275208
83;2;3;0.9711207325157236;0.8353785234884823;0.9947665333747864;0.9923648834228516;0.1608944833278656;0.17920680344104767;-0.8599644899368286;1.4222517013549805;1.2056833505630493;1.7652807235717773
84;2;1;2.674684806964236;0.7599726785544707;0.9947665929794312;0.9925969243049622;0.15584835410118103;0.1742400825023651;-0.0738280788064003;1.2142494916915894;-0.1354808360338211;0.6286730766296387
84;2;2;2.0190619506191965;0.7738364402738029;0.9947665929794312;0.9925969243049622;0.15584835410118103;0.1742400825023651;0.5492802858352661;0.7575673460960388;-0.5883245468139648;0.9351581335067749
84;2;3;0.9548530519911296;0.8367042327913059;0.9947665929794312;0.9925969243049622;0.15584835410118103;0.1742400825023651;-0.8698023557662964;1.4353082180023193;1.2325981855392456;1.8033441305160522
85;2;1;2.6968775430586964;0.7734284676829741;0.9955716729164124;0.9927154779434204;0.15162596106529236;0.16938376426696777;-0.07913750410079956;1.223098635673523;-0.13307179510593414;0.632286012172699
85;2;2;2.0246599011434636;0.7741201113560692;0.9955716729164124;0.9927154779434204;0.15162596106529236;0.16938376426696777;0.5529998540878296;0.7634639143943787;-0.6065556406974792;0.9495798945426941
85;2;3;0.9492325323792628;0.8387937059986856;0.9955716729164124;0.9927154779434204;0.15162596106529236;0.16938376426696777;-0.879180908203125;1.447813868522644;1.2593824863433838;1.8412227630615234
86;2;1;2.732133496481512;0.7718072898266257;0.9959742426872253;0.9928388595581055;0.14818112552165985;0.16468927264213562;-0.08395558595657349;1.2314863204956055;-0.13079999387264252;0.6352328062057495
86;2;2;2.025827471852298;0.7847307582193683;0.9959742426872253;0.9928388595581055;0.14818112552165985;0.16468927264213562;0.556476891040802;0.7690123319625854;-0.6247984170913696;0.9639419913291931
86;2;3;0.9288669042612279;0.8327785898188478;0.9959742426872253;0.9928388595581055;0.14818112552165985;0.16468927264213562;-0.8881794810295105;1.4598764181137085;1.28578519821167;1.8785618543624878
87;2;1;2.722858412472516;0.7751831532741802;0.9967793822288513;0.9929871559143066;0.14533136785030365;0.16031809151172638;-0.08825701475143433;1.239647388458252;-0.12816362082958221;0.6379885077476501
87;2;2;2.031576281427226;0.7916785079177164;0.9967793822288513;0.9929871559143066;0.14533136785030365;0.16031809151172638;0.5599229335784912;0.7743526697158813;-0.6424242258071899;0.9777910113334656
87;2;3;0.9203344602824632;0.8343840553472757;0.9967793822288513;0.9929871559143066;0.14533136785030365;0.16031809151172638;-0.8968822360038757;1.471612811088562;1.3115514516830444;1.9150009155273438
88;2;1;2.7073482630136674;0.7697792740453311;0.9963767528533936;0.9930365085601807;0.14298881590366364;0.15633293986320496;-0.09198504686355591;1.247704267501831;-0.1250932663679123;0.6406249403953552
88;2;2;2.0286621676045256;0.7890002085990204;0.9963767528533936;0.9930365085601807;0.14298881590366364;0.15633293986320496;0.5634115934371948;0.7795440554618835;-0.6592146158218384;0.9911283254623413
88;2;3;0.9269260792314009;0.8343951389791089;0.9963767528533936;0.9930365085601807;0.14298881590366364;0.15633293986320496;-0.9053477048873901;1.4831037521362305;1.336505651473999;1.9502915143966675
89;2;1;2.713541005170441;0.7696502917237478;0.9963768720626831;0.9931648969650269;0.14090585708618164;0.15268948674201965;-0.09516622871160507;1.2557005882263184;-0.1215154156088829;0.6433984637260437
89;2;2;2.017877456165597;0.7818501909194908;0.9963768720626831;0.9931648969650269;0.14090585708618164;0.15268948674201965;0.5669905543327332;0.7846376299858093;-0.6750034093856812;1.0037953853607178
89;2;3;0.9187444792222603;0.8306424668115056;0.9963768720626831;0.9931648969650269;0.14090585708618164;0.15268948674201965;-0.9136004447937012;1.494381308555603;1.3605741262435913;1.9843294620513916
90;2;1;2.7215633591351622;0.7663862289638619;0.9963768720626831;0.9932488799095154;0.13883163034915924;0.1493074893951416;-0.0979260802268982;1.2635551691055298;-0.11759709566831589;0.6462748050689697
90;2;2;2.01480905610474;0.7956039319764643;0.9963768720626831;0.9932488799095154;0.13883163034915924;0.1493074893951416;0.5705918669700623;0.789604127407074;-0.6899449229240417;1.0159657001495361
90;2;3;0.9257505334467862;0.8325911327972078;0.9963768720626831;0.9932488799095154;0.13883163034915924;0.1493074893951416;-0.9216289520263672;1.505424976348877;1.3837920427322388;2.017164468765259
91;2;1;2.738320364731641;0.7749519334317805;0.9959741830825806;0.9933081269264221;0.13690954446792603;0.1462513953447342;-0.10036297142505646;1.2711164951324463;-0.11382895708084106;0.6489557027816772
91;2;2;2.027670791038675;0.7989701255143693;0.9959741830825806;0.9933081269264221;0.13690954446792603;0.1462513953447342;0.5740814805030823;0.7943512797355652;-0.7043842077255249;1.0280441045761108
91;2;3;0.9190551056298917;0.8270816496503777;0.9959741830825806;0.9933081269264221;0.13690954446792603;0.1462513953447342;-0.9293963313102722;1.516177773475647;1.4062687158584595;2.0489513874053955
92;2;1;2.7406833425809465;0.7824198926147137;0.9959741830825806;0.9934068918228149;0.13524594902992249;0.14353445172309875;-0.10253655910491943;1.278271198272705;-0.11064672470092773;0.6510483622550964
92;2;2;2.014072227391357;0.7998563607854123;0.9959741830825806;0.9934068918228149;0.13524594902992249;0.14353445172309875;0.5773506760597229;0.798780620098114;-0.7186038494110107;1.0404125452041626
92;2;3;0.9077233558894067;0.8294466806536236;0.9959741830825806;0.9934068918228149;0.13524594902992249;0.14353445172309875;-0.9368643760681152;1.5265811681747437;1.428120493888855;2.0798544883728027
93;2;1;2.7466564840544523;0.7808210971637299;0.9955716133117676;0.9934661388397217;0.13385476171970367;0.14103160798549652;-0.10446186363697052;1.2849102020263672;-0.1081409677863121;0.6525647640228271
93;2;2;2.011692103581848;0.7992293832331518;0.9955716133117676;0.9934661388397217;0.13385476171970367;0.14103160798549652;0.5803139805793762;0.8028526306152344;-0.7328284978866577;1.0532442331314087
93;2;3;0.89011299502691;0.8319896823380315;0.9955716133117676;0.9934661388397217;0.13385476171970367;0.14103160798549652;-0.9440138339996338;1.5366045236587524;1.4494190216064453;2.1099750995635986
94;2;1;2.740983559049883;0.7811391017773381;0.9951690435409546;0.9935599565505981;0.13246935606002808;0.13866813480854034;-0.10616389662027359;1.2910051345825195;-0.10642309486865997;0.6536638736724854
94;2;2;2.0241094813872147;0.8045574892655405;0.9951690435409546;0.9935599565505981;0.13246935606002808;0.13866813480854034;0.5829561948776245;0.8065933585166931;-0.7471093535423279;1.066461205482483
94;2;3;0.8809565573765656;0.8326384284253663;0.9951690435409546;0.9935599565505981;0.13246935606002808;0.13866813480854034;-0.9508517980575562;1.5462558269500732;1.4701708555221558;2.139322519302368
95;2;1;2.770808409796169;0.7860552360882593;0.9951690435409546;0.9935896396636963;0.13114365935325623;0.1364784836769104;-0.10763063281774521;1.29664146900177;-0.10535750538110733;0.6545557379722595
95;2;2;2.02217766190953;0.803010476991517;0.9951690435409546;0.9935896396636963;0.13114365935325623;0.1364784836769104;0.5853548645973206;0.8100703954696655;-0.7612799406051636;1.0798194408416748
95;2;3;0.8766586251638495;0.8376675151767321;0.9951690435409546;0.9935896396636963;0.13114365935325623;0.1364784836769104;-0.9574119448661804;1.5555802583694458;1.4903194904327393;2.1678171157836914
96;2;1;2.774825775850509;0.7860103641451683;0.9951690435409546;0.9936488270759583;0.12994278967380524;0.13447518646717072;-0.10880064219236374;1.3019999265670776;-0.10476367920637131;0.6553659439086914
96;2;2;2.029057809966443;0.8031435956465414;0.9951690435409546;0.9936488270759583;0.12994278967380524;0.13447518646717072;0.5876389145851135;0.8133825659751892;-0.7750391364097595;1.0929523706436157
96;2;3;0.8746110670429186;0.8384664052980497;0.9951690435409546;0.9936488270759583;0.12994278967380524;0.13447518646717072;-0.9637418985366821;1.5646411180496216;1.509779453277588;2.1953375339508057
97;2;1;2.7728818850620707;0.7840923928713579;0.9955716729164124;0.9937081336975098;0.12874890863895416;0.13264845311641693;-0.10972674190998077;1.3071409463882446;-0.10434889048337936;0.656538724899292
97;2;2;2.0260419538208057;0.8121296548054593;0.9955716729164124;0.9937081336975098;0.12874890863895416;0.13264845311641693;0.5898790955543518;0.816628634929657;-0.7882189154624939;1.1055667400360107
97;2;3;0.875945655268846;0.8382102141326626;0.9955716729164124;0.9937081336975098;0.12874890863895416;0.13264845311641693;-0.969884991645813;1.5734944343566895;1.5284816026687622;2.2217864990234375
98;2;1;2.80270517453141;0.7914208275317609;0.9951691031455994;0.9937722682952881;0.12756356596946716;0.13092932105064392;-0.11043991893529892;1.312138557434082;-0.10401785373687744;0.6580595374107361
98;2;2;2.0219786929518877;0.8025885885704178;0.9951691031455994;0.9937722682952881;0.12756356596946716;0.13092932105064392;0.5921310186386108;0.8198339343070984;-0.8007263541221619;1.1176053285598755
98;2;3;0.8747970331112018;0.8390064458470652;0.9951691031455994;0.9937722682952881;0.12756356596946716;0.13092932105064392;-0.9758684039115906;1.5821694135665894;1.5464054346084595;2.2471346855163574
99;2;1;2.81082752477138;0.7943343885569796;0.9955716133117676;0.9938563108444214;0.12634631991386414;0.12928809225559235;-0.11099231243133545;1.3170171976089478;-0.10375934094190598;0.6597682237625122
99;2;2;2.018033273623808;0.8023084043672317;0.9955716133117676;0.9938563108444214;0.12634631991386414;0.12928809225559235;0.5944053530693054;0.8229807019233704;-0.8125500082969666;1.1291813850402832
99;2;3;0.8724656164120592;0.8393177504226912;0.9955716133117676;0.9938563108444214;0.12634631991386414;0.12928809225559235;-0.9817005395889282;1.5906659364700317;1.5635827779769897;2.2714271545410156
100;2;1;2.8137316746767542;0.7932432254122501;0.9955716133117676;0.9939600229263306;0.12511926889419556;0.12772732973098755;-0.11148325353860855;1.321742296218872;-0.10362006723880768;0.6614940762519836
100;2;2;2.021238381456963;0.802709697062558;0.9955716133117676;0.9939600229263306;0.12511926889419556;0.12772732973098755;0.5966582894325256;0.8260378241539001;-0.8237723708152771;1.1404756307601929
100;2;3;0.8669527548073432;0.8351060672859782;0.9955716133117676;0.9939600229263306;0.12511926889419556;0.12772732973098755;-0.9873745441436768;1.5989627838134766;1.5800846815109253;2.294764280319214
101;2;1;2.8125322436670857;0.7892497533597469;0.9959741830825806;0.9939649105072021;0.12393273413181305;0.12626194953918457;-0.11202987283468246;1.326248049736023;-0.1035749539732933;0.6633044481277466
101;2;2;2.0255512468736665;0.8020582081635328;0.9959741830825806;0.9939649105072021;0.12393273413181305;0.12626194953918457;0.5988477468490601;0.8289933204650879;-0.8344992399215698;1.1514859199523926
101;2;3;0.863047344881684;0.8378377678015594;0.9959741830825806;0.9939649105072021;0.12393273413181305;0.12626194953918457;-0.9928765296936035;1.607028841972351;1.5959981679916382;2.3172693252563477
102;2;1;2.8168140103027213;0.7879316518059749;0.9959741830825806;0.994063675403595;0.12283091992139816;0.12488847970962524;-0.11274134367704391;1.3305037021636963;-0.10369771718978882;0.664823591709137
102;2;2;2.0271082186798113;0.8080190794812174;0.9959741830825806;0.994063675403595;0.12283091992139816;0.12488847970962524;0.6009252667427063;0.8317785263061523;-0.8448373675346375;1.1625207662582397
102;2;3;0.8602984145267785;0.8386518691093012;0.9959741830825806;0.994063675403595;0.12283091992139816;0.12488847970962524;-0.9981924891471863;1.6148357391357422;1.6114070415496826;2.3390607833862305
103;2;1;2.809411831999342;0.7901218141086455;0.9959741830825806;0.9941378235816956;0.12180791795253754;0.12358152866363525;-0.11360836029052734;1.3345353603363037;-0.10412142425775528;0.6657331585884094
103;2;2;2.0296981232824036;0.8085070310792934;0.9959741830825806;0.9941378235816956;0.12180791795253754;0.12358152866363525;0.6028677821159363;0.8343672752380371;-0.854876697063446;1.1736661195755005
103;2;3;0.8593224248704532;0.8343086552577803;0.9959741830825806;0.9941378235816956;0.12180791795253754;0.12358152866363525;-1.0033166408538818;1.6223711967468262;1.6263669729232788;2.360217332839966
104;2;1;2.805272713473017;0.7899961272926515;0.9959741830825806;0.9941921234130859;0.12080249190330505;0.12232384085655212;-0.1146194115281105;1.338367223739624;-0.10477383434772491;0.6660923957824707
104;2;2;2.0368362963846582;0.8086951321290923;0.9959741830825806;0.9941921234130859;0.12080249190330505;0.12232384085655212;0.6046932339668274;0.836776852607727;-0.8646180629730225;1.1848419904708862
104;2;3;0.8592075352516684;0.8345905806904943;0.9959741830825806;0.9941921234130859;0.12080249190330505;0.12232384085655212;-1.0082563161849976;1.629647135734558;1.640893578529358;2.38076114654541
105;2;1;2.797331815198593;0.7898392924700346;0.9963767528533936;0.9941872358322144;0.11978930979967117;0.1211191862821579;-0.11575045436620712;1.3420696258544922;-0.10539770126342773;0.6661439538002014
105;2;2;2.0328747989537943;0.8083832410963554;0.9963767528533936;0.9941872358322144;0.11978930979967117;0.1211191862821579;0.6064631342887878;0.8390713334083557;-0.8739557266235352;1.1957745552062988
105;2;3;0.8603484120429767;0.8353709838126502;0.9963767528533936;0.9941872358322144;0.11978930979967117;0.1211191862821579;-1.013028621673584;1.6366932392120361;1.6549720764160156;2.4006710052490234
106;2;1;2.7988743766059976;0.7921279599859563;0.9963768720626831;0.9942266941070557;0.11877679824829102;0.12000426650047302;-0.11697053909301758;1.3457163572311401;-0.10570134222507477;0.6661226153373718
106;2;2;2.039081628328871;0.8086352123457186;0.9963768720626831;0.9942266941070557;0.11877679824829102;0.12000426650047302;0.6082361340522766;0.8413158655166626;-0.8827986717224121;1.2061877250671387
106;2;3;0.8615491375466204;0.8356219837915462;0.9963768720626831;0.9942266941070557;0.11877679824829102;0.12000426650047302;-1.0176501274108887;1.643540620803833;1.6685855388641357;2.4199233055114746
107;2;1;2.801755282935842;0.7935251786096433;0.9967794418334961;0.9942612648010254;0.1174403727054596;0.11897972971200943;-0.11819212883710861;1.3493322134017944;-0.10561468452215195;0.6662471294403076
107;2;2;2.0356581347855407;0.8086352123457181;0.9967794418334961;0.9942612648010254;0.1174403727054596;0.11897972971200943;0.6100401878356934;0.8435503244400024;-0.8911266326904297;1.215899109840393
107;2;3;0.859724464318484;0.8270099536752538;0.9967794418334961;0.9942612648010254;0.1174403727054596;0.11897972971200943;-1.022127389907837;1.6502065658569336;1.6817411184310913;2.438528299331665
108;2;1;2.796928888647825;0.7949497952048521;0.9967794418334961;0.9942811131477356;0.11596088111400604;0.11801649630069733;-0.11938563734292984;1.3528761863708496;-0.10515456646680832;0.6667072772979736
108;2;2;2.03273941521853;0.803490261582084;0.9967794418334961;0.9942811131477356;0.11596088111400604;0.11801649630069733;0.6118667125701904;0.8457781672477722;-0.8990085124969482;1.2248460054397583
108;2;3;0.853143409377493;0.8289681546885679;0.9967794418334961;0.9942811131477356;0.11596088111400604;0.11801649630069733;-1.026453971862793;1.6566885709762573;1.6944783926010132;2.4565412998199463
109;2;1;2.796919503028369;0.7962955096673925;0.9971820116043091;0.9943452477455139;0.11447059363126755;0.11710599809885025;-0.12054301798343658;1.3563050031661987;-0.10440251976251602;0.6674299836158752
109;2;2;2.041084222419056;0.8094116010648467;0.9971820116043091;0.9943452477455139;0.11447059363126755;0.11710599809885025;0.6137017607688904;0.8479501605033875;-0.9065300822257996;1.2331409454345703
109;2;3;0.8494976433976227;0.830007309675914;0.9971820116043091;0.9943452477455139;0.11447059363126755;0.11710599809885025;-1.0306148529052734;1.6629676818847656;1.7068626880645752;2.474055528640747
110;2;1;2.7982807749595366;0.7903635214068547;0.9971820116043091;0.994384765625;0.1129865050315857;0.11624999344348907;-0.12169881910085678;1.3595372438430786;-0.10331856459379196;0.6685981154441833
110;2;2;2.038473708568124;0.8102381345912844;0.9971820116043091;0.994384765625;0.1129865050315857;0.11624999344348907;0.6154744029045105;0.8500785231590271;-0.9138697385787964;1.2406666278839111
110;2;3;0.8535213140098907;0.8354071412537682;0.9971820116043091;0.994384765625;0.1129865050315857;0.11624999344348907;-1.0345901250839233;1.6690162420272827;1.7189717292785645;2.491180181503296
111;2;1;2.798261199708147;0.7904532242844624;0.9971820116043091;0.994419276714325;0.11153357475996017;0.11543451994657516;-0.12288711220026016;1.3625127077102661;-0.10212855786085129;0.6699283123016357
111;2;2;2.044721090414863;0.8160899272352857;0.9971820116043091;0.994419276714325;0.11153357475996017;0.11543451994657516;0.6171319484710693;0.8520896434783936;-0.9211685061454773;1.2476916313171387
111;2;3;0.8532880912605831;0.8356216372190475;0.9971820116043091;0.994419276714325;0.11153357475996017;0.11543451994657516;-1.0383635759353638;1.6748058795928955;1.7308815717697144;2.508023262023926
112;2;1;2.802348271261792;0.7905442002641561;0.9971820116043091;0.994458794593811;0.11017860472202301;0.11465901881456375;-0.12411730736494064;1.365181565284729;-0.10104852169752121;0.671245276927948
112;2;2;2.04405278251682;0.8230011277298983;0.9971820116043091;0.994458794593811;0.11017860472202301;0.11465901881456375;0.6186301112174988;0.8539348244667053;-0.9285455942153931;1.2544219493865967
112;2;3;0.8552651699475087;0.8346457559010523;0.9971820116043091;0.994458794593811;0.11017860472202301;0.11465901881456375;-1.0419292449951172;1.6803202629089355;1.7426440715789795;2.524657964706421
113;2;1;2.8050127042234294;0.7905442002641561;0.9975845813751221;0.9944933652877808;0.10895062983036041;0.11391246318817139;-0.12533335387706757;1.3675206899642944;-0.10037161409854889;0.6722249984741211
113;2;2;2.043195486127579;0.8230011277298992;0.9975845813751221;0.9944933652877808;0.10895062983036041;0.11391246318817139;0.6199178099632263;0.8555612564086914;-0.9361473321914673;1.2611885070800781
113;2;3;0.8516101755512437;0.8300014178276411;0.9975845813751221;0.9944933652877808;0.10895062983036041;0.11391246318817139;-1.045297384262085;1.6855658292770386;1.754271388053894;2.5411014556884766
114;2;1;2.8047894837271725;0.7919086986066759;0.9975845813751221;0.9945625066757202;0.10782161355018616;0.11318974941968918;-0.1265089064836502;1.3696229457855225;-0.09993454068899155;0.6729706525802612
114;2;2;2.0464887921380956;0.8227388265736266;0.9975845813751221;0.9945625066757202;0.10782161355018616;0.11318974941968918;0.6210768222808838;0.8570119738578796;-0.9437849521636963;1.2679051160812378
114;2;3;0.8473135783710388;0.8278178168433903;0.9975845813751221;0.9945625066757202;0.10782161355018616;0.11318974941968918;-1.0485010147094727;1.6905803680419922;1.7657209634780884;2.557293653488159
115;2;1;2.806672428445193;0.7919086986066759;0.9975845813751221;0.9946168661117554;0.10684249550104141;0.11251849681138992;-0.1276664435863495;1.3716323375701904;-0.09932085126638412;0.6739531755447388
115;2;2;2.0427842926382933;0.8228038329854268;0.9975845813751221;0.9946168661117554;0.10684249550104141;0.11251849681138992;0.6222586631774902;0.8584058284759521;-0.9511022567749023;1.2741384506225586
115;2;3;0.844242300959352;0.8293058179992019;0.9975845813751221;0.9946168661117554;0.10684249550104141;0.11251849681138992;-1.05158269405365;1.6954165697097778;1.7769230604171753;2.5731356143951416
116;2;1;2.8120263757536588;0.7917791709998978;0.9975845813751221;0.9946613311767578;0.10609050840139389;0.1119057908654213;-0.12877564132213593;1.3736443519592285;-0.09839285910129547;0.6752604842185974
116;2;2;2.0392885614611176;0.8259134033623434;0.9975845813751221;0.9946613311767578;0.10609050840139389;0.1119057908654213;0.6235374808311462;0.8597924709320068;-0.9579325914382935;1.2797976732254028
116;2;3;0.8444741769783048;0.8297047309790266;0.9975845813751221;0.9946613311767578;0.10609050840139389;0.1119057908654213;-1.0545761585235596;1.7001160383224487;1.7878278493881226;2.588557481765747
117;2;1;2.8075266801024554;0.7917791709998987;0.9975845813751221;0.9946514368057251;0.10554582625627518;0.11133734881877899;-0.12971003353595734;1.3756232261657715;-0.09761333465576172;0.6765080094337463
117;2;2;2.0317434525136466;0.8228455614779877;0.9975845813751221;0.9946514368057251;0.10554582625627518;0.11133734881877899;0.6248419284820557;0.8611081838607788;-0.9644755125045776;1.2853294610977173
117;2;3;0.8419857720604114;0.8301395555468316;0.9975845813751221;0.9946514368057251;0.10554582625627518;0.11133734881877899;-1.0574976205825806;1.7046973705291748;1.7984248399734497;2.603543758392334
118;2;1;2.8072422176203586;0.7894976185493761;0.9975845813751221;0.9946513175964355;0.10518091171979904;0.11079072952270508;-0.13048185408115387;1.3775861263275146;-0.0969688668847084;0.6776852011680603
118;2;2;2.0402381865816936;0.8230501864898168;0.9975845813751221;0.9946513175964355;0.10518091171979904;0.11079072952270508;0.6261763572692871;0.8623635172843933;-0.9707294702529907;1.2907377481460571
118;2;3;0.8432072117976803;0.8322554092911401;0.9975845813751221;0.9946513175964355;0.10518091171979904;0.11079072952270508;-1.0603570938110352;1.7091716527938843;1.8087148666381836;2.618096113204956
119;2;1;2.8209714207738763;0.7927456124948549;0.9975845813751221;0.9946563243865967;0.10494029521942139;0.11026286333799362;-0.13108597695827484;1.379555106163025;-0.09650738537311554;0.6786600947380066
119;2;2;2.0396914174595056;0.8228144644457944;0.9975845813751221;0.9946563243865967;0.10494029521942139;0.11026286333799362;0.6275337934494019;0.8635566234588623;-0.9767088890075684;1.2960729598999023
119;2;3;0.8434968579825401;0.8281084605640694;0.9975845813751221;0.9946563243865967;0.10494029521942139;0.11026286333799362;-1.0631582736968994;1.7135437726974487;1.8187103271484375;2.6322319507598877
120;2;1;2.828222206090258;0.788553927274898;0.9971820116043091;0.9946712255477905;0.10476091504096985;0.10976715385913849;-0.13161496818065643;1.3815555572509766;-0.09601830691099167;0.6794989705085754
120;2;2;2.045585931029743;0.8236337031886491;0.9971820116043091;0.9946712255477905;0.10476091504096985;0.10976715385913849;0.6289334893226624;0.8647140264511108;-0.9823567867279053;1.3012133836746216
120;2;3;0.8437349220862558;0.8268107331680459;0.9971820116043091;0.9946712255477905;0.10476091504096985;0.10976715385913849;-1.0659011602401733;1.7178144454956055;1.828430414199829;2.6459782123565674
121;2;1;2.830662028658752;0.7962422249091627;0.9971820116043091;0.9946662783622742;0.10461587458848953;0.10929850488901138;-0.13209949433803558;1.3835514783859253;-0.09557553380727768;0.680139422416687
121;2;2;2.042359127273114;0.8255403575990554;0.9971820116043091;0.9946662783622742;0.10461587458848953;0.10929850488901138;0.6303333640098572;0.8658227324485779;-0.9877709150314331;1.3062350749969482
121;2;3;0.8459639553153293;0.8314166121875863;0.9971820116043091;0.9946662783622742;0.10461587458848953;0.10929850488901138;-1.068580150604248;1.7219774723052979;1.837904930114746;2.659377098083496
122;2;1;2.8281483184543506;0.7966808306362321;0.9971820116043091;0.9946761131286621;0.10448011010885239;0.10886086523532867;-0.13255123794078827;1.3855071067810059;-0.09529929608106613;0.6805451512336731
122;2;2;2.0390996270999207;0.8257529890923676;0.9971820116043091;0.9946761131286621;0.10448011010885239;0.10886086523532867;0.6317015886306763;0.866868257522583;-0.9930302500724792;1.3112000226974487
122;2;3;0.8455166400106773;0.8321199777167645;0.9971820116043091;0.9946761131286621;0.10448011010885239;0.10886086523532867;-1.071189045906067;1.7260264158248901;1.847163200378418;2.6724703311920166
123;2;1;2.8285042573982375;0.794379344454816;0.9971820116043091;0.9946514368057251;0.1043151468038559;0.10845731943845749;-0.13299113512039185;1.3873906135559082;-0.09520508348941803;0.6807525753974915
123;2;2;2.041450385886593;0.8259684833329719;0.9971820116043091;0.9946514368057251;0.1043151468038559;0.10845731943845749;0.6330199241638184;0.8678431510925293;-0.9981863498687744;1.3161475658416748
123;2;3;0.8412233856239641;0.8323941758816522;0.9971820116043091;0.9946514368057251;0.1043151468038559;0.10845731943845749;-1.073725700378418;1.7299604415893555;1.8562240600585938;2.68528413772583
124;2;1;2.8285042573982375;0.794379344454816;0.9971820116043091;0.9946415424346924;0.10411082953214645;0.1080668568611145;-0.13341234624385834;1.3892090320587158;-0.0952845960855484;0.6808079481124878
124;2;2;2.0460774110025417;0.8249552786094805;0.9971820116043091;0.9946415424346924;0.10411082953214645;0.1080668568611145;0.6342986226081848;0.8687556982040405;-1.0032213926315308;1.3210625648498535
124;2;3;0.8415293555744263;0.8336841392479055;0.9971820116043091;0.9946415424346924;0.10411082953214645;0.1080668568611145;-1.0761942863464355;1.733786940574646;1.865092158317566;2.6978256702423096
125;2;1;2.8270011939075905;0.7973337781040257;0.9971820116043091;0.994661271572113;0.10388126224279404;0.10768656432628632;-0.13381019234657288;1.3909831047058105;-0.0954868420958519;0.6807629466056824
125;2;2;2.046628405422724;0.8249552786094809;0.9971820116043091;0.994661271572113;0.10388126224279404;0.10768656432628632;0.6355546712875366;0.869623064994812;-1.0081084966659546;1.3259018659591675
125;2;3;0.8415293555744263;0.8336841392479055;0.9971820116043091;0.994661271572113;0.10388126224279404;0.10768656432628632;-1.0786031484603882;1.737518072128296;1.8737618923187256;2.7100865840911865
126;2;1;2.834232676368032;0.7969964195812365;0.9971820116043091;0.9946810603141785;0.10362659394741058;0.10732010751962662;-0.1341787576675415;1.3927396535873413;-0.09574567526578903;0.6806831955909729
126;2;2;2.04632326200199;0.8247397843688766;0.9971820116043091;0.9946810603141785;0.10362659394741058;0.10732010751962662;0.6368111968040466;0.8704656362533569;-1.0128076076507568;1.3306114673614502
126;2;3;0.8410668405246895;0.8337591076154025;0.9971820116043091;0.9946810603141785;0.10362659394741058;0.10732010751962662;-1.0809626579284668;1.7411683797836304;1.8822238445281982;2.7220535278320312
127;2;1;2.837002232148931;0.7871977714216767;0.9971820116043091;0.9947056770324707;0.10332479327917099;0.10696706175804138;-0.13451674580574036;1.3944957256317139;-0.09600553661584854;0.6806256771087646
127;2;2;2.0405500943183794;0.8245271528755644;0.9971820116043091;0.9947056770324707;0.10332479327917099;0.10696706175804138;0.6380892992019653;0.8712948560714722;-1.017277717590332;1.3351744413375854
127;2;3;0.8424474107346676;0.833675659273704;0.9971820116043091;0.9947056770324707;0.10332479327917099;0.10696706175804138;-1.0832817554473877;1.744748830795288;1.890472412109375;2.7337188720703125
128;2;1;2.836334333095741;0.7871977714216758;0.9971820116043091;0.9947353601455688;0.10298556834459305;0.10662679374217987;-0.13482891023159027;1.3962610960006714;-0.09623505175113678;0.6806157827377319
128;2;2;2.0499943036878037;0.8250553829427636;0.9971820116043091;0.9947353601455688;0.10298556834459305;0.10662679374217987;0.639398455619812;0.8721176981925964;-1.0215072631835938;1.3395732641220093
128;2;3;0.842456493214728;0.8343848668893847;0.9971820116043091;0.9947353601455688;0.10298556834459305;0.10662679374217987;-1.085565447807312;1.748265027999878;1.8985106945037842;2.745086669921875
129;2;1;2.8383573502637978;0.7875375396508666;0.9971820116043091;0.9947353601455688;0.10264061391353607;0.10630059242248535;-0.13514311611652374;1.398033857345581;-0.096401646733284;0.6806039810180664
129;2;2;2.042575228696017;0.8238191716946526;0.9971820116043091;0.9947353601455688;0.10264061391353607;0.10630059242248535;0.6407334804534912;0.8729275465011597;-1.0255188941955566;1.3438345193862915
129;2;3;0.845406606966808;0.8350186511892379;0.9971820116043091;0.9947353601455688;0.10264061391353607;0.10630059242248535;-1.087814211845398;1.7517156600952148;1.906352162361145;2.756176233291626
130;2;1;2.8365154452102512;0.7884261764681382;0.9971820116043091;0.9947600960731506;0.10227082669734955;0.10598987340927124;-0.13547058403491974;1.399793028831482;-0.09655429422855377;0.6805528402328491
130;2;2;2.0354155538340786;0.8238191716946517;0.9971820116043091;0.9947600960731506;0.10227082669734955;0.10598987340927124;0.6420788168907166;0.8737091422080994;-1.0293567180633545;1.3480074405670166
130;2;3;0.845406606966808;0.8350186511892379;0.9971820116043091;0.9947600960731506;0.10227082669734955;0.10598987340927124;-1.090024471282959;1.7550945281982422;1.9140183925628662;2.7670178413391113
131;2;1;2.840540791617996;0.7881529358748223;0.9971820116043091;0.9947699904441833;0.10188949108123779;0.10569151490926743;-0.13581536710262299;1.401516079902649;-0.09673836082220078;0.6804207563400269
131;2;2;2.0370899911531426;0.8240263002821155;0.9971820116043091;0.9947699904441833;0.10188949108123779;0.10569151490926743;0.6434177160263062;0.8744455575942993;-1.0330679416656494;1.3521419763565063
131;2;3;0.845406606966808;0.8350186511892379;0.9971820116043091;0.9947699904441833;0.10188949108123779;0.10569151490926743;-1.092191457748413;1.75839364528656;1.9215327501296997;2.777644634246826
132;2;1;2.8462964481962034;0.7882814694154376;0.9971820116043091;0.9947847723960876;0.10150884091854095;0.10540445148944855;-0.13618139922618866;1.4031838178634644;-0.09699099510908127;0.6802037358283997
132;2;2;2.038622035166087;0.824026300282116;0.9971820116043091;0.9947847723960876;0.10150884091854095;0.10540445148944855;0.6447378993034363;0.8751274943351746;-1.0366885662078857;1.3562581539154053
132;2;3;0.8463470403937334;0.8354275834641549;0.9971820116043091;0.9947847723960876;0.10150884091854095;0.10540445148944855;-1.0943107604980469;1.7616076469421387;1.9289146661758423;2.7880842685699463
133;2;1;2.8451327851040897;0.7884306939306436;0.9971820116043091;0.9947996139526367;0.10114094614982605;0.10512731224298477;-0.13656647503376007;1.4047865867614746;-0.09732723236083984;0.6799170970916748
133;2;2;2.0332434450610872;0.8241372177549962;0.9971820116043091;0.9947996139526367;0.10114094614982605;0.10512731224298477;0.6460345387458801;0.8757525086402893;-1.0402402877807617;1.3603549003601074
133;2;3;0.8454667176401296;0.8372000768811738;0.9971820116043091;0.9947996139526367;0.10114094614982605;0.10512731224298477;-1.0963804721832275;1.7647361755371094;1.9361764192581177;2.798353910446167
134;2;1;2.8508861882161893;0.789236413843664;0.9971820116043091;0.994814395904541;0.10079644620418549;0.10485848784446716;-0.13696293532848358;1.4063313007354736;-0.09772173315286636;0.6795948147773743
134;2;2;2.0352406640066487;0.8241031685458036;0.9971820116043091;0.994814395904541;0.10079644620418549;0.10485848784446716;0.6473163366317749;0.8763259053230286;-1.043715476989746;1.3644013404846191
134;2;3;0.8454667176401296;0.8372000768811738;0.9971820116043091;0.994814395904541;0.10079644620418549;0.10485848784446716;-1.0984013080596924;1.7677819728851318;1.943322777748108;2.8084604740142822
135;2;1;2.852442027655557;0.7893653504884268;0.9971820116043091;0.9948341846466064;0.10047075897455215;0.10459749400615692;-0.13735143840312958;1.4078326225280762;-0.09816505014896393;0.6792601943016052
135;2;2;2.0407855657294167;0.8226884350734376;0.9971820116043091;0.9948341846466064;0.10047075897455215;0.10459749400615692;0.648587703704834;0.8768622279167175;-1.0471138954162598;1.3683443069458008
135;2;3;0.8454667176401296;0.8372000768811738;0.9971820116043091;0.9948341846466064;0.10047075897455215;0.10459749400615692;-1.1003754138946533;1.770751714706421;1.9503540992736816;2.818404197692871
136;2;1;2.850197840210023;0.7895174081514149;0.9971820116043091;0.9948341846466064;0.10016870498657227;0.10434450209140778;-0.13771675527095795;1.409295916557312;-0.09862565994262695;0.678977906703949
136;2;2;2.041445110456414;0.8165596004585454;0.9971820116043091;0.9948341846466064;0.10016870498657227;0.10434450209140778;0.6498543620109558;0.8773733973503113;-1.0504305362701416;1.3721474409103394
136;2;3;0.8454667176401296;0.8372000768811738;0.9971820116043091;0.9948341846466064;0.10016870498657227;0.10434450209140778;-1.1023056507110596;1.7736519575119019;1.9572688341140747;2.828183174133301
137;2;1;2.8492180337780075;0.7927063812843151;0.9971820116043091;0.9948440194129944;0.09990310668945312;0.10410092025995255;-0.1380426436662674;1.4107396602630615;-0.09911352396011353;0.6787422299385071
137;2;2;2.0400799640798555;0.8199879769976945;0.9971820116043091;0.9948440194129944;0.09990310668945312;0.10410092025995255;0.6511223912239075;0.8778713345527649;-1.0536574125289917;1.3757715225219727
137;2;3;0.8454667176401296;0.8372000768811738;0.9971820116043091;0.9948440194129944;0.09990310668945312;0.10410092025995255;-1.104193925857544;1.7764884233474731;1.9640672206878662;2.8377976417541504
138;2;1;2.8472715468895906;0.7924226794358775;0.9971820116043091;0.9948391318321228;0.09966915100812912;0.10386350005865097;-0.1383194476366043;1.4121789932250977;-0.09962158650159836;0.6785240769386292
138;2;2;2.041084916054179;0.8234622401610201;0.9971820116043091;0.9948391318321228;0.09966915100812912;0.10386350005865097;0.6523934602737427;0.8783620595932007;-1.056793451309204;1.3792011737823486
138;2;3;0.8454667176401296;0.8372000768811738;0.9971820116043091;0.9948391318321228;0.09966915100812912;0.10386350005865097;-1.1060420274734497;1.7792648077011108;1.9707521200180054;2.8472516536712646
139;2;1;2.848951547319446;0.7924035957173574;0.9971820116043091;0.9948292374610901;0.09945777803659439;0.10363499075174332;-0.13856983184814453;1.4136223793029785;-0.10006340593099594;0.6783600449562073
139;2;2;2.035618244223624;0.8234622401610192;0.9971820116043091;0.9948292374610901;0.09945777803659439;0.10363499075174332;0.6536750793457031;0.8788557052612305;-1.0598185062408447;1.382393479347229
139;2;3;0.8454667176401296;0.8372000768811738;0.9971820116043091;0.9948292374610901;0.09945777803659439;0.10363499075174332;-1.1078500747680664;1.781981348991394;1.9773294925689697;2.856553316116333
140;2;1;2.8490955231606065;0.7923847365235943;0.9971820116043091;0.9948489665985107;0.09925758838653564;0.1034129336476326;-0.13880448043346405;1.4150540828704834;-0.10046974569559097;0.6782194375991821
140;2;2;2.040376984779294;0.8217374990643083;0.9971820116043091;0.9948489665985107;0.09925758838653564;0.1034129336476326;0.65495365858078;0.8793421983718872;-1.062766671180725;1.385392427444458
140;2;3;0.8428155030938358;0.8375527537717877;0.9971820116043091;0.9948489665985107;0.09925758838653564;0.1034129336476326;-1.1096166372299194;1.7846360206604004;1.9838106632232666;2.8657188415527344
141;2;1;2.8449154289701006;0.7923660966327244;0.9971820116043091;0.9948440194129944;0.09906976670026779;0.10319746285676956;-0.1390385627746582;1.4164551496505737;-0.1008826270699501;0.6780593991279602
141;2;2;2.0405830783619807;0.8159296593258474;0.9971820116043091;0.9948440194129944;0.09906976670026779;0.10319746285676956;0.6562097072601318;0.879811704158783;-1.0656821727752686;1.3882458209991455
141;2;3;0.8441049417008655;0.8366070273076014;0.9971820116043091;0.9948440194129944;0.09906976670026779;0.10319746285676956;-1.111340045928955;1.7872240543365479;1.9902076721191406;2.8747658729553223
142;2;1;2.8420870928332587;0.7900824549355177;0.9971820116043091;0.9948588609695435;0.09889184683561325;0.1029881164431572;-0.13928519189357758;1.417818307876587;-0.10131435841321945;0.6778457760810852
142;2;2;2.041864555206625;0.8159296593258478;0.9971820116043091;0.9948588609695435;0.09889184683561325;0.1029881164431572;0.6574369668960571;0.8802558779716492;-1.0685776472091675;1.3909952640533447
142;2;3;0.8428592786831626;0.8366916449265345;0.9971820116043091;0.9948588609695435;0.09889184683561325;0.1029881164431572;-1.113020658493042;1.78974449634552;1.9965286254882812;2.883704900741577
143;2;1;2.8410489458040953;0.7900824549355177;0.9971820116043091;0.9948786497116089;0.0987221971154213;0.10278470069169998;-0.13961414992809296;1.4191761016845703;-0.1015174612402916;0.6778416037559509
143;2;2;2.040483696919507;0.8159296593258478;0.9971820116043091;0.9948786497116089;0.0987221971154213;0.10278470069169998;0.6586912274360657;0.8807196617126465;-1.0713105201721191;1.3934231996536255
143;2;3;0.8415678095895851;0.8380370200767402;0.9971820116043091;0.9948786497116089;0.0987221971154213;0.10278470069169998;-1.114661693572998;1.7921985387802124;2.002775192260742;2.8925387859344482
144;2;1;2.8401064313017503;0.7900824549355177;0.9971820116043091;0.9948785901069641;0.09860972315073013;0.10258828103542328;-0.13997295498847961;1.4204659461975098;-0.1018100380897522;0.6777190566062927
144;2;2;2.041028391359143;0.8159296593258478;0.9971820116043091;0.9948785901069641;0.09860972315073013;0.10258828103542328;0.6598943471908569;0.8811352252960205;-1.0740752220153809;1.3958622217178345
144;2;3;0.8415678095895851;0.8380370200767402;0.9971820116043091;0.9948785901069641;0.09860972315073013;0.10258828103542328;-1.1162607669830322;1.7945820093154907;2.008960008621216;2.901285409927368
145;2;1;2.840269134899682;0.7900640293057588;0.9971820116043091;0.9948736429214478;0.09850373864173889;0.10239638388156891;-0.1403626948595047;1.4216914176940918;-0.10218989104032516;0.6774766445159912
145;2;2;2.0444969804054622;0.810266306143709;0.9971820116043091;0.9948736429214478;0.09850373864173889;0.10239638388156891;0.6610486507415771;0.8815041780471802;-1.0768661499023438;1.3983240127563477
145;2;3;0.8407777503159446;0.8376617676584799;0.9971820116043091;0.9948736429214478;0.09850373864173889;0.10239638388156891;-1.1178209781646729;1.7968977689743042;2.0150821208953857;2.9099435806274414
146;2;1;2.845770947569167;0.7866622392022826;0.9971820116043091;0.9948835372924805;0.09840322285890579;0.10221229493618011;-0.14083652198314667;1.4229075908660889;-0.1023554801940918;0.6774515509605408
146;2;2;2.043761257888738;0.8100962907370604;0.9971820116043091;0.9948835372924805;0.09840322285890579;0.10221229493618011;0.6622282266616821;0.881891667842865;-1.0794997215270996;1.400522232055664
146;2;3;0.8423267420053788;0.8380370200767402;0.9971820116043091;0.9948835372924805;0.09840322285890579;0.10221229493618011;-1.1193499565124512;1.7991564273834229;2.021129846572876;2.9184963703155518
147;2;1;2.845770947569167;0.7866622392022826;0.9971820116043091;0.994888424873352;0.09835889935493469;0.10202767699956894;-0.14131644368171692;1.4240785837173462;-0.10259541124105453;0.6773448586463928
147;2;2;2.04460002178003;0.8100962907370604;0.9971820116043091;0.994888424873352;0.09835889935493469;0.10202767699956894;0.6633687615394592;0.8822495937347412;-1.082149863243103;1.4027125835418701
147;2;3;0.8423267420053788;0.8380370200767402;0.9971820116043091;0.994888424873352;0.09835889935493469;0.10202767699956894;-1.120849847793579;1.801360845565796;2.0271031856536865;2.926943778991699
148;2;1;2.8456673986456247;0.7868605805819389;0.9971820116043091;0.9948983192443848;0.0983181819319725;0.10184672474861145;-0.1417936384677887;1.4252629280090332;-0.10282726585865021;0.677009105682373
148;2;2;2.046246742932156;0.8100962907370599;0.9971820116043091;0.9948983192443848;0.0983181819319725;0.10184672474861145;0.6645134687423706;0.8825670480728149;-1.0847210884094238;1.4049354791641235
148;2;3;0.8442929724808756;0.8388287557747232;0.9971820116043091;0.9948983192443848;0.0983181819319725;0.10184672474861145;-1.1223253011703491;1.8035186529159546;2.0329952239990234;2.935276508331299
149;2;1;2.846289194943063;0.7870155811402046;0.9971820116043091;0.9949082732200623;0.09821902215480804;0.10166679322719574;-0.1422543078660965;1.4264678955078125;-0.10303305834531784;0.6765230298042297
149;2;2;2.044569215149571;0.8100962907370595;0.9971820116043091;0.9949082732200623;0.09821902215480804;0.10166679322719574;0.6656708717346191;0.882859468460083;-1.087196946144104;1.4071500301361084
149;2;3;0.8533685530171988;0.8452997804409064;0.9971820116043091;0.9949082732200623;0.09821902215480804;0.10166679322719574;-1.1237815618515015;1.8056375980377197;2.0387983322143555;2.943483352661133
150;2;1;2.8424072365282598;0.7870155811402055;0.9971820116043091;0.9949082136154175;0.09807521849870682;0.101491279900074;-0.14274628460407257;1.4277281761169434;-0.1029520034790039;0.6762568354606628
150;2;2;2.0425836589368656;0.8099285019056475;0.9971820116043091;0.9949082136154175;0.09807521849870682;0.101491279900074;0.6669020652770996;0.8831894397735596;-1.0894279479980469;1.409067153930664
150;2;3;0.8533685530171988;0.8452997804409064;0.9971820116043091;0.9949082136154175;0.09807521849870682;0.101491279900074;-1.1252213716506958;1.807723879814148;2.0445079803466797;2.9515581130981445
151;2;1;2.8424072365282598;0.7870155811402055;0.9975845813751221;0.9949082136154175;0.09795264899730682;0.10132146626710892;-0.14323489367961884;1.4289665222167969;-0.10301073640584946;0.6759158968925476
151;2;2;2.041134787994223;0.8099285019056479;0.9975845813751221;0.9949082136154175;0.09795264899730682;0.10132146626710892;0.6681235432624817;0.8834933638572693;-1.0916231870651245;1.4109785556793213
151;2;3;0.8550595519646169;0.8438258965215959;0.9975845813751221;0.9949082136154175;0.09795264899730682;0.10132146626710892;-1.1266378164291382;1.809770107269287;2.0501418113708496;2.9595253467559814
152;2;1;2.8425932415623336;0.7869975695871672;0.9975845813751221;0.9949082136154175;0.09780357778072357;0.10115589201450348;-0.14370670914649963;1.430160641670227;-0.10326432436704636;0.6755170226097107
152;2;2;2.0472608999078483;0.8099285019056475;0.9975845813751221;0.9949082136154175;0.09780357778072357;0.10115589201450348;0.6693164706230164;0.8837674856185913;-1.093839406967163;1.412879228591919
152;2;3;0.8550595519646169;0.8438258965215959;0.9975845813751221;0.9949082136154175;0.09780357778072357;0.10115589201450348;-1.1280272006988525;1.8117716312408447;2.055711269378662;2.9674017429351807
153;2;1;2.8411244105743867;0.7869975695871689;0.9975845813751221;0.9949329495429993;0.09764903038740158;0.10099612921476364;-0.14412544667720795;1.4313169717788696;-0.10362861305475235;0.6750715374946594
153;2;2;2.042843246286978;0.8115319901660603;0.9975845813751221;0.9949329495429993;0.09764903038740158;0.10099612921476364;0.6704806089401245;0.8840137720108032;-1.0960763692855835;1.4147658348083496
153;2;3;0.8550595519646169;0.8438258965215959;0.9975845813751221;0.9949329495429993;0.09764903038740158;0.10099612921476364;-1.1293898820877075;1.8137295246124268;2.061218738555908;2.9751906394958496
154;2;1;2.843346632796612;0.7869975695871689;0.9975845813751221;0.9949280023574829;0.09751114994287491;0.10084093362092972;-0.1444910764694214;1.4324371814727783;-0.10409002751111984;0.6746208071708679
154;2;2;2.0425156984691997;0.8059964885157744;0.9975845813751221;0.9949280023574829;0.09751114994287491;0.10084093362092972;0.6716203689575195;0.8842384219169617;-1.0983237028121948;1.4166234731674194
154;2;3;0.8578594907727171;0.8423271356278441;0.9975845813751221;0.9949280023574829;0.09751114994287491;0.10084093362092972;-1.1307287216186523;1.8156465291976929;2.0666627883911133;2.9828896522521973
155;2;1;2.84334663279661;0.7869975695871689;0.9975845813751221;0.9949427843093872;0.0974014475941658;0.10069000720977783;-0.14480547606945038;1.433530569076538;-0.104616180062294;0.6741882562637329
155;2;2;2.0409607623180444;0.8057749457458852;0.9975845813751221;0.9949427843093872;0.0974014475941658;0.10069000720977783;0.6727477312088013;0.8844456672668457;-1.1005505323410034;1.4184497594833374
155;2;3;0.8578594907727171;0.8423271356278441;0.9975845813751221;0.9949427843093872;0.0974014475941658;0.10069000720977783;-1.1320476531982422;1.8175263404846191;2.07204008102417;2.9904942512512207
156;2;1;2.8433466327966093;0.786997569587168;0.9975845813751221;0.9949526786804199;0.09732363373041153;0.10054236650466919;-0.14507463574409485;1.4346039295196533;-0.10518115758895874;0.6737884879112244
156;2;2;2.0428312198934275;0.8057749457458856;0.9975845813751221;0.9949526786804199;0.09732363373041153;0.10054236650466919;0.6738693714141846;0.8846396207809448;-1.1027392148971558;1.4202412366867065
156;2;3;0.8582576418626608;0.8446292005323732;0.9975845813751221;0.9949526786804199;0.09732363373041153;0.10054236650466919;-1.1333496570587158;1.8193730115890503;2.07734751701355;2.998000144958496
157;2;1;2.8435416948390593;0.78697975817078;0.9975845813751221;0.9949575662612915;0.09727741032838821;0.10039776563644409;-0.1453065425157547;1.4356600046157837;-0.10576964914798737;0.6734195947647095
157;2;2;2.0441471039678305;0.8057749457458856;0.9975845813751221;0.9949575662612915;0.09727741032838821;0.10039776563644409;0.6749861836433411;0.8848226070404053;-1.1048847436904907;1.4220027923583984
157;2;3;0.8565806475297428;0.8461274037751956;0.9975845813751221;0.9949575662612915;0.09727741032838821;0.10039776563644409;-1.1346371173858643;1.8211877346038818;2.082584857940674;3.0054068565368652
158;2;1;2.8414691364421145;0.7871362733458831;0.9975845813751221;0.9949575662612915;0.09725905954837799;0.10025731474161148;-0.14554786682128906;1.4366556406021118;-0.10628235340118408;0.673270046710968
158;2;2;2.0381967466451636;0.805996488515774;0.9975845813751221;0.9949575662612915;0.09725905954837799;0.10025731474161148;0.6760956048965454;0.8849936127662659;-1.1069905757904053;1.4237483739852905
158;2;3;0.8565806475297428;0.8461274037751956;0.9975845813751221;0.9949575662612915;0.09725905954837799;0.10025731474161148;-1.1359108686447144;1.8229713439941406;2.087754249572754;3.0127174854278564
159;2;1;2.8404968093762033;0.7867779826030601;0.9975845813751221;0.9949625730514526;0.09727679193019867;0.10012300312519073;-0.14581060409545898;1.4375914335250854;-0.1067240983247757;0.6732826232910156
159;2;2;2.0381967466451645;0.8059964885157749;0.9975845813751221;0.9949625730514526;0.09727679193019867;0.10012300312519073;0.677190899848938;0.8851481676101685;-1.109066367149353;1.4255019426345825
159;2;3;0.8606373190294123;0.842001334242918;0.9975845813751221;0.9949625730514526;0.09727679193019867;0.10012300312519073;-1.137170433998108;1.8247215747833252;2.0928611755371094;3.019939661026001
160;2;1;2.8404968093762033;0.7867779826030601;0.9975845813751221;0.9949526786804199;0.09732528775930405;0.09999210387468338;-0.14610593020915985;1.438462734222412;-0.10712625831365585;0.6733819842338562
160;2;2;2.035579159003042;0.805996488515774;0.9975845813751221;0.9949526786804199;0.09732528775930405;0.09999210387468338;0.6782605648040771;0.8852766752243042;-1.1111345291137695;1.4273077249526978
160;2;3;0.8579654606383436;0.8432833970300946;0.9975845813751221;0.9949526786804199;0.09732528775930405;0.09999210387468338;-1.1384143829345703;1.8264356851577759;2.097912549972534;3.027083396911621
161;2;1;2.8404968093762033;0.7867779826030601;0.9975845813751221;0.9949575662612915;0.09739218652248383;0.09986475110054016;-0.14644204080104828;1.4392684698104858;-0.10751014202833176;0.6735065579414368
161;2;2;2.0292269071897486;0.8011109308648727;0.9975845813751221;0.9949575662612915;0.09739218652248383;0.09986475110054016;0.6792967915534973;0.8853728771209717;-1.1132097244262695;1.42919921875
161;2;3;0.8589162844248905;0.8438232766023255;0.9975845813751221;0.9949575662612915;0.09739218652248383;0.09986475110054016;-1.139642596244812;1.8281123638153076;2.102912664413452;3.0341546535491943
162;2;1;2.844904475485807;0.7869408645610054;0.9975845813751221;0.9949328899383545;0.09746415913105011;0.0997401550412178;-0.1468213051557541;1.4400148391723633;-0.10787629336118698;0.6736233234405518
162;2;2;2.0292269071897486;0.8011109308648727;0.9975845813751221;0.9949328899383545;0.09746415913105011;0.0997401550412178;0.6802986860275269;0.8854376077651978;-1.1152923107147217;1.4311856031417847
162;2;3;0.8589162844248905;0.8438232766023255;0.9975845813751221;0.9949328899383545;0.09746415913105011;0.0997401550412178;-1.1408562660217285;1.8297535181045532;2.107861042022705;3.0411527156829834
163;2;1;2.844904475485807;0.7869408645610054;0.9975845813751221;0.9949378967285156;0.09752963483333588;0.09961757808923721;-0.14723968505859375;1.4407166242599487;-0.10820404440164566;0.6737305521965027
163;2;2;2.0292269071897495;0.8011109308648723;0.9975845813751221;0.9949378967285156;0.09752963483333588;0.09961757808923721;0.6812726855278015;0.885478675365448;-1.1173675060272217;1.4332513809204102
163;2;3;0.8589162844248905;0.8438232766023255;0.9975845813751221;0.9949378967285156;0.09752963483333588;0.09961757808923721;-1.1420589685440063;1.8313642740249634;2.1127521991729736;3.048069715499878
164;2;1;2.844904475485807;0.7869408645610054;0.9975845813751221;0.9949229955673218;0.09758027642965317;0.09949805587530136;-0.14768870174884796;1.4413809776306152;-0.10846364498138428;0.6738944053649902
164;2;2;2.0292269071897495;0.8011109308648723;0.9975845813751221;0.9949229955673218;0.09758027642965317;0.09949805587530136;0.6822187304496765;0.8855157494544983;-1.1194367408752441;1.4353420734405518
164;2;3;0.8589162844248905;0.8438232766023255;0.9975845813751221;0.9949229955673218;0.09758027642965317;0.09949805587530136;-1.1432549953460693;1.832951545715332;2.1175782680511475;3.0548949241638184
165;2;1;2.8404968093762033;0.7867779826030601;0.9975845813751221;0.9949230551719666;0.09761211276054382;0.09938172250986099;-0.1481596976518631;1.4420257806777954;-0.10862654447555542;0.6741375923156738
165;2;2;2.023633632057841;0.7906114413016128;0.9975845813751221;0.9949230551719666;0.09761211276054382;0.09938172250986099;0.6831506490707397;0.8855586051940918;-1.1214709281921387;1.43743097782135
165;2;3;0.8589162844248905;0.8438232766023255;0.9975845813751221;0.9949230551719666;0.09761211276054382;0.09938172250986099;-1.144448161125183;1.8345216512680054;2.122331380844116;3.061616897583008
166;2;1;2.83615649499996;0.786684348807869;0.9975845813751221;0.9949231147766113;0.09762278199195862;0.09926717728376389;-0.14864616096019745;1.4426630735397339;-0.10867821425199509;0.674466073513031
166;2;2;2.023633632057841;0.7906114413016128;0.9975845813751221;0.9949231147766113;0.09762278199195862;0.09926717728376389;0.6840763092041016;0.8856138586997986;-1.1234533786773682;1.4395021200180054
166;2;3;0.8589162844248905;0.8438232766023255;0.9975845813751221;0.9949231147766113;0.09762278199195862;0.09926717728376389;-1.1456414461135864;1.8360791206359863;2.1270077228546143;3.068230152130127
167;2;1;2.84299480870345;0.7863810872803807;0.9975845813751221;0.9949378967285156;0.09761106967926025;0.09915430098772049;-0.1491445153951645;1.443297266960144;-0.108623206615448;0.674875020980835
167;2;2;2.0254810797332796;0.7975973003432184;0.9975845813751221;0.9949378967285156;0.09761106967926025;0.09915430098772049;0.6849978566169739;0.8856827020645142;-1.1253794431686401;1.441551685333252
167;2;3;0.8550601399027542;0.8456784127205412;0.9975845813751221;0.9949378967285156;0.09761106967926025;0.09915430098772049;-1.1468353271484375;1.837624430656433;2.131608009338379;3.0747358798980713
168;2;1;2.8409191015759276;0.7860665123960517;0.9975845813751221;0.9949477910995483;0.09757842868566513;0.0990433618426323;-0.1496191769838333;1.443964958190918;-0.10858600586652756;0.6751242280006409
168;2;2;2.0254810797332796;0.7975973003432184;0.9975845813751221;0.9949477910995483;0.09757842868566513;0.0990433618426323;0.6859093904495239;0.8857572078704834;-1.1272648572921753;1.4436047077178955
168;2;3;0.8550492550678168;0.8449821963489561;0.9975845813751221;0.9949477910995483;0.09757842868566513;0.0990433618426323;-1.1480281352996826;1.8391550779342651;2.1361382007598877;3.0811426639556885
169;2;1;2.842958215979949;0.7860665123960517;0.9975845813751221;0.9949724078178406;0.0975075513124466;0.09893717616796494;-0.15007154643535614;1.4446568489074707;-0.10858042538166046;0.6752215027809143
169;2;2;2.02723553817971;0.8013073419343524;0.9975845813751221;0.9949724078178406;0.0975075513124466;0.09893717616796494;0.6868075132369995;0.8858332633972168;-1.129120111465454;1.4456686973571777
169;2;3;0.8550492550678168;0.8449821963489561;0.9975845813751221;0.9949724078178406;0.0975075513124466;0.09893717616796494;-1.1492178440093994;1.8406691551208496;2.140604019165039;3.0874581336975098
170;2;1;2.8420694132521476;0.7860665123960517;0.9975845813751221;0.994967520236969;0.09740643948316574;0.09883194416761398;-0.15049953758716583;1.4454033374786377;-0.10860061645507812;0.6750438809394836
170;2;2;2.025323660728813;0.8013073419343524;0.9975845813751221;0.994967520236969;0.09740643948316574;0.09883194416761398;0.6877316236495972;0.885882556438446;-1.130864143371582;1.4478110074996948
170;2;3;0.8550492550678168;0.8449821963489561;0.9975845813751221;0.994967520236969;0.09740643948316574;0.09883194416761398;-1.1504026651382446;1.842165470123291;2.145009756088257;3.09368896484375
171;2;1;2.8293615407705976;0.7867365307147285;0.9975845813751221;0.9949823617935181;0.0972830206155777;0.0987231433391571;-0.1509576290845871;1.4462240934371948;-0.10839605331420898;0.6749607920646667
171;2;2;2.024307528433974;0.8011576181391056;0.9975845813751221;0.9949823617935181;0.0972830206155777;0.0987231433391571;0.6887316703796387;0.8859605193138123;-1.1323755979537964;1.4497463703155518
171;2;3;0.8550492550678168;0.8449821963489561;0.9975845813751221;0.9949823617935181;0.0972830206155777;0.0987231433391571;-1.1515787839889526;1.8436428308486938;2.1493618488311768;3.099843740463257
172;2;1;2.8293615407705976;0.7867365307147285;0.9975845813751221;0.9949971437454224;0.09720737487077713;0.09860678762197495;-0.15137171745300293;1.447036623954773;-0.10833700001239777;0.6746482849121094
172;2;2;2.0251594287871564;0.8011576181391065;0.9975845813751221;0.9949971437454224;0.09720737487077713;0.09860678762197495;0.6897127628326416;0.8859962821006775;-1.1338924169540405;1.451767921447754
172;2;3;0.8574310987491112;0.8444422800780289;0.9975845813751221;0.9949971437454224;0.09720737487077713;0.09860678762197495;-1.152733325958252;1.8450888395309448;2.153684616088867;3.10595703125
173;2;1;2.8317521280684144;0.7865149879448392;0.9975845813751221;0.9949971437454224;0.09712961316108704;0.09849689155817032;-0.15176863968372345;1.447770595550537;-0.10837798565626144;0.6743459701538086
173;2;2;2.033325917653878;0.79988110583664;0.9975845813751221;0.9949971437454224;0.09712961316108704;0.09849689155817032;0.6906573176383972;0.8859841227531433;-1.1354645490646362;1.4538640975952148
173;2;3;0.8569028686819111;0.8459449440246389;0.9975845813751221;0.9949971437454224;0.09712961316108704;0.09849689155817032;-1.1538569927215576;1.8464974164962769;2.1579930782318115;3.1120502948760986
174;2;1;2.826901742878544;0.7866715031199423;0.9975845813751221;0.995002031326294;0.09707619249820709;0.09839387983083725;-0.15220129489898682;1.448454737663269;-0.10826464742422104;0.6743898391723633
174;2;2;2.0380971670032517;0.8046232288073472;0.9975845813751221;0.995002031326294;0.09707619249820709;0.09839387983083725;0.6916167736053467;0.885979413986206;-1.1369662284851074;1.4557491540908813
174;2;3;0.8567834796449265;0.8457065384247411;0.9975845813751221;0.995002031326294;0.09707619249820709;0.09839387983083725;-1.1549456119537354;1.8478682041168213;2.162292718887329;3.118130683898926
175;2;1;2.823840756765028;0.7866715031199423;0.9975845813751221;0.9950070381164551;0.09710908681154251;0.09828721731901169;-0.15259003639221191;1.449054479598999;-0.10834511369466782;0.6743027567863464
175;2;2;2.0380971670032517;0.8046232288073472;0.9975845813751221;0.9950070381164551;0.09710908681154251;0.09828721731901169;0.6925376057624817;0.8858926892280579;-1.1385440826416016;1.457787036895752
175;2;3;0.8582863270128405;0.8444198651045234;0.9975845813751221;0.9950070381164551;0.09710908681154251;0.09828721731901169;-1.1559919118881226;1.8491947650909424;2.166597843170166;3.1242191791534424
176;2;1;2.824532210943164;0.7874911150994794;0.9975845813751221;0.9950119256973267;0.0971597209572792;0.09817193448543549;-0.1529272049665451;1.449567437171936;-0.10861644893884659;0.6741282343864441
176;2;2;2.036035384675725;0.804623228807348;0.9975845813751221;0.9950119256973267;0.0971597209572792;0.09817193448543549;0.6934140920639038;0.8857345581054688;-1.1402138471603394;1.4599394798278809
176;2;3;0.8567834796449265;0.8457065384247411;0.9975845813751221;0.9950119256973267;0.0971597209572792;0.09817193448543549;-1.1569948196411133;1.850479245185852;2.1709084510803223;3.130315065383911
177;2;1;2.824532210943164;0.7874911150994794;0.9975845813751221;0.9950366020202637;0.09722373634576797;0.09806300699710846;-0.1532699316740036;1.450048804283142;-0.1087503433227539;0.6742584109306335
177;2;2;2.0343775141831966;0.8030868612436981;0.9975845813751221;0.9950366020202637;0.09722373634576797;0.09806300699710846;0.6943178176879883;0.8855810165405273;-1.1418004035949707;1.4618771076202393
177;2;3;0.8529531669690247;0.8447709358945756;0.9975845813751221;0.9950366020202637;0.09722373634576797;0.09806300699710846;-1.1579599380493164;1.8517310619354248;2.1752123832702637;3.136401891708374
178;2;1;2.8229803875366377;0.7855055588867721;0.9975845813751221;0.9950317144393921;0.09736143797636032;0.09795158356428146;-0.15361399948596954;1.4504961967468262;-0.10876897722482681;0.6746672987937927
178;2;2;2.0343775141831966;0.8030868612436981;0.9975845813751221;0.9950317144393921;0.09736143797636032;0.09795158356428146;0.6952381134033203;0.8854328989982605;-1.1433273553848267;1.4636154174804688
178;2;3;0.8529531669690247;0.8447709358945756;0.9975845813751221;0.9950317144393921;0.09736143797636032;0.09795158356428146;-1.158888339996338;1.8529525995254517;2.179508686065674;3.1424777507781982
179;2;1;2.8241477927091614;0.7853490437116699;0.9975845813751221;0.9950416088104248;0.09755638241767883;0.09783972799777985;-0.1539313793182373;1.450933575630188;-0.10882338136434555;0.6750780344009399
179;2;2;2.0343775141831966;0.8030868612436981;0.9975845813751221;0.9950416088104248;0.09755638241767883;0.09783972799777985;0.69615238904953;0.8852781057357788;-1.1448429822921753;1.4652141332626343
179;2;3;0.8517091953818019;0.847827116382307;0.9975845813751221;0.9950416088104248;0.09755638241767883;0.09783972799777985;-1.1597776412963867;1.8541399240493774;2.183804512023926;3.1485531330108643
180;2;1;2.8241477927091614;0.7853490437116699;0.9975845813751221;0.9950613975524902;0.09777022898197174;0.09773324429988861;-0.1542356014251709;1.4513429403305054;-0.10896046459674835;0.675422728061676
180;2;2;2.0368274909239057;0.8044754779288996;0.9975845813751221;0.9950613975524902;0.09777022898197174;0.09773324429988861;0.6970402598381042;0.8851034641265869;-1.1463885307312012;1.4667384624481201
180;2;3;0.8517091953818019;0.847827116382307;0.9975845813751221;0.9950613975524902;0.09777022898197174;0.09773324429988861;-1.160626769065857;1.8552896976470947;2.1881062984466553;3.1546366214752197
181;2;1;2.8241477927091614;0.7853490437116699;0.9971820116043091;0.9950613379478455;0.09798222035169601;0.09763062000274658;-0.15446650981903076;1.4516797065734863;-0.10947784036397934;0.6753438711166382
181;2;2;2.0368274909239057;0.8044754779288996;0.9971820116043091;0.9950613379478455;0.09798222035169601;0.09763062000274658;0.6978305578231812;0.8848497867584229;-1.148137092590332;1.468490719795227
181;2;3;0.8515810434267568;0.8493766756311523;0.9971820116043091;0.9950613379478455;0.09798222035169601;0.09763062000274658;-1.161436676979065;1.856400966644287;2.1924149990081787;3.1607301235198975
182;2;1;2.8241477927091614;0.7853490437116699;0.9971820116043091;0.9950761795043945;0.09810462594032288;0.09752492606639862;-0.15469975769519806;1.4520176649093628;-0.10997898876667023;0.6752673983573914
182;2;2;2.0361737397360624;0.8030868612436981;0.9971820116043091;0.9950761795043945;0.09810462594032288;0.09752492606639862;0.6986156702041626;0.8846017122268677;-1.1498618125915527;1.470130443572998
182;2;3;0.8515810434267568;0.8493766756311523;0.9971820116043091;0.9950761795043945;0.09810462594032288;0.09752492606639862;-1.1622207164764404;1.857489824295044;2.1967062950134277;3.1667988300323486
183;2;1;2.8241477927091614;0.7853490437116699;0.9971820116043091;0.9950563907623291;0.09821286797523499;0.09742354601621628;-0.1549311727285385;1.452404499053955;-0.1103798970580101;0.6751741170883179
183;2;2;2.0292320950007428;0.8042360410959621;0.9971820116043091;0.9950563907623291;0.09821286797523499;0.09742354601621628;0.6994401812553406;0.8843634724617004;-1.1514678001403809;1.471659779548645
183;2;3;0.8507741481807507;0.8535411866697065;0.9971820116043091;0.9950563907623291;0.09821286797523499;0.09742354601621628;-1.1629904508590698;1.8585681915283203;2.2009599208831787;3.17281436920166
184;2;1;2.8241477927091614;0.7853490437116699;0.9967793822288513;0.9950662851333618;0.09830644726753235;0.09731530398130417;-0.15516114234924316;1.4528497457504272;-0.11065023392438889;0.6750880479812622
184;2;2;2.0292320950007428;0.8042360410959621;0.9967793822288513;0.9950662851333618;0.09830644726753235;0.09731530398130417;0.7003111243247986;0.8841434121131897;-1.1529371738433838;1.4730722904205322
184;2;3;0.8512659156745572;0.852086467275095;0.9967793822288513;0.9950662851333618;0.09830644726753235;0.09731530398130417;-1.1637516021728516;1.8596423864364624;2.205167293548584;3.178764581680298
185;2;1;2.8243968851200796;0.7856718148843962;0.9967793822288513;0.9950563907623291;0.09837915003299713;0.09720522165298462;-0.1553962230682373;1.4533448219299316;-0.11080800741910934;0.6749953627586365
185;2;2;2.0306952285275717;0.8043635003630079;0.9967793822288513;0.9950563907623291;0.09837915003299713;0.09720522165298462;0.7012268900871277;0.8839322328567505;-1.1542593240737915;1.4744188785552979
185;2;3;0.8513474145928983;0.8508474135773882;0.9967793822288513;0.9950563907623291;0.09837915003299713;0.09720522165298462;-1.164503812789917;1.8607102632522583;2.20933198928833;3.1846542358398438
186;2;1;2.820439023695246;0.7855795291347709;0.9967793822288513;0.99504154920578;0.09842225164175034;0.09709323942661285;-0.15564274787902832;1.453862190246582;-0.11091315746307373;0.674860954284668
186;2;2;2.024504107499218;0.804363500363007;0.9967793822288513;0.99504154920578;0.09842225164175034;0.09709323942661285;0.7021640539169312;0.883716881275177;-1.15548837184906;1.4757404327392578
186;2;3;0.8522849557910206;0.8491008063838059;0.9967793822288513;0.99504154920578;0.09842225164175034;0.09709323942661285;-1.1652421951293945;1.8617643117904663;2.2134666442871094;3.1905016899108887
187;2;1;2.820439023695246;0.7855795291347709;0.9967793822288513;0.9950662851333618;0.09843774884939194;0.09698396176099777;-0.15593980252742767;1.4543589353561401;-0.11111932247877121;0.6746670007705688
187;2;2;2.0233653530722906;0.8043635003630079;0.9967793822288513;0.9950662851333618;0.09843774884939194;0.09698396176099777;0.7030966877937317;0.883482038974762;-1.1566851139068604;1.4770784378051758
187;2;3;0.8539846320396327;0.8502781912376847;0.9967793822288513;0.9950662851333618;0.09843774884939194;0.09698396176099777;-1.1659601926803589;1.8627960681915283;2.2175865173339844;3.1963279247283936
188;2;1;2.820439023695246;0.7855795291347709;0.9967793822288513;0.9950662851333618;0.09841534495353699;0.09687554836273193;-0.15628384053707123;1.4548166990280151;-0.11145597696304321;0.6744111180305481
188;2;2;2.024260515760586;0.8043635003630074;0.9967793822288513;0.9950662851333618;0.09841534495353699;0.09687554836273193;0.7040098905563354;0.8832208514213562;-1.1578869819641113;1.478447437286377
188;2;3;0.8539846320396327;0.8502781912376847;0.9967793822288513;0.9950662851333618;0.09841534495353699;0.09687554836273193;-1.166654109954834;1.8638006448745728;2.2216997146606445;3.2021448612213135
189;2;1;2.819899488180167;0.7856450683301812;0.9967793822288513;0.9950761795043945;0.09836314618587494;0.09676502645015717;-0.15666548907756805;1.455246925354004;-0.11189212650060654;0.6740702986717224
189;2;2;2.025210241285335;0.804363500363007;0.9967793822288513;0.9950761795043945;0.09836314618587494;0.09676502645015717;0.704913318157196;0.8829301595687866;-1.159078598022461;1.4798511266708374
189;2;3;0.8539846320396327;0.8502781912376847;0.9967793822288513;0.9950761795043945;0.09836314618587494;0.09676502645015717;-1.1673252582550049;1.864778995513916;2.2258057594299316;3.207951784133911
190;2;1;2.824824718829782;0.7853772118401112;0.9967793822288513;0.9950563907623291;0.09827498346567154;0.09665464609861374;-0.15707576274871826;1.4556382894515991;-0.11220743507146835;0.673865020275116
190;2;2;2.022133774200575;0.8042360410959621;0.9967793822288513;0.9950563907623291;0.09827498346567154;0.09665464609861374;0.7058308124542236;0.8826138973236084;-1.1601881980895996;1.4812946319580078
190;2;3;0.8537820805302934;0.8499857019535955;0.9967793822288513;0.9950563907623291;0.09827498346567154;0.09665464609861374;-1.1679774522781372;1.8657360076904297;2.2298977375030518;3.2137386798858643
191;2;1;2.8287294007949306;0.7853450632145549;0.9967794418334961;0.9950662851333618;0.09818688780069351;0.09654103964567184;-0.15750308334827423;1.4559966325759888;-0.11240088939666748;0.6738173365592957
191;2;2;2.021978847466932;0.8043635003630083;0.9967794418334961;0.9950662851333618;0.09818688780069351;0.09654103964567184;0.7067636251449585;0.8822806477546692;-1.161217451095581;1.4827485084533691
191;2;3;0.8508056200211946;0.8445991628650376;0.9967794418334961;0.9950662851333618;0.09818688780069351;0.09654103964567184;-1.1686123609542847;1.8666739463806152;2.2339725494384766;3.219501256942749
192;2;1;2.8287294007949306;0.7853450632145549;0.9967794418334961;0.9950761795043945;0.09810769557952881;0.0964265912771225;-0.15793700516223907;1.4563180208206177;-0.11249598115682602;0.6739254593849182
192;2;2;2.0198006122362333;0.8043635003630079;0.9967794418334961;0.9950761795043945;0.09810769557952881;0.0964265912771225;0.707706093788147;0.8819307684898376;-1.1621818542480469;1.4842100143432617
192;2;3;0.8508056200211946;0.8445991628650376;0.9967794418334961;0.9950761795043945;0.09810769557952881;0.0964265912771225;-1.1692297458648682;1.8675923347473145;2.238032341003418;3.225242853164673
193;2;1;2.8303422768338287;0.7853772118401112;0.9967794418334961;0.9950910210609436;0.09804624319076538;0.0963122770190239;-0.15833964943885803;1.45663321018219;-0.1126181036233902;0.6739779114723206
193;2;2;2.0165453999317418;0.8043635003630065;0.9967794418334961;0.9950910210609436;0.09804624319076538;0.0963122770190239;0.7086451053619385;0.8815619349479675;-1.1631128787994385;1.4856839179992676
193;2;3;0.8501972068003418;0.845937236532603;0.9967794418334961;0.9950910210609436;0.09804624319076538;0.0963122770190239;-1.1698274612426758;1.868488073348999;2.242082357406616;3.2309703826904297
194;2;1;2.8301383584231754;0.7853950232564992;0.9967794418334961;0.9951008558273315;0.097987599670887;0.09619969129562378;-0.1587090939283371;1.456931710243225;-0.11278636753559113;0.6739798784255981
194;2;2;2.013108267875489;0.8045850431328958;0.9967794418334961;0.9951008558273315;0.097987599670887;0.09619969129562378;0.7095718383789062;0.881173312664032;-1.1640329360961914;1.4871701002120972
194;2;3;0.8501972068003418;0.845937236532603;0.9967794418334961;0.9951008558273315;0.097987599670887;0.09619969129562378;-1.1704041957855225;1.8693594932556152;2.246126651763916;3.236689805984497
195;2;1;2.8301383584231754;0.7853950232564992;0.9967794418334961;0.9951205849647522;0.09793609380722046;0.09608766436576843;-0.15904271602630615;1.4572114944458008;-0.11300337314605713;0.6739445924758911
195;2;2;2.0128088529718875;0.8045850431328958;0.9967794418334961;0.9951205849647522;0.09793609380722046;0.09608766436576843;0.7104862332344055;0.8807644844055176;-1.164942741394043;1.4886685609817505
195;2;3;0.8501972068003418;0.845937236532603;0.9967794418334961;0.9951205849647522;0.09793609380722046;0.09608766436576843;-1.17095947265625;1.8702064752578735;2.2501657009124756;3.2424018383026123
196;2;1;2.8301383584231754;0.7853950232564992;0.9967794418334961;0.9951403737068176;0.0978914424777031;0.09597501158714294;-0.15933644771575928;1.4574739933013916;-0.11325927823781967;0.6738924980163574
196;2;2;2.014192311302817;0.8045850431328958;0.9967794418334961;0.9951403737068176;0.0978914424777031;0.09597501158714294;0.7113878726959229;0.8803415894508362;-1.1658453941345215;1.4901610612869263
196;2;3;0.8508056200211946;0.8459169759731382;0.9967794418334961;0.9951403737068176;0.0978914424777031;0.09597501158714294;-1.171494722366333;1.8710310459136963;2.254197597503662;3.2481038570404053
197;2;1;2.8261276467849132;0.7853950232564983;0.9967794418334961;0.9951354265213013;0.09785516560077667;0.09586319327354431;-0.1595836728811264;1.4577220678329468;-0.11354199796915054;0.6738490462303162
197;2;2;2.014192311302817;0.8045850431328958;0.9967794418334961;0.9951354265213013;0.09785516560077667;0.09586319327354431;0.7122771739959717;0.8799106478691101;-1.166741132736206;1.491634726524353
197;2;3;0.8508056200211946;0.8459169759731382;0.9967794418334961;0.9951354265213013;0.09785516560077667;0.09586319327354431;-1.172012448310852;1.8718360662460327;2.25821852684021;3.2537903785705566
198;2;1;2.8261276467849132;0.7853950232564983;0.9967794418334961;0.9951502084732056;0.09782954305410385;0.09575215727090836;-0.15978384017944336;1.4579626321792603;-0.11382987350225449;0.6738287806510925
198;2;2;2.0141838117037345;0.8047142151537114;0.9967794418334961;0.9951502084732056;0.09782954305410385;0.09575215727090836;0.7131578326225281;0.8794787526130676;-1.167622685432434;1.4930733442306519
198;2;3;0.8508056200211946;0.8459169759731382;0.9967794418334961;0.9951502084732056;0.09782954305410385;0.09575215727090836;-1.1725151538848877;1.8726247549057007;2.262223720550537;3.2594544887542725
199;2;1;2.8261276467849132;0.7853950232564983;0.9967794418334961;0.9951452612876892;0.09781297296285629;0.09564206749200821;-0.15993650257587433;1.4582022428512573;-0.11411106586456299;0.6738380789756775
199;2;2;2.0131025595807834;0.8047142151537114;0.9967794418334961;0.9951452612876892;0.09781297296285629;0.09564206749200821;0.7140322923660278;0.8790503740310669;-1.1684837341308594;1.4944698810577393
199;2;3;0.8508056200211946;0.8459169759731382;0.9967794418334961;0.9951452612876892;0.09781297296285629;0.09564206749200821;-1.1730060577392578;1.8733996152877808;2.266209363937378;3.2650911808013916
0;3;1;2.0088509045764313;0.371889306752315;0.772141695022583;0.7332406640052795;0.6864582896232605;0.6964759826660156;-0.06850503385066986;0.45978033542633057;-0.24992838501930237;0.5523858666419983
0;3;2;1.108856487715836;0.19879661154099715;0.772141695022583;0.7332406640052795;0.6864582896232605;0.6964759826660156;0.0017245651688426733;0.24357813596725464;-0.21528051793575287;0.16753682494163513
0;3;3;1.1086096631057032;0.1992940033564916;0.772141695022583;0.7332406640052795;0.6864582896232605;0.6964759826660156;0.02630060724914074;0.42371946573257446;0.016647666692733765;0.4070485234260559
1;3;1;2.008575470188604;0.37276587679143525;0.772946834564209;0.734677791595459;0.6862326860427856;0.6956863403320312;-0.06863812357187271;0.46031439304351807;-0.24854476749897003;0.5535902380943298
1;3;2;1.107611964218596;0.20004334712141736;0.772946834564209;0.734677791595459;0.6862326860427856;0.6956863403320312;0.0017487050499767065;0.2445332407951355;-0.21240919828414917;0.16966260969638824
1;3;3;1.1139399073466798;0.20186358474035115;0.772946834564209;0.734677791595459;0.6862326860427856;0.6956863403320312;0.026936490088701248;0.4246410131454468;0.02468279004096985;0.3956851661205292
2;3;1;2.008128875147844;0.37620398460032645;0.7765700817108154;0.7376533150672913;0.6859169602394104;0.6943263411521912;-0.068831667304039;0.4610949754714966;-0.24658332765102386;0.5552152395248413
2;3;2;1.1083124407910807;0.20212815016830854;0.7765700817108154;0.7376533150672913;0.6859169602394104;0.6943263411521912;0.0017503023846074939;0.24587437510490417;-0.20850220322608948;0.17274324595928192
2;3;3;1.110597107709812;0.202593269237632;0.7765700817108154;0.7376533150672913;0.6859169602394104;0.6943263411521912;0.027846572920680046;0.42596635222435;0.03558346629142761;0.38026925921440125
3;3;1;2.0134120834835807;0.3762039846003269;0.782206118106842;0.7418832778930664;0.6857025623321533;0.692684531211853;-0.069084532558918;0.4621150493621826;-0.24412329494953156;0.5571138262748718
3;3;2;1.1077405439117358;0.20668476962485904;0.782206118106842;0.7418832778930664;0.6857025623321533;0.692684531211853;0.0016943932278081775;0.2475346028804779;-0.2038724720478058;0.1766599863767624
3;3;3;1.1066119414236484;0.2039264684884463;0.782206118106842;0.7418832778930664;0.6857025623321533;0.692684531211853;0.028999654576182365;0.4276564121246338;0.048451438546180725;0.3620711863040924
4;3;1;2.011860375281887;0.37220388125676607;0.7890498638153076;0.7476738691329956;0.6857712268829346;0.6910518407821655;-0.06939443200826645;0.46337705850601196;-0.24123358726501465;0.5591230988502502
4;3;2;1.1094100355196455;0.2138635723748168;0.7890498638153076;0.7476738691329956;0.6857712268829346;0.6910518407821655;0.0015401920536532998;0.2494422346353531;-0.19884800910949707;0.18121662735939026
4;3;3;1.1081927311738555;0.21564684848647353;0.7890498638153076;0.7476738691329956;0.6857712268829346;0.6910518407821655;0.03035750798881054;0.4296618700027466;0.06235826015472412;0.34240397810935974
5;3;1;2.0256690222858236;0.37615149609814624;0.79347825050354;0.7558721303939819;0.6862398982048035;0.6896637678146362;-0.06976049393415451;0.46488600969314575;-0.23798690736293793;0.5610719323158264
5;3;2;1.072761080289359;0.21887988477968712;0.79347825050354;0.7558721303939819;0.6862398982048035;0.6896637678146362;0.0012436549877747893;0.2515222430229187;-0.1937560737133026;0.18613603711128235
5;3;3;1.072761080289359;0.21887988477968712;0.79347825050354;0.7558721303939819;0.6862398982048035;0.6896637678146362;0.031873054802417755;0.43191948533058167;0.07639742642641068;0.32254961133003235
6;3;1;2.0225494107572812;0.3798762353328047;0.8063607215881348;0.7653369903564453;0.6871272325515747;0.6886584162712097;-0.07018133252859116;0.4666557312011719;-0.23443956673145294;0.5627856254577637
6;3;2;1.0206224337958671;0.23523780309766318;0.8063607215881348;0.7653369903564453;0.6871272325515747;0.6886584162712097;0.0007601420511491597;0.25369971990585327;-0.18890702724456787;0.19108162820339203
6;3;3;1.0310735300132219;0.23383118460090202;0.8063607215881348;0.7653369903564453;0.6871272325515747;0.6886584162712097;0.033491767942905426;0.4343528151512146;0.08973291516304016;0.3036903738975525
7;3;1;2.023196260492048;0.3838973943780841;0.8192431926727295;0.7769255638122559;0.6883490085601807;0.6880585551261902;-0.07065894454717636;0.468700647354126;-0.23064489662647247;0.5641006231307983
7;3;2;1.0246229570572005;0.252084797687262;0.8192431926727295;0.7769255638122559;0.6883490085601807;0.6880585551261902;4.727045961772092e-05;0.25590503215789795;-0.1845787614583969;0.19569507241249084
7;3;3;1.0246229570572005;0.252084797687262;0.8192431926727295;0.7769255638122559;0.6883490085601807;0.6880585551261902;0.03515627980232239;0.43687841296195984;0.10164212435483932;0.2868482172489166
8;3;1;2.021194037354812;0.38501550865054135;0.8393719792366028;0.7892623543739319;0.6897053122520447;0.6877806186676025;-0.07119124382734299;0.4710342288017273;-0.22665022313594818;0.5648784041404724
8;3;2;0.9726006691808102;0.29090610757990376;0.8393719792366028;0.7892623543739319;0.6897053122520447;0.6877806186676025;-0.0009321531397290528;0.2580801844596863;-0.18100182712078094;0.1996397078037262
8;3;3;0.9726006691808102;0.29090610757990376;0.8393719792366028;0.7892623543739319;0.6897053122520447;0.6877806186676025;0.036813318729400635;0.439415842294693;0.11155077815055847;0.27283525466918945
9;3;1;2.041663570447839;0.3904236848106235;0.8590981960296631;0.8019991517066956;0.6909517645835876;0.6876623630523682;-0.07177669554948807;0.47367727756500244;-0.22247909009456635;0.565005898475647
9;3;2;0.8951334299821454;0.2917493162868041;0.8590981960296631;0.8019991517066956;0.6909517645835876;0.6876623630523682;-0.002207382582128048;0.26018500328063965;-0.17834703624248505;0.20264025032520294
9;3;3;0.8951334299821454;0.2917493162868041;0.8590981960296631;0.8019991517066956;0.6909517645835876;0.6876623630523682;0.03842158988118172;0.4419002830982208;0.11905762553215027;0.26221898198127747
10;3;1;2.054511001393797;0.39112835759538855;0.8772141933441162;0.8155138492584229;0.691830039024353;0.687497079372406;-0.07241903245449066;0.47665250301361084;-0.21813741326332092;0.564407229423523
10;3;2;0.8737698451134941;0.3098745766063389;0.8772141933441162;0.8155138492584229;0.691830039024353;0.687497079372406;-0.003797869198024273;0.2622028887271881;-0.1767161339521408;0.20451299846172333
10;3;3;0.8737698451134941;0.3098745766063389;0.8772141933441162;0.8155138492584229;0.691830039024353;0.687497079372406;0.03995935991406441;0.4442955255508423;0.12394800782203674;0.25530293583869934
11;3;1;2.0809502904140347;0.39751866325466256;0.8884862661361694;0.8278382420539856;0.6921021938323975;0.687108039855957;-0.07313289493322372;0.4799817204475403;-0.2136133760213852;0.5630514025688171
11;3;2;0.8589844973915177;0.3112359661192916;0.8884862661361694;0.8278382420539856;0.6921021938323975;0.687108039855957;-0.005711730569601059;0.2641436755657196;-0.17613762617111206;0.2051825374364853
11;3;3;0.8512222700921992;0.30885939158518694;0.8884862661361694;0.8278382420539856;0.6921021938323975;0.687108039855957;0.041428953409194946;0.4466022849082947;0.12619411945343018;0.25212645530700684
12;3;1;2.0921540699558943;0.3974650102275721;0.8981481194496155;0.8396811485290527;0.6916223168373108;0.6863663792610168;-0.07392134517431259;0.4836796820163727;-0.20888428390026093;0.5609669089317322
12;3;2;0.9378731550235129;0.3358962430860166;0.8981481194496155;0.8396811485290527;0.6916223168373108;0.6863663792610168;-0.00794557761400938;0.26604360342025757;-0.17656812071800232;0.2046840488910675
12;3;3;0.9322503119039789;0.3366102916320797;0.8981481194496155;0.8396811485290527;0.6916223168373108;0.6863663792610168;0.04285811632871628;0.4488618075847626;0.1259429156780243;0.25248169898986816
13;3;1;2.0949225792310724;0.3964235239654612;0.9057971239089966;0.8499041795730591;0.6903550028800964;0.6852315664291382;-0.07478552311658859;0.48776307702064514;-0.20391058921813965;0.5582208633422852
13;3;2;0.9472602179121408;0.3714255284218062;0.9057971239089966;0.8499041795730591;0.6903550028800964;0.6852315664291382;-0.010485212318599224;0.2679620683193207;-0.17789888381958008;0.20315265655517578
13;3;3;0.9432166682023508;0.37393553608980756;0.9057971239089966;0.8499041795730591;0.6903550028800964;0.6852315664291382;0.04429721087217331;0.4511531591415405;0.12349314987659454;0.25594618916511536
14;3;1;2.1175868725615272;0.4007883955936067;0.9090177416801453;0.8566997647285461;0.6883707046508789;0.6837344765663147;-0.07571785897016525;0.49224230647087097;-0.19866181910037994;0.5549166798591614
14;3;2;0.9044053162999219;0.39510600542173613;0.9090177416801453;0.8566997647285461;0.6883707046508789;0.6837344765663147;-0.013307146728038788;0.2699759304523468;-0.1799667924642563;0.20080235600471497
14;3;3;0.9002007525977866;0.3928975022981791;0.9090177416801453;0.8566997647285461;0.6883707046508789;0.6837344765663147;0.04581354185938835;0.4535844922065735;0.11926457285881042;0.2619263231754303
15;3;1;2.136357384427347;0.4059670413241965;0.9134460687637329;0.860201358795166;0.6857098937034607;0.681952178478241;-0.0767245665192604;0.4971262216567993;-0.19307807087898254;0.551186203956604
15;3;2;0.9721400699673524;0.38252536767071055;0.9134460687637329;0.860201358795166;0.6857098937034607;0.681952178478241;-0.0163734033703804;0.2721729278564453;-0.18255095183849335;0.197917178273201
15;3;3;0.968253231094427;0.3803721716695021;0.9134460687637329;0.860201358795166;0.6857098937034607;0.681952178478241;0.047483962029218674;0.45628300309181213;0.1137603148818016;0.2697104811668396
16;3;1;2.1479080439104568;0.4070479707546997;0.9126409292221069;0.8606408834457397;0.6827692985534668;0.6800830364227295;-0.07782024890184402;0.5023581385612488;-0.18710707128047943;0.547295868396759
16;3;2;1.0196055242331932;0.36655652964016605;0.9126409292221069;0.8606408834457397;0.6827692985534668;0.6800830364227295;-0.019555727019906044;0.27464723587036133;-0.18521426618099213;0.19500647485256195
16;3;3;1.020204132764694;0.3662877034256047;0.9126409292221069;0.8606408834457397;0.6827692985534668;0.6800830364227295;0.04938328266143799;0.4593762159347534;0.10752321779727936;0.27853110432624817
17;3;1;2.138201980793464;0.41271215099054803;0.9130434989929199;0.8601322174072266;0.6796404719352722;0.6784480810165405;-0.0790010318160057;0.5077890157699585;-0.18082764744758606;0.5436413288116455
17;3;2;1.0632174681356732;0.3715451157883267;0.9130434989929199;0.8601322174072266;0.6796404719352722;0.6784480810165405;-0.022656308487057686;0.2774849236011505;-0.18731746077537537;0.1927518993616104
17;3;3;1.0499264962076618;0.3587454710384623;0.9130434989929199;0.8601322174072266;0.6796404719352722;0.6784480810165405;0.051568299531936646;0.4629672169685364;0.10107304155826569;0.28765302896499634
18;3;1;2.146632440069281;0.42886492725739256;0.9182769656181335;0.8567763566970825;0.6769223809242249;0.6772189736366272;-0.08026891946792603;0.513299822807312;-0.17428089678287506;0.5405428409576416
18;3;2;1.0878878701346935;0.3360487305097566;0.9182769656181335;0.8567763566970825;0.6769223809242249;0.6772189736366272;-0.025499163195490837;0.28074514865875244;-0.1882559061050415;0.1917417198419571
18;3;3;1.0662153014813835;0.3394646432446988;0.9182769656181335;0.8567763566970825;0.6769223809242249;0.6772189736366272;0.054068874567747116;0.46711933612823486;0.09483927488327026;0.2964688837528229
19;3;1;2.156151758006799;0.43022976369102484;0.9194847345352173;0.8540921807289124;0.6749505996704102;0.6761546730995178;-0.08164485543966293;0.5188307762145996;-0.16748802363872528;0.5381600260734558
19;3;2;1.1415690651278503;0.34234836719956396;0.9194847345352173;0.8540921807289124;0.6749505996704102;0.6761546730995178;-0.027996445074677467;0.2844531834125519;-0.1876867264509201;0.1922973245382309
19;3;3;1.0964431259349503;0.3263180299700901;0.9194847345352173;0.8540921807289124;0.6749505996704102;0.6761546730995178;0.0568961426615715;0.47186943888664246;0.08911851048469543;0.30455929040908813
20;3;1;2.142306079177745;0.4358592027689152;0.9186795949935913;0.8525488376617432;0.6731077432632446;0.6749086380004883;-0.08312974125146866;0.5243374109268188;-0.16048485040664673;0.5366141200065613
20;3;2;1.1739111254029488;0.33496957201404864;0.9186795949935913;0.8525488376617432;0.6731077432632446;0.6749086380004883;-0.030073441565036774;0.28862786293029785;-0.18533706665039062;0.19470830261707306
20;3;3;1.103640987554666;0.31699697971035334;0.9186795949935913;0.8525488376617432;0.6731077432632446;0.6749086380004883;0.060054413974285126;0.477247029542923;0.08405638486146927;0.311718225479126
21;3;1;2.1524806175167956;0.44796289118642196;0.9206924438476562;0.8536378145217896;0.6710914373397827;0.6732335090637207;-0.08473101258277893;0.5298174023628235;-0.1533002406358719;0.5359262824058533
21;3;2;1.201094798537218;0.3353105391182498;0.9206924438476562;0.8536378145217896;0.6710914373397827;0.6732335090637207;-0.03170251101255417;0.29327788949012756;-0.18112163245677948;0.19913247227668762
21;3;3;1.1146918070525658;0.3093816814659758;0.9206924438476562;0.8536378145217896;0.6710914373397827;0.6732335090637207;0.06354758143424988;0.4832844138145447;0.07963745296001434;0.3179675042629242
22;3;1;2.150227931794716;0.45163907250549684;0.922705352306366;0.8572133779525757;0.6688628792762756;0.6709345579147339;-0.08645769953727722;0.5353206396102905;-0.14594928920269012;0.5360068678855896
22;3;2;1.2220597168521348;0.3268206878884712;0.922705352306366;0.8572133779525757;0.6688628792762756;0.6709345579147339;-0.03290783241391182;0.2984063923358917;-0.17515097558498383;0.2055407613515854
22;3;3;1.1222978851306147;0.3100957439551495;0.922705352306366;0.8572133779525757;0.6688628792762756;0.6709345579147339;0.06738128513097763;0.49002203345298767;0.07568959891796112;0.32355064153671265
23;3;1;2.1354272056675327;0.4606107512773203;0.9267311096191406;0.8635299205780029;0.6663755178451538;0.6680193543434143;-0.08831895142793655;0.5409685969352722;-0.13836173713207245;0.5366309881210327
23;3;2;1.2483229448618465;0.327392843438433;0.9267311096191406;0.8635299205780029;0.6663755178451538;0.6680193543434143;-0.03378454968333244;0.30400511622428894;-0.16778288781642914;0.21359951794147491
23;3;3;1.1204557708399951;0.3112115997002203;0.9267311096191406;0.8635299205780029;0.6663755178451538;0.6680193543434143;0.07155805081129074;0.4975014626979828;0.07190437614917755;0.3289037346839905
24;3;1;2.152327688572309;0.4512750919671795;0.9323671460151672;0.8717775344848633;0.6636353731155396;0.664609432220459;-0.09033570438623428;0.5468931198120117;-0.1304599493741989;0.5375499129295349
24;3;2;1.2669194685765515;0.3355274198782401;0.9323671460151672;0.8717775344848633;0.6636353731155396;0.664609432220459;-0.034427374601364136;0.31006672978401184;-0.15937691926956177;0.2228739708662033
24;3;3;1.1302078282307306;0.32548398069867357;0.9323671460151672;0.8717775344848633;0.6636353731155396;0.664609432220459;0.07606890052556992;0.5057545900344849;0.06787911057472229;0.33459633588790894
25;3;1;2.160228835512454;0.46118704387080545;0.9359903335571289;0.8817141056060791;0.6606330871582031;0.6608734726905823;-0.09252484887838364;0.5532334446907043;-0.12218097597360611;0.5384863615036011
25;3;2;1.322283146289477;0.354332311081218;0.9359903335571289;0.8817141056060791;0.6606330871582031;0.6608734726905823;-0.03495005518198013;0.3165769577026367;-0.15033836662769318;0.23277634382247925
25;3;3;1.1338883888785523;0.33301277002518725;0.9359903335571289;0.8817141056060791;0.6606330871582031;0.6608734726905823;0.08088661730289459;0.5147932767868042;0.0631614476442337;0.3412681221961975
26;3;1;2.1529567803789105;0.4837813249205052;0.9424315690994263;0.8908506631851196;0.6574061512947083;0.6568484902381897;-0.09487657994031906;0.5601606369018555;-0.11347158253192902;0.5390949845314026
26;3;2;1.3373312213741926;0.3721530692350892;0.9424315690994263;0.8908506631851196;0.6574061512947083;0.6568484902381897;-0.03548871725797653;0.32352009415626526;-0.1411105841398239;0.24258817732334137
26;3;3;1.1143804312497947;0.35372302264654243;0.9424315690994263;0.8908506631851196;0.6574061512947083;0.6568484902381897;0.08596497029066086;0.5246115326881409;0.057305313646793365;0.34954994916915894
27;3;1;2.1879641366363627;0.5009655032703035;0.9460547566413879;0.8995377421379089;0.6538454294204712;0.652554452419281;-0.09740358591079712;0.5677869319915771;-0.10432086139917374;0.5391364097595215
27;3;2;1.3819376259677982;0.4032135676528892;0.9460547566413879;0.8995377421379089;0.6538454294204712;0.652554452419281;-0.03612123057246208;0.3308887779712677;-0.13197419047355652;0.251773864030838
27;3;3;1.1104811930974634;0.372482237341206;0.9460547566413879;0.8995377421379089;0.6538454294204712;0.652554452419281;0.09124229848384857;0.53519606590271;0.049937255680561066;0.35996994376182556
28;3;1;2.2401511706114636;0.5250288284012772;0.9464573264122009;0.9062098264694214;0.6496263742446899;0.6477929949760437;-0.1001133918762207;0.5762647986412048;-0.09470333158969879;0.5383169651031494
28;3;2;1.4230107926364326;0.4152542813701121;0.9464573264122009;0.9062098264694214;0.6496263742446899;0.6477929949760437;-0.03694445267319679;0.3386993110179901;-0.12318377941846848;0.25980231165885925
28;3;3;1.1343767587410696;0.38734784662139;0.9464573264122009;0.9062098264694214;0.6496263742446899;0.6477929949760437;0.09665118157863617;0.5465518832206726;0.040812209248542786;0.3728747069835663
29;3;1;2.296846614428472;0.5558858868382641;0.9480676651000977;0.9106053113937378;0.6443510055541992;0.6422187685966492;-0.10299112647771835;0.5856446027755737;-0.08470266312360764;0.536594569683075
29;3;2;1.4681140288091834;0.42238696122278485;0.9480676651000977;0.9106053113937378;0.6443510055541992;0.6422187685966492;-0.0378895066678524;0.3470134139060974;-0.11465220153331757;0.26661574840545654
29;3;3;1.131339757114806;0.40315065406828365;0.9480676651000977;0.9106053113937378;0.6443510055541992;0.6422187685966492;0.10213064402341843;0.5587393045425415;0.029878683388233185;0.38833704590797424
30;3;1;2.3589469230731295;0.5812181695845808;0.9468598961830139;0.9111436605453491;0.6374503970146179;0.635662853717804;-0.10601204633712769;0.5959141254425049;-0.07452869415283203;0.5340835452079773
30;3;2;1.561774969673623;0.44957118387712436;0.9468598961830139;0.9111436605453491;0.6374503970146179;0.635662853717804;-0.03890962898731232;0.3559145927429199;-0.10630344599485397;0.27243709564208984
30;3;3;1.1640408619238318;0.4150813830643645;0.9468598961830139;0.9111436605453491;0.6374503970146179;0.635662853717804;0.10763366520404816;0.5718933939933777;0.017306357622146606;0.4061169922351837
31;3;1;2.384517343328379;0.5951526432213718;0.9436392784118652;0.9065704345703125;0.6294176578521729;0.6285449266433716;-0.10914929211139679;0.6070044636726379;-0.06444688141345978;0.5310221910476685
31;3;2;1.6628785775800292;0.4744504766353219;0.9436392784118652;0.9065704345703125;0.6294176578521729;0.6285449266433716;-0.04008262977004051;0.3654618263244629;-0.09867876768112183;0.277447909116745
31;3;3;1.2031332310645242;0.40961448097275355;0.9436392784118652;0.9065704345703125;0.6294176578521729;0.6285449266433716;0.11316537857055664;0.5861966609954834;0.0034811943769454956;0.42566874623298645
32;3;1;2.4165739765984844;0.5985832105081714;0.9392109513282776;0.9033553600311279;0.6208921074867249;0.6215032935142517;-0.11239343136548996;0.6187516450881958;-0.05475541949272156;0.5279268026351929
32;3;2;1.6571823662389846;0.4847462441677819;0.9392109513282776;0.9033553600311279;0.6208921074867249;0.6215032935142517;-0.04126141220331192;0.3757368326187134;-0.09130816161632538;0.28240102529525757
32;3;3;1.1905643216041772;0.3991589331743248;0.9392109513282776;0.9033553600311279;0.6208921074867249;0.6215032935142517;0.1188230812549591;0.6018326878547668;-0.011042758822441101;0.4462086856365204
33;3;1;2.4381673601374088;0.6040390116588883;0.9380031824111938;0.902644157409668;0.6117804050445557;0.6138750910758972;-0.11575144529342651;0.6310544610023499;-0.045734383165836334;0.5252231359481812
33;3;2;1.6923648233194086;0.5213472960230865;0.9380031824111938;0.902644157409668;0.6117804050445557;0.6138750910758972;-0.04228109493851662;0.38682490587234497;-0.08371269702911377;0.2878883481025696
33;3;3;1.168175990917062;0.4081880185159692;0.9380031824111938;0.902644157409668;0.6117804050445557;0.6138750910758972;0.1247008666396141;0.6189855933189392;-0.025723382830619812;0.4669702351093292
34;3;1;2.4620095053628885;0.6180442936826465;0.9392109513282776;0.9051085710525513;0.6024991273880005;0.6056270599365234;-0.11919914931058884;0.6437883377075195;-0.03766734153032303;0.5234167575836182
34;3;2;1.7508694327428014;0.5702093882385402;0.9392109513282776;0.9051085710525513;0.6024991273880005;0.6056270599365234;-0.04292067885398865;0.39878714084625244;-0.07534627616405487;0.29452094435691833
34;3;3;1.13490585684701;0.39717080773929814;0.9392109513282776;0.9051085710525513;0.6024991273880005;0.6056270599365234;0.13088306784629822;0.6377995610237122;-0.04015818238258362;0.4873841404914856
35;3;1;2.5023617599829926;0.621073355869223;0.9412238597869873;0.9116769433021545;0.5923956036567688;0.5962113738059998;-0.1227264404296875;0.656970739364624;-0.03063715063035488;0.5227115154266357
35;3;2;1.807427664532705;0.6170971016062139;0.9412238597869873;0.9116769433021545;0.5923956036567688;0.5962113738059998;-0.043105918914079666;0.4116668403148651;-0.06602367013692856;0.3024479150772095
35;3;3;1.1476354999647311;0.4324995430119527;0.9412238597869873;0.9116769433021545;0.5923956036567688;0.5962113738059998;0.13742178678512573;0.6583678722381592;-0.054203957319259644;0.5072478652000427
36;3;1;2.495175994266594;0.6269410917867511;0.9480676054954529;0.9224827885627747;0.5811917185783386;0.5851867198944092;-0.1263599842786789;0.6708714962005615;-0.024557029828429222;0.5226784944534302
36;3;2;1.826896841472215;0.6556219549153228;0.9480676054954529;0.9224827885627747;0.5811917185783386;0.5851867198944092;-0.04300915077328682;0.42549946904182434;-0.05615755170583725;0.31112080812454224
36;3;3;1.1375167703323337;0.4737584534563215;0.9480676054954529;0.9224827885627747;0.5811917185783386;0.5851867198944092;0.14431579411029816;0.6807277202606201;-0.06802824139595032;0.5267983675003052
37;3;1;2.509016963301238;0.635469065503333;0.95652174949646;0.9362320303916931;0.5688804388046265;0.5725295543670654;-0.13009397685527802;0.6858369708061218;-0.019182926043868065;0.522649884223938
37;3;2;1.8480756125055198;0.6946661527262266;0.95652174949646;0.9362320303916931;0.5688804388046265;0.5725295543670654;-0.042863644659519196;0.4403038024902344;-0.046327054500579834;0.3197897970676422
37;3;3;1.136925048743887;0.5183946170411868;0.95652174949646;0.9362320303916931;0.5688804388046265;0.5725295543670654;0.15150457620620728;0.7048640847206116;-0.08203883469104767;0.5466123223304749
38;3;1;2.521977077748919;0.6636289010253478;0.9637680649757385;0.9509146213531494;0.5553069710731506;0.5584759712219238;-0.13399192690849304;0.7022003531455994;-0.014131182804703712;0.5218422412872314
38;3;2;1.8863190450053002;0.7337813435066791;0.9637680649757385;0.9509146213531494;0.5553069710731506;0.5584759712219238;-0.04290297254920006;0.45608001947402954;-0.03709104657173157;0.3277151584625244
38;3;3;1.1718813340067227;0.5607921333515224;0.9637680649757385;0.9509146213531494;0.5553069710731506;0.5584759712219238;0.1588820219039917;0.7307249903678894;-0.09674276411533356;0.5674068331718445
39;3;1;2.569936123266025;0.6894828249408613;0.9690015912055969;0.9636762142181396;0.5400336980819702;0.5429337620735168;-0.13808605074882507;0.7202289700508118;-0.009218406863510609;0.5195955038070679
39;3;2;1.9186748475206414;0.760834954166437;0.9690015912055969;0.9636762142181396;0.5400336980819702;0.5429337620735168;-0.04330394044518471;0.4728366732597351;-0.028922125697135925;0.3342839181423187
39;3;3;1.1941594158158733;0.6239309841743297;0.9690015912055969;0.9636762142181396;0.5400336980819702;0.5429337620735168;0.16634076833724976;0.7582696676254272;-0.11255906522274017;0.5897744297981262
40;3;1;2.5972631815361273;0.6851801240432538;0.9750401973724365;0.9730546474456787;0.522645890712738;0.525495171546936;-0.14237119257450104;0.7401737570762634;-0.003961789887398481;0.5153181552886963
40;3;2;1.9651166615106268;0.7822008216770096;0.9750401973724365;0.9730546474456787;0.522645890712738;0.525495171546936;-0.04417995736002922;0.4906151592731476;-0.022065818309783936;0.33923640847206116
40;3;3;1.2051493360566532;0.648138088606522;0.9750401973724365;0.9730546474456787;0.522645890712738;0.525495171546936;0.17383424937725067;0.7875306606292725;-0.1296401172876358;0.6139307022094727
41;3;1;2.6222130147940135;0.7008052174864021;0.9802737236022949;0.9795539975166321;0.50242680311203;0.505653440952301;-0.14692650735378265;0.7620407342910767;0.0017580389976501465;0.5091713666915894
41;3;2;2.0050781416461003;0.805743057856859;0.9802737236022949;0.9795539975166321;0.50242680311203;0.505653440952301;-0.04554518684744835;0.5095111131668091;-0.016425292938947678;0.34284016489982605
41;3;3;1.204347568800535;0.66950256032839;0.9802737236022949;0.9795539975166321;0.50242680311203;0.505653440952301;0.18143612146377563;0.818664014339447;-0.14773882925510406;0.6395261883735657
42;3;1;2.6156936798617867;0.76001587786857;0.9847021102905273;0.98345547914505;0.47956907749176025;0.4837246537208557;-0.15184994041919708;0.7855395078659058;0.00801694393157959;0.5023143291473389
42;3;2;2.038326397398442;0.8310109185144849;0.9847021102905273;0.98345547914505;0.47956907749176025;0.4837246537208557;-0.04719572141766548;0.5296549201011658;-0.011424383148550987;0.3459256887435913
42;3;3;1.2144851047192828;0.6911540198716741;0.9847021102905273;0.98345547914505;0.47956907749176025;0.4837246537208557;0.18934176862239838;0.8519117832183838;-0.16623543202877045;0.6656842827796936
43;3;1;2.6462290922740648;0.7818777482241739;0.9867149591445923;0.9858211278915405;0.4555584490299225;0.46075791120529175;-0.15704980492591858;0.8101306557655334;0.014785599894821644;0.4968535602092743
43;3;2;2.0551665545238995;0.8396764106137002;0.9867149591445923;0.9858211278915405;0.4555584490299225;0.46075791120529175;-0.04878910258412361;0.5511417388916016;-0.00610390305519104;0.34963148832321167
43;3;3;1.166549259622041;0.7324110682803284;0.9867149591445923;0.9858211278915405;0.4555584490299225;0.46075791120529175;0.19778376817703247;0.8874854445457458;-0.18438108265399933;0.6913461685180664
44;3;1;2.6557453831217277;0.7752540007275215;0.9863123893737793;0.9876434803009033;0.4316060543060303;0.43758007884025574;-0.1624085009098053;0.8351554870605469;0.02233964204788208;0.4952409863471985
44;3;2;2.0486499354323717;0.8337775860995835;0.9863123893737793;0.9876434803009033;0.4316060543060303;0.43758007884025574;-0.050089649856090546;0.573981761932373;0.00016357004642486572;0.3546278774738312
44;3;3;1.1829258745469184;0.760621396106147;0.9863123893737793;0.9876434803009033;0.4316060543060303;0.43758007884025574;0.20688502490520477;0.9254308938980103;-0.20169679820537567;0.7158342003822327
45;3;1;2.671412473179039;0.7859392640056084;0.9875200986862183;0.9886855483055115;0.40784698724746704;0.4137135446071625;-0.16787558794021606;0.8603430390357971;0.031158341094851494;0.4981650114059448
45;3;2;2.0883750630136344;0.8445472103334266;0.9875200986862183;0.9886855483055115;0.40784698724746704;0.4137135446071625;-0.051105283200740814;0.5980737805366516;0.007367705460637808;0.36077627539634705
45;3;3;1.2162951075155055;0.7684123825708475;0.9875200986862183;0.9886855483055115;0.40784698724746704;0.4137135446071625;0.21654045581817627;0.9655681252479553;-0.21828608214855194;0.7392950057983398
46;3;1;2.698680714654083;0.795937282120712;0.989130437374115;0.989436149597168;0.3839612603187561;0.38888370990753174;-0.17348818480968475;0.8857049942016602;0.041777994483709335;0.5046478509902954
46;3;2;2.0793262650115505;0.8451119646713527;0.989130437374115;0.989436149597168;0.3839612603187561;0.38888370990753174;-0.0520787313580513;0.6231967210769653;0.014893090352416039;0.36737412214279175
46;3;3;1.2104784860145887;0.7749237137225138;0.989130437374115;0.989436149597168;0.3839612603187561;0.38888370990753174;0.2264082282781601;1.0075128078460693;-0.23479275405406952;0.7626389861106873
47;3;1;2.7246928583593935;0.7798996691674152;0.989935576915741;0.9897472858428955;0.36041826009750366;0.36405566334724426;-0.17935119569301605;0.9114670753479004;0.054547812789678574;0.5123984813690186
47;3;2;2.0875585444257645;0.8349951894521173;0.989935576915741;0.9897472858428955;0.36041826009750366;0.36405566334724426;-0.05338800698518753;0.6490506529808044;0.021725844591856003;0.3734756410121918
47;3;3;1.2071339571970894;0.7867688931668342;0.989935576915741;0.9897472858428955;0.36041826009750366;0.36405566334724426;0.23603276908397675;1.0507524013519287;-0.2520374059677124;0.787026584148407
48;3;1;2.709091665452145;0.773123807221646;0.990338146686554;0.9899547696113586;0.33612075448036194;0.33926230669021606;-0.18551866710186005;0.9376750588417053;0.06949524581432343;0.5198360681533813
48;3;2;2.0925690499071674;0.8430886726109179;0.990338146686554;0.9899547696113586;0.33612075448036194;0.33926230669021606;-0.05514419451355934;0.6753576397895813;0.027289848774671555;0.3787185549736023
48;3;3;1.1795280482390167;0.7914597728272952;0.990338146686554;0.9899547696113586;0.33612075448036194;0.33926230669021606;0.24510419368743896;1.0948119163513184;-0.27046698331832886;0.813089907169342
49;3;1;2.7061620376769495;0.7700627264816475;0.990338146686554;0.9900486469268799;0.30988335609436035;0.3141617774963379;-0.191902294754982;0.9640341401100159;0.08585958927869797;0.5273364186286926
49;3;2;2.0950708096845325;0.8487612364091586;0.990338146686554;0.9900486469268799;0.30988335609436035;0.3141617774963379;-0.05708862841129303;0.7019397020339966;0.03170196712017059;0.38352781534194946
49;3;3;1.1863457554676007;0.7990677271445441;0.990338146686554;0.9900486469268799;0.30988335609436035;0.3141617774963379;0.2536426782608032;1.139357566833496;-0.28987962007522583;0.8405435085296631
50;3;1;2.7158047480851355;0.764705526296189;0.989935576915741;0.9896535277366638;0.28356075286865234;0.2899172604084015;-0.19831371307373047;0.9899848103523254;0.10230465978384018;0.5369059443473816
50;3;2;2.095420767086077;0.8335237689466739;0.989935576915741;0.9896535277366638;0.28356075286865234;0.2899172604084015;-0.0587286576628685;0.7286767363548279;0.03559936583042145;0.38870471715927124
50;3;3;1.1602083925274016;0.7943187276685788;0.989935576915741;0.9896535277366638;0.28356075286865234;0.2899172604084015;0.2619163990020752;1.1841264963150024;-0.30965906381607056;0.8685159087181091
51;3;1;2.7169791102391896;0.7914088504557455;0.988727867603302;0.9894065856933594;0.25987541675567627;0.26772597432136536;-0.20451703667640686;1.0150175094604492;0.11748989671468735;0.5504491329193115
51;3;2;2.094195500502032;0.8337307945216854;0.988727867603302;0.9894065856933594;0.25987541675567627;0.26772597432136536;-0.05964042618870735;0.7554147243499756;0.039524372667074203;0.3947352468967438
51;3;3;1.162132905830715;0.791923363528507;0.988727867603302;0.9894065856933594;0.25987541675567627;0.26772597432136536;0.2701493799686432;1.228797435760498;-0.3293207883834839;0.8963217735290527
52;3;1;2.7132654304173167;0.7913855168373818;0.988727867603302;0.9894164204597473;0.23958666622638702;0.2471017837524414;-0.21045461297035217;1.0392237901687622;0.1309015303850174;0.5667912364006042
52;3;2;2.0968200849024514;0.8383448922169814;0.988727867603302;0.9894164204597473;0.23958666622638702;0.2471017837524414;-0.05987013131380081;0.7819063663482666;0.04314490407705307;0.40146487951278687
52;3;3;1.1309042479663942;0.7976607047169115;0.988727867603302;0.9894164204597473;0.23958666622638702;0.2471017837524414;0.27826786041259766;1.2729398012161255;-0.34890615940093994;0.9240197539329529
53;3;1;2.7382261333554663;0.7964526747263685;0.988727867603302;0.9901127815246582;0.2219824194908142;0.22812910377979279;-0.21612945199012756;1.0630240440368652;0.14269636571407318;0.5829007029533386
53;3;2;2.0989710641973227;0.84096087897474;0.988727867603302;0.9901127815246582;0.2219824194908142;0.22812910377979279;-0.059743888676166534;0.8078367114067078;0.04573225602507591;0.4088152050971985
53;3;3;1.116440293281813;0.7998308010755797;0.988727867603302;0.9901127815246582;0.2219824194908142;0.22812910377979279;0.28595468401908875;1.3161016702651978;-0.36879587173461914;0.9521480798721313
54;3;1;2.749879563993602;0.800401733633751;0.989130437374115;0.9907745718955994;0.2066022753715515;0.21111759543418884;-0.22163967788219452;1.086713433265686;0.15314216911792755;0.5962836742401123
54;3;2;2.096350803803369;0.8434434860979092;0.989130437374115;0.9907745718955994;0.2066022753715515;0.21111759543418884;-0.05954837054014206;0.8329262137413025;0.04690767824649811;0.4172351360321045
54;3;3;1.0934267888158127;0.8018582304099175;0.989130437374115;0.9907745718955994;0.2066022753715515;0.21111759543418884;0.29292553663253784;1.3579400777816772;-0.3892363905906677;0.9810553193092346
55;3;1;2.769051762579344;0.7959554065283188;0.9919484257698059;0.9914857745170593;0.19138957560062408;0.19540837407112122;-0.22700324654579163;1.1101666688919067;0.16246555745601654;0.6068496108055115
55;3;2;2.0929617092568753;0.8491708266670255;0.9919484257698059;0.9914857745170593;0.19138957560062408;0.19540837407112122;-0.05935422331094742;0.8570405840873718;0.0467827282845974;0.42737454175949097
55;3;3;1.0975989750099657;0.8127372353608209;0.9919484257698059;0.9914857745170593;0.19138957560062408;0.19540837407112122;0.2991723120212555;1.3982950448989868;-0.4100322127342224;1.0104650259017944
56;3;1;2.7781138058026213;0.789582092391047;0.9923510551452637;0.9921475052833557;0.1761804223060608;0.18089823424816132;-0.23215274512767792;1.1328699588775635;0.17045220732688904;0.6168946623802185
56;3;2;2.0852783777695167;0.8454487096795198;0.9923510551452637;0.9921475052833557;0.1761804223060608;0.18089823424816132;-0.05900738760828972;0.8801883459091187;0.04600667208433151;0.4395888149738312
56;3;3;1.0825157902771823;0.8119181585865625;0.9923510551452637;0.9921475052833557;0.1761804223060608;0.18089823424816132;0.30496060848236084;1.437142252922058;-0.4306277632713318;1.0395915508270264
57;3;1;2.7866804860169205;0.7719072686779027;0.9927536249160767;0.9926562309265137;0.16259802877902985;0.16812704503536224;-0.23705267906188965;1.154422402381897;0.17672745883464813;0.6284631490707397
57;3;2;2.0862178333339143;0.8540661699814502;0.9927536249160767;0.9926562309265137;0.16259802877902985;0.16812704503536224;-0.058361928910017014;0.9024192094802856;0.04518594965338707;0.45363283157348633
57;3;3;1.0662007090785321;0.820784070713735;0.9927536249160767;0.9926562309265137;0.16259802877902985;0.16812704503536224;0.310558557510376;1.4744818210601807;-0.4505044221878052;1.0677013397216797
58;3;1;2.7976506686432003;0.7629234556336959;0.9931561946868896;0.993066132068634;0.15152010321617126;0.1568577140569687;-0.24178992211818695;1.174729347229004;0.18169240653514862;0.6416793465614319
58;3;2;2.0826168214271163;0.8618484911001407;0.9931561946868896;0.993066132068634;0.15152010321617126;0.1568577140569687;-0.05748821422457695;0.9237201809883118;0.0445375069975853;0.4690716862678528
58;3;3;0.9376312623685319;0.8334654710408764;0.9931561946868896;0.993066132068634;0.15152010321617126;0.1568577140569687;0.31599295139312744;1.5102797746658325;-0.4694746136665344;1.0945292711257935
59;3;1;2.7957483218590014;0.7636400372176002;0.9935587644577026;0.9934908151626587;0.14333704113960266;0.14708390831947327;-0.24648861587047577;1.1940038204193115;0.18633246421813965;0.6547801494598389
59;3;2;2.101575617367055;0.8504649089258143;0.9935587644577026;0.9934908151626587;0.14333704113960266;0.14708390831947327;-0.056655704975128174;0.9439983367919922;0.043897923082113266;0.48573556542396545
59;3;3;0.9296759798671106;0.8372838333139114;0.9935587644577026;0.9934908151626587;0.14333704113960266;0.14708390831947327;0.32105308771133423;1.5444767475128174;-0.4876523017883301;1.1202363967895508
60;3;1;2.8088711992210627;0.7622735786412358;0.9931561946868896;0.9937772154808044;0.13707958161830902;0.138948455452919;-0.25119033455848694;1.2124712467193604;0.19124142825603485;0.6661791205406189
60;3;2;2.109839955574917;0.847330747866549;0.9931561946868896;0.9937772154808044;0.13707958161830902;0.138948455452919;-0.056094128638505936;0.9631659388542175;0.04311162978410721;0.5036042332649231
60;3;3;0.9237798825781507;0.8433391767127696;0.9931561946868896;0.9937772154808044;0.13707958161830902;0.138948455452919;0.3255416750907898;1.5770304203033447;-0.5051650404930115;1.1450031995773315
61;3;1;2.8291559708066973;0.7467717867669394;0.9931561946868896;0.9939896464347839;0.13221918046474457;0.13219060003757477;-0.25583380460739136;1.230129361152649;0.19635966420173645;0.6760009527206421
61;3;2;2.113511685153985;0.8494187864673597;0.9931561946868896;0.9939896464347839;0.13221918046474457;0.13219060003757477;-0.0558018833398819;0.981235682964325;0.0432068333029747;0.5221458077430725
61;3;3;0.9168063942930154;0.8486704864015793;0.9931561946868896;0.9939896464347839;0.13221918046474457;0.13219060003757477;0.32949239015579224;1.6079471111297607;-0.5219612121582031;1.1687564849853516
62;3;1;2.8377048552247928;0.7517512055501703;0.9939613342285156;0.9941575527191162;0.12814483046531677;0.12626446783542633;-0.26031944155693054;1.2467074394226074;0.2012890875339508;0.6859413385391235
62;3;2;2.1151183539011056;0.8509820003438189;0.9939613342285156;0.9941575527191162;0.12814483046531677;0.12626446783542633;-0.05560257285833359;0.9982947707176208;0.04433333873748779;0.5406315326690674
62;3;3;0.8969315079876461;0.8488438774808569;0.9939613342285156;0.9941575527191162;0.12814483046531677;0.12626446783542633;0.33310937881469727;1.63725745677948;-0.5378693342208862;1.1912540197372437
63;3;1;2.834098299946053;0.7528822199207106;0.9939613342285156;0.9942909479141235;0.1254570335149765;0.12119673192501068;-0.2645755410194397;1.2620899677276611;0.205694317817688;0.696904182434082
63;3;2;2.109761667226673;0.8456796724687399;0.9939613342285156;0.9942909479141235;0.1254570335149765;0.12119673192501068;-0.055358242243528366;1.0144084692001343;0.04647139832377434;0.5585263967514038
63;3;3;0.8918534795615072;0.8497950590641414;0.9939613342285156;0.9942909479141235;0.1254570335149765;0.12119673192501068;0.3365463614463806;1.6649816036224365;-0.5528075098991394;1.212379813194275
64;3;1;2.8560820578445405;0.7520274807595255;0.9931561946868896;0.994458794593811;0.12434398382902145;0.1168762594461441;-0.268594890832901;1.2764432430267334;0.2095807045698166;0.7080975770950317
64;3;2;2.100658058912849;0.842595220172961;0.9931561946868896;0.994458794593811;0.12434398382902145;0.1168762594461441;-0.05508505553007126;1.0295659303665161;0.049322180449962616;0.5758231282234192
64;3;3;0.8811443778884653;0.8521067361993371;0.9931561946868896;0.994458794593811;0.12434398382902145;0.1168762594461441;0.3397761583328247;1.6911221742630005;-0.5668818354606628;1.2322838306427002
65;3;1;2.8539442594140745;0.7527347591797495;0.9923510551452637;0.9944686889648438;0.12431474775075912;0.11339154094457626;-0.272375226020813;1.2900336980819702;0.21297919750213623;0.7181346416473389
65;3;2;2.09658385410082;0.8477357343383387;0.9923510551452637;0.9944686889648438;0.12431474775075912;0.11339154094457626;-0.05487748607993126;1.0437183380126953;0.05250876769423485;0.5928440093994141
65;3;3;0.878132789484523;0.8398134027569779;0.9923510551452637;0.9944686889648438;0.12431474775075912;0.11339154094457626;0.3426746129989624;1.715682864189148;-0.5802836418151855;1.251236915588379
66;3;1;2.8531204252159714;0.747967057680877;0.9923510551452637;0.994537889957428;0.12483018636703491;0.11052749305963516;-0.2758038640022278;1.3030736446380615;0.21597719192504883;0.7261151671409607
66;3;2;2.1028523071938885;0.8472504155273555;0.9923510551452637;0.994537889957428;0.12483018636703491;0.11052749305963516;-0.05477604269981384;1.0568532943725586;0.05577566474676132;0.6098215579986572
66;3;3;0.8788597052426654;0.8495876566758529;0.9923510551452637;0.994537889957428;0.12483018636703491;0.11052749305963516;0.34518152475357056;1.7386928796768188;-0.593132734298706;1.2694082260131836
67;3;1;2.864446943316416;0.7490681777345003;0.9923510551452637;0.9946069717407227;0.1252952516078949;0.10813102126121521;-0.27886542677879333;1.31551194190979;0.2182949036359787;0.7325987219810486
67;3;2;2.1149729957029555;0.8357801944222092;0.9923510551452637;0.9946069717407227;0.1252952516078949;0.10813102126121521;-0.05470908805727959;1.0690319538116455;0.05910220369696617;0.6266137361526489
67;3;3;0.872447263366837;0.8405001559526601;0.9923510551452637;0.9946069717407227;0.1252952516078949;0.10813102126121521;0.34738826751708984;1.7602107524871826;-0.6054027676582336;1.286760687828064
68;3;1;2.8731098405016775;0.7491395048731784;0.9927536249160767;0.994646430015564;0.12554232776165009;0.10617590695619583;-0.2815605700016022;1.3271654844284058;0.21971125900745392;0.7388284206390381
68;3;2;2.110761260960172;0.8348914331662236;0.9927536249160767;0.994646430015564;0.12554232776165009;0.10617590695619583;-0.05456007272005081;1.0803550481796265;0.0626176968216896;0.642845094203949
68;3;3;0.8611601598949647;0.8436097785419263;0.9927536249160767;0.994646430015564;0.12554232776165009;0.10617590695619583;0.34944647550582886;1.7803096771240234;-0.6170026063919067;1.3031654357910156
69;3;1;2.882401279714487;0.7490159862029557;0.9927536249160767;0.9944539070129395;0.12541207671165466;0.10444808006286621;-0.28384503722190857;1.3379645347595215;0.22002343833446503;0.7455153465270996
69;3;2;2.114444712497388;0.8302686433756676;0.9927536249160767;0.9944539070129395;0.12541207671165466;0.10444808006286621;-0.05430048331618309;1.090894341468811;0.06635624170303345;0.6583190560340881
69;3;3;0.8593059316935747;0.8458022589380256;0.9927536249160767;0.9944539070129395;0.12541207671165466;0.10444808006286621;0.35141485929489136;1.7990660667419434;-0.6279069781303406;1.3185864686965942
70;3;1;2.8829794573396494;0.74853759054918;0.9927536249160767;0.9947007894515991;0.12489566206932068;0.1028420701622963;-0.28582069277763367;1.3480479717254639;0.21971726417541504;0.7518898248672485
70;3;2;2.132344743347101;0.8279373471083593;0.9927536249160767;0.9947007894515991;0.12489566206932068;0.1028420701622963;-0.05402190238237381;1.10066556930542;0.07019376009702682;0.6731897592544556
70;3;3;0.8572828700123019;0.8472955064733974;0.9927536249160767;0.9947007894515991;0.12489566206932068;0.1028420701622963;0.3531983494758606;1.8165546655654907;-0.6382022500038147;1.3331462144851685
71;3;1;2.8860540165941817;0.7509254539524868;0.9927536249160767;0.9947353601455688;0.12443862855434418;0.10153544694185257;-0.2876015603542328;1.35756516456604;0.21938586235046387;0.7570610046386719
71;3;2;2.153901560824634;0.8279791447648415;0.9927536249160767;0.9947353601455688;0.12443862855434418;0.10153544694185257;-0.05385066196322441;1.1096761226654053;0.07399532198905945;0.6876716613769531
71;3;3;0.8514995578334918;0.8423918093948877;0.9927536249160767;0.9947353601455688;0.12443862855434418;0.10153544694185257;0.35468167066574097;1.8328527212142944;-0.6479807496070862;1.3469750881195068
72;3;1;2.8772736473969758;0.7477050561619318;0.9935587644577026;0.9947798252105713;0.12369619309902191;0.10045936703681946;-0.2892538011074066;1.3664990663528442;0.21931543946266174;0.7612097859382629
72;3;2;2.157905865893862;0.8262153532439376;0.9935587644577026;0.9947798252105713;0.12369619309902191;0.10045936703681946;-0.0538148358464241;1.117984414100647;0.07777437567710876;0.70167076587677
72;3;3;0.850442354876388;0.8446448602248704;0.9935587644577026;0.9947798252105713;0.12369619309902191;0.10045936703681946;0.3558749854564667;1.8480422496795654;-0.6572366952896118;1.36006498336792
73;3;1;2.8681209708836395;0.7441744548222671;0.9935587644577026;0.9948341846466064;0.12272167950868607;0.09954974800348282;-0.29084327816963196;1.3746931552886963;0.2195507138967514;0.7653868794441223
73;3;2;2.1614162767915257;0.8315747341180502;0.9935587644577026;0.9948341846466064;0.12272167950868607;0.09954974800348282;-0.05382601171731949;1.125697135925293;0.08168450742959976;0.7147858142852783
73;3;3;0.8477815248689886;0.8270601299717075;0.9935587644577026;0.9948341846466064;0.12272167950868607;0.09954974800348282;0.35690903663635254;1.862207055091858;-0.6658819913864136;1.3722913265228271
74;3;1;2.8788548326866437;0.7435685658773972;0.9935587644577026;0.9948192834854126;0.1218581572175026;0.09880786389112473;-0.2923612594604492;1.3820115327835083;0.21997106075286865;0.7706345915794373
74;3;2;2.174325466678445;0.8321982342989136;0.9935587644577026;0.9948192834854126;0.1218581572175026;0.09880786389112473;-0.05381014570593834;1.1329091787338257;0.08584876358509064;0.7266824841499329
74;3;3;0.8413275719958504;0.8298802020239375;0.9935587644577026;0.9948192834854126;0.1218581572175026;0.09880786389112473;0.35790616273880005;1.8754197359085083;-0.6738495230674744;1.3835591077804565
75;3;1;2.8813138583664495;0.7478329372081465;0.9935587644577026;0.9948588609695435;0.12145480513572693;0.09807226061820984;-0.29385581612586975;1.3884974718093872;0.220505952835083;0.7768922448158264
75;3;2;2.1894814172417965;0.8358097047416928;0.9935587644577026;0.9948588609695435;0.12145480513572693;0.09807226061820984;-0.05378468334674835;1.1396489143371582;0.09021469950675964;0.7374305725097656
75;3;3;0.8446124511476585;0.8298802020239375;0.9935587644577026;0.9948588609695435;0.12145480513572693;0.09807226061820984;0.358856737613678;1.8877367973327637;-0.6811850070953369;1.3939329385757446
76;3;1;2.893963970120395;0.7413835489559348;0.9935587644577026;0.9948539137840271;0.12154833227396011;0.09731941670179367;-0.29531073570251465;1.394375205039978;0.22137024998664856;0.7830941677093506
76;3;2;2.1951636545025703;0.83950502262832;0.9935587644577026;0.9948539137840271;0.12154833227396011;0.09731941670179367;-0.05383501946926117;1.145894169807434;0.09461085498332977;0.747413158416748
76;3;3;0.847923178740202;0.8342512618025602;0.9935587644577026;0.9948539137840271;0.12154833227396011;0.09731941670179367;0.3596496284008026;1.8992034196853638;-0.6880183815956116;1.4035968780517578
77;3;1;2.885718677297872;0.7385354365955399;0.9935587644577026;0.9948785901069641;0.121840700507164;0.0966511070728302;-0.2967150807380676;1.399817943572998;0.2225600779056549;0.7885069251060486
77;3;2;2.1966018326991614;0.8294843870899751;0.9935587644577026;0.9948785901069641;0.121840700507164;0.0966511070728302;-0.054003335535526276;1.1516340970993042;0.09889864921569824;0.7569443583488464
77;3;3;0.8454842801512177;0.834791488303559;0.9935587644577026;0.9948785901069641;0.121840700507164;0.0966511070728302;0.36021673679351807;1.909860610961914;-0.6944546103477478;1.4126991033554077
78;3;1;2.889354941722204;0.7452989917827919;0.9935587644577026;0.9949230551719666;0.12203479558229446;0.0960259959101677;-0.29802829027175903;1.4048326015472412;0.2237529307603836;0.793429434299469
78;3;2;2.198538902251957;0.8317294099205657;0.9935587644577026;0.9949230551719666;0.12203479558229446;0.0960259959101677;-0.054234620183706284;1.156906008720398;0.10307614505290985;0.7660296559333801
78;3;3;0.8417941573310914;0.8363023579745359;0.9935587644577026;0.9949230551719666;0.12203479558229446;0.0960259959101677;0.3606145977973938;1.9197508096694946;-0.7005132436752319;1.4212672710418701
79;3;1;2.884635469935919;0.7467786915645664;0.9931561946868896;0.9948835372924805;0.1222274973988533;0.09550408273935318;-0.2991271913051605;1.4093531370162964;0.22430483996868134;0.7987422943115234
79;3;2;2.206590737954886;0.8284035526917934;0.9931561946868896;0.9948835372924805;0.1222274973988533;0.09550408273935318;-0.05442655086517334;1.1617707014083862;0.1072128638625145;0.7745144367218018
79;3;3;0.8451265036665374;0.8425371925541159;0.9931561946868896;0.9948835372924805;0.1222274973988533;0.09550408273935318;0.3609561622142792;1.928915023803711;-0.7061725854873657;1.4292707443237305
80;3;1;2.8963123886105;0.7461270291596991;0.9931561946868896;0.994918167591095;0.12259189039468765;0.09506161510944366;-0.30001601576805115;1.4134061336517334;0.22404442727565765;0.8044993281364441
80;3;2;2.215205228068031;0.8277906002155606;0.9931561946868896;0.994918167591095;0.12259189039468765;0.09506161510944366;-0.054564278572797775;1.1662520170211792;0.11127950251102448;0.7824631333351135
80;3;3;0.8469149930825779;0.8425371925541154;0.9931561946868896;0.994918167591095;0.12259189039468765;0.09506161510944366;0.361268013715744;1.9373915195465088;-0.7114632725715637;1.4367529153823853
81;3;1;2.8961761713555436;0.7494177998237914;0.9931561946868896;0.9949575662612915;0.1230393797159195;0.09465835988521576;-0.30069270730018616;1.4171557426452637;0.22319269180297852;0.809910774230957
81;3;2;2.2258815275217154;0.8351072502910135;0.9931561946868896;0.9949575662612915;0.1230393797159195;0.09465835988521576;-0.054699428379535675;1.170337200164795;0.11517569422721863;0.7901473045349121
81;3;3;0.847540124551446;0.843665648231644;0.9931561946868896;0.9949575662612915;0.1230393797159195;0.09465835988521576;0.3614763617515564;1.9452165365219116;-0.7164732217788696;1.443838119506836
82;3;1;2.8943170520250927;0.7510656586998623;0.9927536249160767;0.9949822425842285;0.12327276915311813;0.09431730955839157;-0.30122098326683044;1.4207260608673096;0.22197070717811584;0.8143201470375061
82;3;2;2.2374809877150748;0.8381396024219088;0.9927536249160767;0.9949822425842285;0.12327276915311813;0.09431730955839157;-0.05488291755318642;1.1740201711654663;0.11882779002189636;0.7977883815765381
82;3;3;0.8410249805430974;0.8377663880847335;0.9927536249160767;0.9949822425842285;0.12327276915311813;0.09431730955839157;0.36150962114334106;1.9524294137954712;-0.7212770581245422;1.4506316184997559
83;3;1;2.8919284842430875;0.7492451371444071;0.9927536249160767;0.9949971437454224;0.1229977086186409;0.09400549530982971;-0.301655113697052;1.4241135120391846;0.22043268382549286;0.8178340196609497
83;3;2;2.242532173309095;0.8398503251968368;0.9927536249160767;0.9949971437454224;0.1229977086186409;0.09400549530982971;-0.05510646477341652;1.1773347854614258;0.12225469946861267;0.8053559064865112
83;3;3;0.8412988537797208;0.8366758595598305;0.9927536249160767;0.9949971437454224;0.1229977086186409;0.09400549530982971;0.36138758063316345;1.9590742588043213;-0.7258793711662292;1.457140326499939
84;3;1;2.889890362750476;0.7480436865123217;0.9923510551452637;0.995016872882843;0.1222633644938469;0.09372751414775848;-0.30202069878578186;1.4272105693817139;0.21853266656398773;0.8211743831634521
84;3;2;2.2455911090097382;0.8397211097828468;0.9923510551452637;0.995016872882843;0.1222633644938469;0.09372751414775848;-0.055311840027570724;1.1803470849990845;0.1255640983581543;0.8126066327095032
84;3;3;0.8481133495232598;0.839698571375366;0.9923510551452637;0.995016872882843;0.1222633644938469;0.09372751414775848;0.36120128631591797;1.9651986360549927;-0.7302314043045044;1.4632951021194458
85;3;1;2.8871106890027356;0.7545963864970222;0.9923511147499084;0.9950119256973267;0.12134185433387756;0.09350407868623734;-0.30234161019325256;1.4299421310424805;0.21630410850048065;0.8248544335365295
85;3;2;2.2471903510790723;0.8439674535455204;0.9923511147499084;0.9950119256973267;0.12134185433387756;0.09350407868623734;-0.055463939905166626;1.1831117868423462;0.12883758544921875;0.8193572759628296
85;3;3;0.8481795973625026;0.8285549292203522;0.9923511147499084;0.9950119256973267;0.12134185433387756;0.09350407868623734;0.3610142469406128;1.970847487449646;-0.7342995405197144;1.4690483808517456
86;3;1;2.881765490103911;0.7509264326468976;0.9923510551452637;0.9949872493743896;0.12051066756248474;0.09330588579177856;-0.3026525378227234;1.4323457479476929;0.21396349370479584;0.8287073373794556
86;3;2;2.2558456934756235;0.8441783004738079;0.9923510551452637;0.9949872493743896;0.12051066756248474;0.09330588579177856;-0.055590368807315826;1.1856456995010376;0.13206908106803894;0.8256475329399109
86;3;3;0.8464492592915853;0.8299527119972496;0.9923510551452637;0.9949872493743896;0.12051066756248474;0.09330588579177856;0.36080440878868103;1.9760602712631226;-0.7381058931350708;1.4744312763214111
87;3;1;2.8744309764250797;0.7512704545569102;0.9923510551452637;0.9949823021888733;0.11988309770822525;0.09313299506902695;-0.3029859960079193;1.434517502784729;0.21177347004413605;0.8322314023971558
87;3;2;2.2606127220947743;0.8428222937105767;0.9923510551452637;0.9949823021888733;0.11988309770822525;0.09313299506902695;-0.05574657395482063;1.187944769859314;0.1352054476737976;0.831639289855957
87;3;3;0.8457253947826224;0.8291293807071256;0.9923510551452637;0.9949823021888733;0.11988309770822525;0.09313299506902695;0.360507607460022;1.9808719158172607;-0.7417019605636597;1.4795169830322266
88;3;1;2.878388035865422;0.754535124108318;0.9923510551452637;0.9949773550033569;0.11931974440813065;0.09298692643642426;-0.30343180894851685;1.4364975690841675;0.21005277335643768;0.8351337313652039
88;3;2;2.2618292769863757;0.8476482156894152;0.9923510551452637;0.9949773550033569;0.11931974440813065;0.09298692643642426;-0.055964644998311996;1.190017580986023;0.13821294903755188;0.8374174237251282
88;3;3;0.8479663478617647;0.834560274104613;0.9923510551452637;0.9949773550033569;0.11931974440813065;0.09298692643642426;0.36010509729385376;1.985314130783081;-0.7451144456863403;1.4843429327011108
89;3;1;2.873669962784481;0.754721200261117;0.9923510551452637;0.9949823021888733;0.11878164112567902;0.09283263236284256;-0.30399128794670105;1.4382333755493164;0.20866957306861877;0.8378558158874512
89;3;2;2.2558755875718015;0.8485359886500374;0.9923510551452637;0.9949823021888733;0.11878164112567902;0.09283263236284256;-0.05619315430521965;1.1919060945510864;0.14115208387374878;0.8428487777709961
89;3;3;0.843451729728919;0.8372938523126254;0.9923510551452637;0.9949823021888733;0.11878164112567902;0.09283263236284256;0.3596668839454651;1.9894160032272339;-0.7483199834823608;1.488876223564148
90;3;1;2.8775994154756264;0.7595131926758842;0.9923511147499084;0.995016872882843;0.11853920668363571;0.09269479662179947;-0.3046245276927948;1.4396641254425049;0.20736713707447052;0.8409320712089539
90;3;2;2.259507162033522;0.8500083376573748;0.9923511147499084;0.995016872882843;0.11853920668363571;0.09269479662179947;-0.05637223646044731;1.193649411201477;0.144080251455307;0.8478077054023743
90;3;3;0.8411716513738172;0.8364011689153581;0.9923511147499084;0.995016872882843;0.11853920668363571;0.09269479662179947;0.35926946997642517;1.993200659751892;-0.751296877861023;1.4930860996246338
91;3;1;2.8770125553723105;0.7637907678375537;0.9923511147499084;0.9950366616249084;0.11877183616161346;0.09255935996770859;-0.3053189814090729;1.440837025642395;0.2060224562883377;0.8442366719245911
91;3;2;2.2597316380199253;0.8484893667880478;0.9923511147499084;0.9950366616249084;0.11877183616161346;0.09255935996770859;-0.056496862322092056;1.195249319076538;0.1469658762216568;0.8523907661437988
91;3;3;0.8415586212662438;0.8413811322230313;0.9923511147499084;0.9950366616249084;0.11877183616161346;0.09255935996770859;0.35890981554985046;1.9966861009597778;-0.7540766000747681;1.49701726436615
92;3;1;2.886508423223546;0.7695868204582537;0.9923510551452637;0.9950464963912964;0.11934997886419296;0.0924290120601654;-0.3060868978500366;1.4418777227401733;0.20465102791786194;0.8471539616584778
92;3;2;2.261536232629485;0.8494299131403116;0.9923510551452637;0.9950464963912964;0.11934997886419296;0.0924290120601654;-0.05660735443234444;1.1966801881790161;0.1497184932231903;0.8568585515022278
92;3;3;0.8415586212662438;0.8413811322230313;0.9923510551452637;0.9950464963912964;0.11934997886419296;0.0924290120601654;0.35851943492889404;1.9998859167099;-0.7567304372787476;1.5007703304290771
93;3;1;2.8802421480880227;0.7628612438180005;0.9923510551452637;0.9950514435768127;0.11993449926376343;0.09231536090373993;-0.3069378137588501;1.4428751468658447;0.20317602157592773;0.8492851257324219
93;3;2;2.255235597784604;0.8503832379174794;0.9923510551452637;0.9950514435768127;0.11993449926376343;0.09231536090373993;-0.056731536984443665;1.1979259252548218;0.15227782726287842;0.8614027500152588
93;3;3;0.8415586212662438;0.8413811322230313;0.9923510551452637;0.9950514435768127;0.11993449926376343;0.09231536090373993;0.35804980993270874;2.0028152465820312;-0.7593128681182861;1.5044225454330444
94;3;1;2.881480055853536;0.7630588007478059;0.9923511147499084;0.9950712323188782;0.1201803907752037;0.09216935187578201;-0.3078445494174957;1.4438327550888062;0.20143142342567444;0.8507646918296814
94;3;2;2.254559100066757;0.8560898169029896;0.9923511147499084;0.9950712323188782;0.1201803907752037;0.09216935187578201;-0.056852079927921295;1.1990021467208862;0.15465319156646729;0.866016685962677
94;3;3;0.8415586212662438;0.8413811322230313;0.9923511147499084;0.9950712323188782;0.1201803907752037;0.09216935187578201;0.3575229048728943;2.005491256713867;-0.7618281245231628;1.5079795122146606
95;3;1;2.8822204413557904;0.7650798381672796;0.9923510551452637;0.9951106905937195;0.1200813576579094;0.09202469885349274;-0.3088051676750183;1.4446886777877808;0.19935783743858337;0.8520079851150513
95;3;2;2.2505249269542507;0.8557444966303978;0.9923510551452637;0.9951106905937195;0.1200813576579094;0.09202469885349274;-0.05693172663450241;1.199942946434021;0.15690398216247559;0.8705695867538452
95;3;3;0.8412447805442165;0.8413469575799422;0.9923510551452637;0.9951106905937195;0.1200813576579094;0.09202469885349274;0.3569954037666321;2.0079360008239746;-0.7642510533332825;1.5114060640335083
96;3;1;2.8827857008519295;0.7649821436801885;0.9923510551452637;0.9951304197311401;0.11977006494998932;0.09188137948513031;-0.3097768723964691;1.445406198501587;0.19688479602336884;0.8533369302749634
96;3;2;2.2440049022632493;0.8505119461643611;0.9923510551452637;0.9951304197311401;0.11977006494998932;0.09188137948513031;-0.05695749446749687;1.2007746696472168;0.1590721309185028;0.8749737739562988
96;3;3;0.8372645559712479;0.8421622321783744;0.9923510551452637;0.9951304197311401;0.11977006494998932;0.09188137948513031;0.3564961850643158;2.0101706981658936;-0.7665665745735168;1.5146807432174683
97;3;1;2.878561570910919;0.7649574816860083;0.9923511147499084;0.9951354265213013;0.1193375438451767;0.09173089265823364;-0.31078067421913147;1.4460190534591675;0.1942117065191269;0.8545731902122498
97;3;2;2.2452104840931;0.850412266515252;0.9923511147499084;0.9951354265213013;0.1193375438451767;0.09173089265823364;-0.05695894733071327;1.2015019655227661;0.1611504852771759;0.8792670369148254
97;3;3;0.8392818325530724;0.842256104528669;0.9923511147499084;0.9951354265213013;0.1193375438451767;0.09173089265823364;0.3559970259666443;2.0122170448303223;-0.7687888741493225;1.5178234577178955
98;3;1;2.877942858339586;0.7646778156070706;0.9923511147499084;0.9951304197311401;0.118794746696949;0.09159019589424133;-0.3118356764316559;1.446573257446289;0.19159619510173798;0.8554590940475464
98;3;2;2.247528031180817;0.8504618480561419;0.9923511147499084;0.9951304197311401;0.118794746696949;0.09159019589424133;-0.05697603523731232;1.202125072479248;0.1631254106760025;0.8835091590881348
98;3;3;0.8367353111871267;0.8375893174940259;0.9923511147499084;0.9951304197311401;0.118794746696949;0.09159019589424133;0.3554561734199524;2.0140974521636963;-0.7709372639656067;1.5208617448806763
99;3;1;2.8721240696522887;0.7620368998614229;0.9931561946868896;0.9950860142707825;0.11812200397253036;0.09146400541067123;-0.3129429221153259;1.4470641613006592;0.18919244408607483;0.8560514450073242
99;3;2;2.2474915751179916;0.8480928169802624;0.9931561946868896;0.9950860142707825;0.11812200397253036;0.09146400541067123;-0.05701984092593193;1.202660322189331;0.16502004861831665;0.8876574039459229
99;3;3;0.8397496157753457;0.8355432650784755;0.9931561946868896;0.9950860142707825;0.11812200397253036;0.09146400541067123;0.35487306118011475;2.015831470489502;-0.7730061411857605;1.5237876176834106
100;3;1;2.8644394588058315;0.7622056622234297;0.9931561946868896;0.9951008558273315;0.11741214245557785;0.09134797751903534;-0.31408509612083435;1.4474340677261353;0.18702009320259094;0.8567286729812622
100;3;2;2.2499169424590892;0.8480421914266305;0.9931561946868896;0.9951008558273315;0.11741214245557785;0.09134797751903534;-0.05706946179270744;1.203139305114746;0.1668921709060669;0.8915706872940063
100;3;3;0.8397496157753457;0.8355432650784755;0.9931561946868896;0.9951008558273315;0.11741214245557785;0.09134797751903534;0.3542913794517517;2.0174388885498047;-0.7749660015106201;1.5265593528747559
101;3;1;2.864241108227203;0.7658901136876421;0.9931562542915344;0.9951057434082031;0.11687343567609787;0.09124275296926498;-0.3152422308921814;1.4476374387741089;0.18505361676216125;0.8578133583068848
101;3;2;2.2499169424590892;0.8480421914266305;0.9931562542915344;0.9951057434082031;0.11687343567609787;0.09124275296926498;-0.05710354447364807;1.2035881280899048;0.16878721117973328;0.8951391577720642
101;3;3;0.8374123979931021;0.8422171836033723;0.9931562542915344;0.9951057434082031;0.11687343567609787;0.09124275296926498;0.3537505865097046;2.018935441970825;-0.7767947316169739;1.5291454792022705
102;3;1;2.8600002785144962;0.7660913228407864;0.9931561946868896;0.9951304793357849;0.11665504425764084;0.09115172177553177;-0.31640690565109253;1.4476909637451172;0.18334604799747467;0.8592526912689209
102;3;2;2.24265624262695;0.8473132939409744;0.9931561946868896;0.9951304793357849;0.11665504425764084;0.09115172177553177;-0.05712519958615303;1.2040104866027832;0.1707019805908203;0.8983867168426514
102;3;3;0.8374123979931021;0.8422171836033723;0.9931561946868896;0.9951304793357849;0.11665504425764084;0.09115172177553177;0.35324737429618835;2.0203309059143066;-0.7785018086433411;1.531559705734253
103;3;1;2.8605382247795488;0.7661524250929421;0.9931561946868896;0.9951354265213013;0.11673425137996674;0.09104534983634949;-0.3175038695335388;1.4476861953735352;0.18199552595615387;0.8606828451156616
103;3;2;2.2469585056625165;0.8480696736759183;0.9931561946868896;0.9951354265213013;0.11673425137996674;0.09104534983634949;-0.05715462565422058;1.2043930292129517;0.17259740829467773;0.9014375805854797
103;3;3;0.8394437995432176;0.8344848789590675;0.9931561946868896;0.9951354265213013;0.11673425137996674;0.09104534983634949;0.35274720191955566;2.021631956100464;-0.7801200747489929;1.5338482856750488
104;3;1;2.8538302193092395;0.7667795938166719;0.9931561946868896;0.9951354265213013;0.11696942895650864;0.09093683958053589;-0.3186092972755432;1.447634220123291;0.18080884218215942;0.861993670463562
104;3;2;2.2469723586654657;0.8542644386446421;0.9931561946868896;0.9951354265213013;0.11696942895650864;0.09093683958053589;-0.0572010800242424;1.2047247886657715;0.17443858087062836;0.9043998718261719
104;3;3;0.8364439813976228;0.8355432650784755;0.9931561946868896;0.9951354265213013;0.11696942895650864;0.09093683958053589;0.3522281050682068;2.0228419303894043;-0.7816780209541321;1.5360515117645264
105;3;1;2.8636573857866354;0.7699523523131475;0.9931561946868896;0.9951946139335632;0.11721424013376236;0.09083518385887146;-0.31971654295921326;1.4475452899932861;0.17967888712882996;0.863177478313446
105;3;2;2.2504865246929997;0.8535308027515507;0.9931561946868896;0.9951946139335632;0.11721424013376236;0.09083518385887146;-0.05725470557808876;1.2050058841705322;0.17621833086013794;0.9073092937469482
105;3;3;0.8364439813976228;0.8355432650784755;0.9931561946868896;0.9951946139335632;0.11721424013376236;0.09083518385887146;0.351695716381073;2.023965358734131;-0.7831870317459106;1.538185715675354
106;3;1;2.8655432973802233;0.779675546895648;0.9927536249160767;0.9952144622802734;0.11740211397409439;0.09073986858129501;-0.3208179175853729;1.4474072456359863;0.17849329113960266;0.8643518686294556
106;3;2;2.2469559478299086;0.8505266438587382;0.9927536249160767;0.9952144622802734;0.11740211397409439;0.09073986858129501;-0.057295944541692734;1.2052443027496338;0.17794756591320038;0.9101497530937195
106;3;3;0.8364439813976228;0.8355432650784755;0.9927536249160767;0.9952144622802734;0.11740211397409439;0.09073986858129501;0.351172536611557;2.02500581741333;-0.7846461534500122;1.5402491092681885
107;3;1;2.8654084106286044;0.7795996812394472;0.9927536249160767;0.9952440857887268;0.11752365529537201;0.0906534194946289;-0.32191118597984314;1.4472178220748901;0.17721065878868103;0.8655580282211304
107;3;2;2.249353198522787;0.8514514999651173;0.9927536249160767;0.9952440857887268;0.11752365529537201;0.0906534194946289;-0.057315222918987274;1.205445647239685;0.17963159084320068;0.9129191637039185
107;3;3;0.8367682395135443;0.8358139650030818;0.9927536249160767;0.9952440857887268;0.11752365529537201;0.0906534194946289;0.35066932439804077;2.025968313217163;-0.7860574126243591;1.5422449111938477
108;3;1;2.860668693431024;0.779194650154337;0.9927536249160767;0.9952737092971802;0.11755514144897461;0.090568907558918;-0.3230005204677582;1.4470000267028809;0.1758681982755661;0.8666865229606628
108;3;2;2.2505900352877966;0.8509542098784122;0.9927536249160767;0.9952737092971802;0.11755514144897461;0.090568907558918;-0.05732094123959541;1.205607533454895;0.18125969171524048;0.9156564474105835
108;3;3;0.834123323262312;0.8362628081798338;0.9927536249160767;0.9952737092971802;0.11755514144897461;0.090568907558918;0.3501743674278259;2.0268590450286865;-0.7874318957328796;1.5441887378692627
109;3;1;2.8628909156532476;0.7781727784448433;0.9927536249160767;0.9952884912490845;0.11744538694620132;0.09048131853342056;-0.3241438567638397;1.4467657804489136;0.1746741235256195;0.8675807118415833
109;3;2;2.2582436715862464;0.8497102847843889;0.9927536249160767;0.9952884912490845;0.11744538694620132;0.09048131853342056;-0.0573275089263916;1.2057287693023682;0.18282335996627808;0.9183965921401978
109;3;3;0.834123323262312;0.8362628081798338;0.9927536249160767;0.9952884912490845;0.11744538694620132;0.09048131853342056;0.3496701419353485;2.0276854038238525;-0.7887798547744751;1.5460950136184692
110;3;1;2.8654851462747795;0.7789490359710891;0.9927536249160767;0.9952836036682129;0.11723069846630096;0.09038180857896805;-0.3253308832645416;1.4465019702911377;0.1736377328634262;0.8683531880378723
110;3;2;2.263602458387979;0.8507153240444207;0.9927536249160767;0.9952836036682129;0.11723069846630096;0.09038180857896805;-0.057332076132297516;1.2058203220367432;0.18434184789657593;0.9210945963859558
110;3;3;0.8344475813782344;0.83653350810444;0.9927536249160767;0.9952836036682129;0.11723069846630096;0.09038180857896805;0.34916767477989197;2.028456211090088;-0.7900925278663635;1.5479514598846436
111;3;1;2.8600778390935124;0.7757996283531581;0.9927536249160767;0.9952983856201172;0.11697505414485931;0.09028135240077972;-0.3265492022037506;1.4461784362792969;0.1727614849805832;0.8692079186439514
111;3;2;2.258581116724624;0.8519147157856679;0.9927536249160767;0.9952983856201172;0.11697505414485931;0.09028135240077972;-0.05732390284538269;1.2058995962142944;0.1858467310667038;0.9236692190170288
111;3;3;0.8367682395135443;0.8358139650030818;0.9927536249160767;0.9952983856201172;0.11697505414485931;0.09028135240077972;0.34869128465652466;2.0291807651519775;-0.7913526296615601;1.5497335195541382
112;3;1;2.863198863191804;0.7760496079834196;0.9927536249160767;0.9952934384346008;0.11678792536258698;0.09018907696008682;-0.3277190923690796;1.445816993713379;0.17219248414039612;0.8701549768447876
112;3;2;2.2628261468071686;0.8479526603971816;0.9927536249160767;0.9952934384346008;0.11678792536258698;0.09018907696008682;-0.0573003925383091;1.205977439880371;0.18735626339912415;0.9260756969451904
112;3;3;0.8367682395135443;0.8358139650030818;0.9927536249160767;0.9952934384346008;0.11678792536258698;0.09018907696008682;0.34825167059898376;2.029867172241211;-0.7925512790679932;1.5514286756515503
113;3;1;2.86293044661382;0.7760496079834205;0.9927536249160767;0.9952934980392456;0.11672868579626083;0.09009363502264023;-0.32884320616722107;1.4454256296157837;0.1719396412372589;0.8711690306663513
113;3;2;2.2587089729880168;0.84678534547671;0.9927536249160767;0.9952934980392456;0.11672868579626083;0.09009363502264023;-0.05726901814341545;1.2060551643371582;0.18886911869049072;0.9283255934715271
113;3;3;0.8367682395135443;0.8358139650030818;0.9927536249160767;0.9952934980392456;0.11672868579626083;0.09009363502264023;0.34784138202667236;2.0305211544036865;-0.7936926484107971;1.5530427694320679
114;3;1;2.86302276932963;0.7733751060887233;0.9927536249160767;0.9952934384346008;0.11679324507713318;0.08999424427747726;-0.32992681860923767;1.4450263977050781;0.17200946807861328;0.8721455335617065
114;3;2;2.259347205749579;0.8479419073780115;0.9927536249160767;0.9952934384346008;0.11679324507713318;0.08999424427747726;-0.05724119395017624;1.2061283588409424;0.19037234783172607;0.9304633140563965
114;3;3;0.8367682395135443;0.8358139650030818;0.9927536249160767;0.9952934384346008;0.11679324507713318;0.08999424427747726;0.3474436402320862;2.0311477184295654;-0.7947884798049927;1.5545926094055176
115;3;1;2.8716676538042023;0.7754367345086326;0.9927536249160767;0.9952786564826965;0.11692817509174347;0.08989841490983963;-0.3310419023036957;1.4445966482162476;0.1722247451543808;0.8731350302696228
115;3;2;2.2634844295528795;0.8546227333452467;0.9927536249160767;0.9952786564826965;0.11692817509174347;0.08989841490983963;-0.057220593094825745;1.2061949968338013;0.1918579339981079;0.9325193166732788
115;3;3;0.8344475813782344;0.83653350810444;0.9927536249160767;0.9952786564826965;0.11692817509174347;0.08989841490983963;0.3470509946346283;2.0317494869232178;-0.7958471775054932;1.5560898780822754
116;3;1;2.869029311192409;0.776248485204504;0.9927536249160767;0.9952884912490845;0.11710049957036972;0.08980484306812286;-0.3321802318096161;1.4441444873809814;0.1725410670042038;0.8741253614425659
116;3;2;2.265836532440887;0.8545659827689809;0.9927536249160767;0.9952884912490845;0.11710049957036972;0.08980484306812286;-0.0572054497897625;1.2062550783157349;0.1933223009109497;0.9345085620880127
116;3;3;0.8344475813782344;0.83653350810444;0.9927536249160767;0.9952884912490845;0.11710049957036972;0.08980484306812286;0.3466639518737793;2.0323293209075928;-0.7968733310699463;1.557541012763977
117;3;1;2.8709907264191736;0.7790488300689837;0.9927536249160767;0.9952836036682129;0.11728993058204651;0.0897141695022583;-0.3333321511745453;1.4436734914779663;0.17289243638515472;0.8751387596130371
117;3;2;2.273549640013499;0.8545659827689809;0.9927536249160767;0.9952836036682129;0.11728993058204651;0.0897141695022583;-0.057190194725990295;1.2063111066818237;0.19476422667503357;0.936435341835022
117;3;3;0.8345101079004724;0.8362072788612362;0.9927536249160767;0.9952836036682129;0.11728993058204651;0.0897141695022583;0.3462883234024048;2.0328893661499023;-0.7978684902191162;1.5589483976364136
118;3;1;2.8752612571781135;0.7768987540315067;0.9927536249160767;0.9952934384346008;0.11749129742383957;0.08961392939090729;-0.33457040786743164;1.443131685256958;0.17292608320713043;0.8763898611068726
118;3;2;2.2775257795016017;0.8539988735608759;0.9927536249160767;0.9952934384346008;0.11749129742383957;0.08961392939090729;-0.057171404361724854;1.2063639163970947;0.19618207216262817;0.9383079409599304
118;3;3;0.8345101079004724;0.8362072788612362;0.9927536249160767;0.9952934384346008;0.11749129742383957;0.08961392939090729;0.34592708945274353;2.0334320068359375;-0.7988354563713074;1.560315728187561
119;3;1;2.8747506870049513;0.7749717266757381;0.9927536249160767;0.9952836036682129;0.1177615076303482;0.0894777774810791;-0.33589330315589905;1.44256591796875;0.17273809015750885;0.8776393532752991
119;3;2;2.2707312552315884;0.8539489152287114;0.9927536249160767;0.9952836036682129;0.1177615076303482;0.0894777774810791;-0.057168956845998764;1.2064032554626465;0.1975519359111786;0.9402028322219849
119;3;3;0.8345101079004724;0.8362072788612362;0.9927536249160767;0.9952836036682129;0.1177615076303482;0.0894777774810791;0.3455497920513153;2.0339605808258057;-0.799793004989624;1.5616700649261475
120;3;1;2.8751380052794113;0.7729063541661594;0.9927536249160767;0.9952687621116638;0.11747124046087265;0.08933127671480179;-0.33730193972587585;1.4420117139816284;0.17243610322475433;0.8787093758583069
120;3;2;2.2756342995449685;0.8539765544342002;0.9927536249160767;0.9952687621116638;0.11747124046087265;0.08933127671480179;-0.0571998655796051;1.2064235210418701;0.19885998964309692;0.942167341709137
120;3;3;0.8366683166572599;0.8370480138798109;0.9927536249160767;0.9952687621116638;0.11747124046087265;0.08933127671480179;0.34513258934020996;2.034480094909668;-0.8007532358169556;1.5630279779434204
121;3;1;2.873759434191535;0.7730898035308398;0.9927536249160767;0.9952736496925354;0.11685723811388016;0.08918743580579758;-0.3386903703212738;1.4415165185928345;0.17235960066318512;0.8794922828674316
121;3;2;2.277195517908652;0.8536597066554812;0.9927536249160767;0.9952736496925354;0.11685723811388016;0.08918743580579758;-0.0572589635848999;1.2064357995986938;0.20012634992599487;0.9441497325897217
121;3;3;0.8358826699929569;0.8373707245852327;0.9927536249160767;0.9952736496925354;0.11685723811388016;0.08918743580579758;0.3446887135505676;2.03499698638916;-0.8017051219940186;1.5643742084503174
122;3;1;2.8674112168834958;0.7731798676008284;0.9927536249160767;0.9952983856201172;0.11622130870819092;0.08909721672534943;-0.34010642766952515;1.4409451484680176;0.1720411479473114;0.8806847333908081
122;3;2;2.273712293419294;0.854251058106934;0.9927536249160767;0.9952983856201172;0.11622130870819092;0.08909721672534943;-0.057307470589876175;1.206468939781189;0.20140978693962097;0.9459848403930664
122;3;3;0.8358826699929569;0.8373707245852327;0.9927536249160767;0.9952983856201172;0.11622130870819092;0.08909721672534943;0.3442816138267517;2.0355162620544434;-0.8026111721992493;1.5656554698944092
123;3;1;2.8709287120847797;0.7731798676008319;0.9927536249160767;0.9952983856201172;0.11572463065385818;0.08896467089653015;-0.3415496051311493;1.4402961730957031;0.17151258885860443;0.8823016285896301
123;3;2;2.276135961411966;0.8533700266524136;0.9927536249160767;0.9952983856201172;0.11572463065385818;0.08896467089653015;-0.057350724935531616;1.2065266370773315;0.20270347595214844;0.9476690292358398
123;3;3;0.8343351328015824;0.8379910550213392;0.9927536249160767;0.9952983856201172;0.11572463065385818;0.08896467089653015;0.3439164161682129;2.036041736602783;-0.8034680485725403;1.5668672323226929
124;3;1;2.876225821512203;0.7779077054438437;0.9927536249160767;0.9953181147575378;0.11538594961166382;0.08883245289325714;-0.3430391550064087;1.4396398067474365;0.17092469334602356;0.8839443922042847
124;3;2;2.277866761157746;0.8521051871967895;0.9927536249160767;0.9953181147575378;0.11538594961166382;0.08883245289325714;-0.05741969123482704;1.2065898180007935;0.20396578311920166;0.9493276476860046
124;3;3;0.8340102848701241;0.8388409686261706;0.9927536249160767;0.9953181147575378;0.11538594961166382;0.08883245289325714;0.3435426950454712;2.0365750789642334;-0.8043054938316345;1.5680515766143799
125;3;1;2.8683925234308774;0.7853133488966346;0.9931561946868896;0.9953181147575378;0.1150570809841156;0.08871429413557053;-0.34459519386291504;1.4390316009521484;0.17041242122650146;0.88529372215271
125;3;2;2.2840167388298678;0.8496756169164037;0.9931561946868896;0.9953181147575378;0.1150570809841156;0.08871429413557053;-0.0575370155274868;1.2066437005996704;0.20516574382781982;0.9510580897331238
125;3;3;0.8340102848701241;0.8388409686261706;0.9931561946868896;0.9953181147575378;0.1150570809841156;0.08871429413557053;0.34312230348587036;2.0371181964874268;-0.8051469326019287;1.5692416429519653
126;3;1;2.8724629958076857;0.7889119848229429;0.9931561946868896;0.9953280687332153;0.11462531983852386;0.08859942108392715;-0.34620293974876404;1.4384527206420898;0.16993318498134613;0.8864823579788208
126;3;2;2.2934483082224117;0.8550570607877148;0.9931561946868896;0.9953280687332153;0.11462531983852386;0.08859942108392715;-0.057686980813741684;1.206697940826416;0.2063223421573639;0.9528127312660217
126;3;3;0.8314801562347203;0.8401224039966613;0.9931561946868896;0.9953280687332153;0.11462531983852386;0.08859942108392715;0.34267717599868774;2.0376734733581543;-0.8059824109077454;1.5704231262207031
127;3;1;2.8671851262155847;0.7920959542359141;0.9931561946868896;0.9953330159187317;0.11417502909898758;0.0884922444820404;-0.34783735871315;1.4378479719161987;0.1693684607744217;0.8878577947616577
127;3;2;2.287340864528616;0.8569669683891981;0.9931561946868896;0.9953330159187317;0.11417502909898758;0.0884922444820404;-0.05783429741859436;1.206774353981018;0.2074785679578781;0.9544723033905029
127;3;3;0.8302754305826046;0.8403810802466551;0.9931561946868896;0.9953330159187317;0.11417502909898758;0.0884922444820404;0.34226006269454956;2.038243293762207;-0.8067852258682251;1.5715584754943848
128;3;1;2.8624356374269357;0.7920959542359141;0.9931561946868896;0.9953428506851196;0.11385135352611542;0.08839618414640427;-0.3494779169559479;1.43720281124115;0.1686595231294632;0.8895401954650879
128;3;2;2.287112689886846;0.8564280392839381;0.9931561946868896;0.9953428506851196;0.11385135352611542;0.08839618414640427;-0.05795516073703766;1.2068815231323242;0.20866361260414124;0.955985963344574
128;3;3;0.8302754305826046;0.8403810802466551;0.9931561946868896;0.9953428506851196;0.11385135352611542;0.08839618414640427;0.3418918550014496;2.038827657699585;-0.8075478672981262;1.5726370811462402
129;3;1;2.863507113525255;0.7929769125585429;0.9931561946868896;0.995372474193573;0.11368143558502197;0.08830628544092178;-0.3511216342449188;1.4365664720535278;0.16784019768238068;0.8912754654884338
129;3;2;2.2821658562538003;0.8576814584496955;0.9931561946868896;0.995372474193573;0.11368143558502197;0.08830628544092178;-0.05806637927889824;1.207004427909851;0.2098427265882492;0.9574524164199829
129;3;3;0.8252452929022978;0.8409832263136408;0.9931561946868896;0.995372474193573;0.11368143558502197;0.08830628544092178;0.3415416181087494;2.03942608833313;-0.8082929253578186;1.57369065284729
130;3;1;2.8620183047510714;0.7910567435598637;0.9927536249160767;0.9953972101211548;0.11356204748153687;0.08821628242731094;-0.35278698801994324;1.4359829425811768;0.16692225635051727;0.8927974700927734
130;3;2;2.279407751165933;0.8581836006106673;0.9927536249160767;0.9953972101211548;0.11356204748153687;0.08821628242731094;-0.05819036066532135;1.2071242332458496;0.21097734570503235;0.9589880704879761
130;3;3;0.8245270902208688;0.8405032222187914;0.9927536249160767;0.9953972101211548;0.11356204748153687;0.08821628242731094;0.34116995334625244;2.04003643989563;-0.809047520160675;1.5747578144073486
131;3;1;2.8729187591668017;0.7912012141184732;0.9927536249160767;0.99539715051651;0.113362155854702;0.08813729137182236;-0.3544852137565613;1.4354745149612427;0.16602495312690735;0.8939683437347412
131;3;2;2.286109301657863;0.8579324485721616;0.9927536249160767;0.99539715051651;0.113362155854702;0.08813729137182236;-0.05832900479435921;1.2072370052337646;0.21205797791481018;0.9606196284294128
131;3;3;0.8245270902208688;0.8405032222187914;0.9927536249160767;0.99539715051651;0.113362155854702;0.08813729137182236;0.34077081084251404;2.040658473968506;-0.8098178505897522;1.5758472681045532
132;3;1;2.8649462953656695;0.7871150209830393;0.9927536249160767;0.9954119920730591;0.11303861439228058;0.08806927502155304;-0.35619625449180603;1.4349989891052246;0.16508357226848602;0.8950436115264893
132;3;2;2.280111492412403;0.8574061828200783;0.9927536249160767;0.9954119920730591;0.11303861439228058;0.08806927502155304;-0.05845864117145538;1.207358956336975;0.2131173312664032;0.9622541069984436
132;3;3;0.8249357554621826;0.8409585817525493;0.9927536249160767;0.9954119920730591;0.11303861439228058;0.08806927502155304;0.3403822183609009;2.041293144226074;-0.8105828166007996;1.5769290924072266
133;3;1;2.855468555476225;0.7853312399259194;0.9927536249160767;0.9954119920730591;0.11268876492977142;0.0880095437169075;-0.357902854681015;1.4345158338546753;0.1640452742576599;0.8962650895118713
133;3;2;2.275327265168082;0.8556281310240577;0.9927536249160767;0.9954119920730591;0.11268876492977142;0.0880095437169075;-0.05855917930603027;1.207505226135254;0.2141866385936737;0.963800847530365
133;3;3;0.8249357554621826;0.8409585817525493;0.9927536249160767;0.9954119920730591;0.11268876492977142;0.0880095437169075;0.34003862738609314;2.0419418811798096;-0.8113219738006592;1.5779744386672974
134;3;1;2.862601656003795;0.7905409346460237;0.9927536249160767;0.9954267740249634;0.11239148676395416;0.08795325458049774;-0.35960546135902405;1.4340267181396484;0.1629047989845276;0.8976188898086548
134;3;2;2.2839959071165765;0.8555414198494375;0.9927536249160767;0.9954267740249634;0.11239148676395416;0.08795325458049774;-0.058636218309402466;1.2076739072799683;0.2152639627456665;0.9652686715126038
134;3;3;0.8227881598788036;0.8416408786944802;0.9927536249160767;0.9954267740249634;0.11239148676395416;0.08795325458049774;0.3397330641746521;2.0426058769226074;-0.8120376467704773;1.5789865255355835
135;3;1;2.858723113818341;0.7938057305636841;0.9927536249160767;0.9954515099525452;0.11213401705026627;0.08789487928152084;-0.3612390458583832;1.433614730834961;0.1619211733341217;0.8987483382225037
135;3;2;2.2933743967033875;0.8554735574637498;0.9927536249160767;0.9954515099525452;0.11213401705026627;0.08789487928152084;-0.05871715024113655;1.2078502178192139;0.21631956100463867;0.9667448997497559
135;3;3;0.8227881598788036;0.8416408786944802;0.9927536249160767;0.9954515099525452;0.11213401705026627;0.08789487928152084;0.33942723274230957;2.0432839393615723;-0.8127496838569641;1.579993486404419
136;3;1;2.858723113818341;0.7927838588541913;0.9931561946868896;0.9954761862754822;0.11187326163053513;0.08784347772598267;-0.36281177401542664;1.4332937002182007;0.16113948822021484;0.8995645642280579
136;3;2;2.2956714363655646;0.8559078237196003;0.9931561946868896;0.9954761862754822;0.11187326163053513;0.08784347772598267;-0.058811794966459274;1.2080284357070923;0.2173449993133545;0.9682581424713135
136;3;3;0.8227881598788036;0.8416408786944802;0.9931561946868896;0.9954761862754822;0.11187326163053513;0.08784347772598267;0.33910608291625977;2.0439765453338623;-0.8134649991989136;1.5810050964355469
137;3;1;2.856260040965891;0.7904041816874399;0.9931561946868896;0.9955058097839355;0.11160148680210114;0.08779473602771759;-0.36436232924461365;1.4330018758773804;0.16029509902000427;0.9003538489341736
137;3;2;2.296318449897755;0.855910387479633;0.9931561946868896;0.9955058097839355;0.11160148680210114;0.08779473602771759;-0.05890551581978798;1.2082194089889526;0.21836334466934204;0.9697431921958923
137;3;3;0.8227881598788036;0.8416408786944802;0.9931561946868896;0.9955058097839355;0.11160148680210114;0.08779473602771759;0.3387938141822815;2.0446832180023193;-0.8141689896583557;1.5820006132125854
138;3;1;2.8532712010371197;0.7902257028842037;0.9931561946868896;0.9955058097839355;0.11134301871061325;0.08775603026151657;-0.36588218808174133;1.43271803855896;0.15937910974025726;0.9012345671653748
138;3;2;2.303564120760928;0.8565107840597275;0.9931561946868896;0.9955058097839355;0.11134301871061325;0.08775603026151657;-0.05898813158273697;1.2084299325942993;0.21939131617546082;0.9711527824401855
138;3;3;0.8227881598788036;0.8416408786944802;0.9931561946868896;0.9955058097839355;0.11134301871061325;0.08775603026151657;0.33850738406181335;2.0454044342041016;-0.8148512244224548;1.5829654932022095
139;3;1;2.851634849959911;0.792322939194861;0.9931561946868896;0.9955206513404846;0.11113408952951431;0.08771726489067078;-0.3673691749572754;1.4324500560760498;0.15842357277870178;0.9021508097648621
139;3;2;2.3067877286057668;0.8568356578290004;0.9931561946868896;0.9955206513404846;0.11113408952951431;0.08771726489067078;-0.05907227471470833;1.208654761314392;0.22040879726409912;0.9725196957588196
139;3;3;0.8227881598788036;0.8416408786944802;0.9931561946868896;0.9955206513404846;0.11113408952951431;0.08771726489067078;0.33823859691619873;2.046138286590576;-0.8155161142349243;1.5839059352874756
140;3;1;2.8529251382473877;0.7923229391948601;0.9931561946868896;0.9955205917358398;0.11096816509962082;0.08767903596162796;-0.3688225746154785;1.43222177028656;0.1574803739786148;0.9029665589332581
140;3;2;2.3072397654755905;0.8568356578289995;0.9931561946868896;0.9955205917358398;0.11096816509962082;0.08767903596162796;-0.05916919186711311;1.208884835243225;0.2214009165763855;0.9738935232162476
140;3;3;0.8214938026642749;0.8412992958520982;0.9931561946868896;0.9955205917358398;0.11096816509962082;0.08767903596162796;0.33796703815460205;2.0468833446502686;-0.8161754608154297;1.5848383903503418
141;3;1;2.8448351413181605;0.7921383188858009;0.9931561946868896;0.9955156445503235;0.11082090437412262;0.08764131367206573;-0.37023741006851196;1.432041049003601;0.15656696259975433;0.9036380648612976
141;3;2;2.3052287436706393;0.8567705520984017;0.9931561946868896;0.9955156445503235;0.11082090437412262;0.08764131367206573;-0.05928168445825577;1.2091158628463745;0.22236308455467224;0.975292444229126
141;3;3;0.8214938026642749;0.8412992958520982;0.9931561946868896;0.9955156445503235;0.11082090437412262;0.08764131367206573;0.3376857042312622;2.0476372241973877;-0.8168339133262634;1.5857694149017334
142;3;1;2.848038448867694;0.796262887184346;0.9931561946868896;0.9955304861068726;0.11068648099899292;0.08760318905115128;-0.3716016709804535;1.431891679763794;0.15565787255764008;0.9042637944221497
142;3;2;2.301525221640717;0.8571222443869697;0.9931561946868896;0.9955304861068726;0.11068648099899292;0.08760318905115128;-0.05939256399869919;1.2093539237976074;0.223321795463562;0.9766701459884644
142;3;3;0.8214938026642749;0.8412992958520982;0.9931561946868896;0.9955304861068726;0.11068648099899292;0.08760318905115128;0.3374081552028656;2.0483992099761963;-0.8174846768379211;1.5866897106170654
143;3;1;2.849169086787179;0.7986737672370889;0.9931561946868896;0.995525598526001;0.11058749258518219;0.08756798505783081;-0.37283408641815186;1.4317938089370728;0.1548638790845871;0.9048579335212708
143;3;2;2.306118760662744;0.8571636342173701;0.9931561946868896;0.995525598526001;0.11058749258518219;0.08756798505783081;-0.059491027146577835;1.2096046209335327;0.22428938746452332;0.9779903888702393
143;3;3;0.8214938026642749;0.8412992958520982;0.9931561946868896;0.995525598526001;0.11058749258518219;0.08756798505783081;0.33715081214904785;2.0491671562194824;-0.818119466304779;1.5875874757766724
144;3;1;2.844703715562394;0.7989448206617222;0.9931561946868896;0.9955305457115173;0.11054986715316772;0.08753031492233276;-0.3739381730556488;1.4317348003387451;0.1541459560394287;0.9054742455482483
144;3;2;2.3059418104980383;0.8567057864645014;0.9931561946868896;0.9955305457115173;0.11054986715316772;0.08753031492233276;-0.05957116559147835;1.2098684310913086;0.22526966035366058;0.9792422652244568
144;3;3;0.8214938026642749;0.8412992958520982;0.9931561946868896;0.9955305457115173;0.11054986715316772;0.08753031492233276;0.3369210958480835;2.049938678741455;-0.8187359571456909;1.5884594917297363
145;3;1;2.8470241616961065;0.7995431836135314;0.9931561946868896;0.9955453276634216;0.11056232452392578;0.08749528229236603;-0.3749975860118866;1.4316842555999756;0.15335166454315186;0.9061368703842163
145;3;2;2.306291725994366;0.8567057864645014;0.9931561946868896;0.9955453276634216;0.11056232452392578;0.08749528229236603;-0.05963742360472679;1.2101385593414307;0.2262510061264038;0.980461061000824
145;3;3;0.8207777005540287;0.8465592180829828;0.9931561946868896;0.9955453276634216;0.11056232452392578;0.08749528229236603;0.3367084860801697;2.050711154937744;-0.8193421959877014;1.589316725730896
146;3;1;2.8473633190930006;0.8001142658465907;0.9931561946868896;0.9955453276634216;0.11057225614786148;0.0874614343047142;-0.3760215640068054;1.4316692352294922;0.15252739191055298;0.9066755175590515
146;3;2;2.3032099679069233;0.8566638293464797;0.9931561946868896;0.9955453276634216;0.11057225614786148;0.0874614343047142;-0.05971028283238411;1.2104018926620483;0.22719812393188477;0.9817245006561279
146;3;3;0.8207777005540287;0.8465592180829828;0.9931561946868896;0.9955453276634216;0.11057225614786148;0.0874614343047142;0.33648937940597534;2.051481246948242;-0.8199526071548462;1.5901800394058228
147;3;1;2.848359537928822;0.8045152658273604;0.9931561946868896;0.995550274848938;0.11053229868412018;0.08742829412221909;-0.3770136833190918;1.4316978454589844;0.151702880859375;0.9070320129394531
147;3;2;2.305820176891535;0.8576535948717483;0.9931561946868896;0.995550274848938;0.11053229868412018;0.08742829412221909;-0.05979381501674652;1.2106541395187378;0.22810611128807068;0.9830512404441833
147;3;3;0.8207777005540287;0.8465592180829828;0.9931561946868896;0.995550274848938;0.11053229868412018;0.08742829412221909;0.33625519275665283;2.0522477626800537;-0.820571780204773;1.5910556316375732
148;3;1;2.8481448148347965;0.8045152658273604;0.9931561946868896;0.9955601096153259;0.11042837053537369;0.08739489316940308;-0.37800002098083496;1.4317376613616943;0.15095214545726776;0.9073083400726318
148;3;2;2.305820176891535;0.8576535948717483;0.9931561946868896;0.9955601096153259;0.11042837053537369;0.08739489316940308;-0.05987947806715965;1.2109018564224243;0.2289922833442688;0.98439621925354
148;3;3;0.8207777005540287;0.8465592180829828;0.9931561946868896;0.9955601096153259;0.11042837053537369;0.08739489316940308;0.3360205888748169;2.053009510040283;-0.8211901187896729;1.5919301509857178
149;3;1;2.844660032733384;0.8043456269933102;0.9931561946868896;0.9955601692199707;0.1103225126862526;0.08736719191074371;-0.378969669342041;1.4317543506622314;0.15023036301136017;0.9076990485191345
149;3;2;2.305089986642969;0.8580084280719396;0.9931561946868896;0.9955601692199707;0.1103225126862526;0.08736719191074371;-0.059951793402433395;1.2111568450927734;0.22988179326057434;0.9856847524642944
149;3;3;0.8207777005540287;0.8465592180829828;0.9931561946868896;0.9955601692199707;0.1103225126862526;0.08736719191074371;0.335812509059906;2.053767681121826;-0.8217910528182983;1.5927799940109253
150;3;1;2.8478966812878355;0.8038952581070964;0.9931561946868896;0.9955601096153259;0.11025272309780121;0.0873398706316948;-0.37991762161254883;1.4317386150360107;0.149531289935112;0.9082568287849426
150;3;2;2.317401852542681;0.8580395469302644;0.9931561946868896;0.9955601096153259;0.11025272309780121;0.0873398706316948;-0.06000750511884689;1.211422085762024;0.23078231513500214;0.9868950247764587
150;3;3;0.8240518646709845;0.8458769211410515;0.9931561946868896;0.9955601096153259;0.11025272309780121;0.0873398706316948;0.3356369733810425;2.054521083831787;-0.8223698139190674;1.593598484992981
151;3;1;2.8483419057034745;0.8003297708844723;0.9931561946868896;0.9955552220344543;0.11022946983575821;0.08731300383806229;-0.38077330589294434;1.4317548274993896;0.1490505188703537;0.9087519645690918
151;3;2;2.3093501401656633;0.8581414620453636;0.9931561946868896;0.9955552220344543;0.11022946983575821;0.08731300383806229;-0.060058627277612686;1.2116893529891968;0.23167932033538818;0.9880726933479309
151;3;3;0.8240518646709845;0.8458769211410515;0.9931561946868896;0.9955552220344543;0.11022946983575821;0.08731300383806229;0.3354742228984833;2.055269241333008;-0.8229368925094604;1.594400405883789
152;3;1;2.8437196384254726;0.800780139770688;0.9931561946868896;0.9955601096153259;0.11024480313062668;0.08728824555873871;-0.38154682517051697;1.4318161010742188;0.14879213273525238;0.9091004729270935
152;3;2;2.30880991288375;0.8578391836535761;0.9931561946868896;0.9955601096153259;0.11024480313062668;0.08728824555873871;-0.06010885536670685;1.211952567100525;0.23256520926952362;0.9892487525939941
152;3;3;0.8240518646709845;0.8458769211410515;0.9931561946868896;0.9955601096153259;0.11024480313062668;0.08728824555873871;0.3353104293346405;2.0560104846954346;-0.8235002160072327;1.5951969623565674
153;3;1;2.8437177944650927;0.8006512372642085;0.9931561946868896;0.9955650568008423;0.11027051508426666;0.08726057410240173;-0.38224324584007263;1.4319123029708862;0.14871788024902344;0.9093493223190308
153;3;2;2.3089558410476467;0.8578391836535753;0.9931561946868896;0.9955650568008423;0.11027051508426666;0.08726057410240173;-0.06015433743596077;1.2122132778167725;0.23344390094280243;0.990412175655365
153;3;3;0.8240518646709845;0.8458769211410515;0.9931561946868896;0.9955650568008423;0.11027051508426666;0.08726057410240173;0.3351512551307678;2.056744337081909;-0.8240573406219482;1.595984935760498
154;3;1;2.8465233814292166;0.8006830596051371;0.9931561946868896;0.995574951171875;0.11030039191246033;0.08723711222410202;-0.38293886184692383;1.431980013847351;0.14861635863780975;0.909706175327301
154;3;2;2.3038989866136887;0.8578391836535753;0.9931561946868896;0.995574951171875;0.11030039191246033;0.08723711222410202;-0.060189276933670044;1.2124762535095215;0.23432251811027527;0.991533637046814
154;3;3;0.8240518646709845;0.8458769211410515;0.9931561946868896;0.995574951171875;0.11030039191246033;0.08723711222410202;0.3350115418434143;2.057469367980957;-0.8246009349822998;1.596753716468811
155;3;1;2.842761782588319;0.8030131046030329;0.9931561946868896;0.995574951171875;0.11032125353813171;0.08721252530813217;-0.3836327791213989;1.4320240020751953;0.14848600327968597;0.9101495146751404
155;3;2;2.306048352590677;0.8578391836535753;0.9931561946868896;0.995574951171875;0.11032125353813171;0.08721252530813217;-0.06021106615662575;1.2127399444580078;0.23520240187644958;0.9926191568374634
155;3;3;0.8240518646709845;0.8458769211410515;0.9931561946868896;0.995574951171875;0.11032125353813171;0.08721252530813217;0.3348878026008606;2.058185338973999;-0.8251333832740784;1.5975066423416138
156;3;1;2.840411084862561;0.8032322118325519;0.9935587644577026;0.9955650568008423;0.11032295227050781;0.0871865451335907;-0.38432684540748596;1.4320642948150635;0.14836028218269348;0.9105671644210815
156;3;2;2.298565396506918;0.8579316270214381;0.9935587644577026;0.9955650568008423;0.11032295227050781;0.0871865451335907;-0.06023010239005089;1.2129970788955688;0.23607003688812256;0.9937103390693665
156;3;3;0.8240518646709845;0.8458769211410515;0.9935587644577026;0.9955650568008423;0.11032295227050781;0.0871865451335907;0.33476290106773376;2.0588912963867188;-0.8256641030311584;1.5982571840286255
157;3;1;2.837379236445809;0.8032002307655466;0.9935587644577026;0.9955798983573914;0.11029067635536194;0.08715998381376266;-0.38502055406570435;1.4321130514144897;0.14826393127441406;0.9108974933624268
157;3;2;2.2976150766322005;0.8579316270214372;0.9935587644577026;0.9955798983573914;0.11029067635536194;0.08715998381376266;-0.060253389179706573;1.2132439613342285;0.23691825568675995;0.9948294162750244
157;3;3;0.8240518646709845;0.8458769211410515;0.9935587644577026;0.9955798983573914;0.11029067635536194;0.08715998381376266;0.33462637662887573;2.0595874786376953;-0.8261981010437012;1.5990124940872192
158;3;1;2.8354960607159825;0.8032002307655457;0.9935587644577026;0.9955700039863586;0.11022435873746872;0.08713240176439285;-0.38570845127105713;1.4321599006652832;0.1481899470090866;0.9112013578414917
158;3;2;2.302452682105585;0.8545025533245694;0.9935587644577026;0.9955700039863586;0.11022435873746872;0.08713240176439285;-0.0602782666683197;1.2134841680526733;0.23775458335876465;0.9959526658058167
158;3;3;0.8240518646709845;0.8458769211410515;0.9935587644577026;0.9955700039863586;0.11022435873746872;0.08713240176439285;0.3344855308532715;2.060274600982666;-0.826729953289032;1.5997645854949951
159;3;1;2.8319969775629463;0.8026652043583953;0.9935587644577026;0.9955650568008423;0.11014943569898605;0.08710546046495438;-0.3863101899623871;1.4322279691696167;0.1482706069946289;0.91148841381073
159;3;2;2.308196076192046;0.8545025533245694;0.9935587644577026;0.9955650568008423;0.11014943569898605;0.08710546046495438;-0.060297463089227676;1.2137256860733032;0.2385932058095932;0.9970360398292542
159;3;3;0.8240518646709845;0.8458769211410515;0.9935587644577026;0.9955650568008423;0.11014943569898605;0.08710546046495438;0.33435508608818054;2.0609536170959473;-0.8272498250007629;1.6004997491836548
160;3;1;2.8343527269158866;0.8025506071891186;0.9935587644577026;0.9955650568008423;0.11011254787445068;0.08708062022924423;-0.3868299126625061;1.4322972297668457;0.14846579730510712;0.9118610620498657
160;3;2;2.3046435733331885;0.8566013463848012;0.9935587644577026;0.9955650568008423;0.11011254787445068;0.08708062022924423;-0.06030207499861717;1.2139742374420166;0.23944759368896484;0.9980427622795105
160;3;3;0.8240518646709845;0.8458769211410515;0.9935587644577026;0.9955650568008423;0.11011254787445068;0.08708062022924423;0.33424803614616394;2.0616257190704346;-0.8277499675750732;1.6012071371078491
161;3;1;2.8343527269158866;0.8025506071891186;0.9935587644577026;0.9955650568008423;0.11013005673885345;0.08705457299947739;-0.38735270500183105;1.4323288202285767;0.14860813319683075;0.9123902320861816
161;3;2;2.308719091752458;0.8566111807685166;0.9935587644577026;0.9955650568008423;0.11013005673885345;0.08705457299947739;-0.06029467284679413;1.214227557182312;0.24031177163124084;0.99898761510849
161;3;3;0.8240518646709845;0.8458769211410515;0.9935587644577026;0.9955650568008423;0.11013005673885345;0.08705457299947739;0.33415958285331726;2.0622897148132324;-0.8282334804534912;1.6018909215927124
162;3;1;2.8393986544069403;0.8026770968218875;0.9935587644577026;0.9955650568008423;0.11017145216464996;0.0870300680398941;-0.38785508275032043;1.432362675666809;0.14865928888320923;0.9129207134246826
162;3;2;2.3097440113837724;0.8563019185317495;0.9935587644577026;0.9955650568008423;0.11017145216464996;0.0870300680398941;-0.0602889321744442;1.2144750356674194;0.2411658763885498;0.9999326467514038
162;3;3;0.8240518646709845;0.8458769211410515;0.9935587644577026;0.9955650568008423;0.11017145216464996;0.0870300680398941;0.3340655267238617;2.0629451274871826;-0.8287143111228943;1.6025707721710205
163;3;1;2.8409608219062665;0.802783206413463;0.9935587644577026;0.9955700635910034;0.11017440259456635;0.08700832724571228;-0.3883468806743622;1.4324257373809814;0.14867639541625977;0.9132952690124512
163;3;2;2.3190288496621587;0.8563019185317486;0.9935587644577026;0.9955700635910034;0.11017440259456635;0.08700832724571228;-0.06029844284057617;1.2147067785263062;0.24199168384075165;1.0009340047836304
163;3;3;0.8242833875143027;0.8460099087523156;0.9935587644577026;0.9955700635910034;0.11017440259456635;0.08700832724571228;0.3339432179927826;2.063591241836548;-0.8292049169540405;1.6032648086547852
164;3;1;2.839286007592646;0.8025858887532751;0.9935587644577026;0.9955700635910034;0.11011675000190735;0.08698762953281403;-0.3887542188167572;1.4325532913208008;0.1488182544708252;0.9134474992752075
164;3;2;2.3192903457043794;0.8566621971245594;0.9935587644577026;0.9955700635910034;0.11011675000190735;0.08698762953281403;-0.06032075360417366;1.2149258852005005;0.24279487133026123;1.0019752979278564
164;3;3;0.8210092233973478;0.8466922056942465;0.9935587644577026;0.9955700635910034;0.11011675000190735;0.08698762953281403;0.33379778265953064;2.0642285346984863;-0.8297017812728882;1.6039674282073975
165;3;1;2.840078188162483;0.8029519968192265;0.9935587644577026;0.9955650568008423;0.1100316122174263;0.08696352690458298;-0.3890765905380249;1.432700276374817;0.14901208877563477;0.9136132597923279
165;3;2;2.3269800299112333;0.8566720922151161;0.9935587644577026;0.9955650568008423;0.1100316122174263;0.08696352690458298;-0.06033759564161301;1.2151464223861694;0.2436017245054245;1.0029733180999756
165;3;3;0.8210092233973478;0.8466922056942465;0.9935587644577026;0.9955650568008423;0.1100316122174263;0.08696352690458298;0.333662211894989;2.0648579597473145;-0.8301861882209778;1.6046524047851562
166;3;1;2.840078188162483;0.8029519968192265;0.9935587644577026;0.9955650568008423;0.10996569693088531;0.08694417774677277;-0.3893927037715912;1.4327939748764038;0.149051234126091;0.9140454530715942
166;3;2;2.3318488750183057;0.8566920675474394;0.9935587644577026;0.9955650568008423;0.10996569693088531;0.08694417774677277;-0.06033661961555481;1.2153767347335815;0.24442873895168304;1.0038777589797974
166;3;3;0.8210092233973478;0.8466922056942465;0.9935587644577026;0.9955650568008423;0.10996569693088531;0.08694417774677277;0.33355700969696045;2.0654799938201904;-0.8306469917297363;1.60530424118042
167;3;1;2.8438204832227614;0.8029519968192274;0.9935587644577026;0.9955798983573914;0.10992668569087982;0.08692191541194916;-0.3897106647491455;1.4328608512878418;0.14899009466171265;0.91458660364151
167;3;2;2.3335331301222517;0.8564257627346441;0.9935587644577026;0.9955798983573914;0.10992668569087982;0.08692191541194916;-0.06033091992139816;1.2156070470809937;0.24525710940361023;1.0047465562820435
167;3;3;0.8210092233973478;0.8466922056942465;0.9935587644577026;0.9955798983573914;0.10992668569087982;0.08692191541194916;0.3334597051143646;2.0660934448242188;-0.8310970664024353;1.605940580368042
168;3;1;2.8457230501910002;0.8031451966367777;0.9935587644577026;0.9955699443817139;0.10989789664745331;0.08690285682678223;-0.39007219672203064;1.432932734489441;0.1489890068769455;0.9149830937385559
168;3;2;2.3391276461570527;0.8564902139480033;0.9935587644577026;0.9955699443817139;0.10989789664745331;0.08690285682678223;-0.06034046411514282;1.2158223390579224;0.24605882167816162;1.0056675672531128
168;3;3;0.8210092233973478;0.8466922056942465;0.9935587644577026;0.9955699443817139;0.10989789664745331;0.08690285682678223;0.33333534002304077;2.066697359085083;-0.8315560817718506;1.6065897941589355
169;3;1;2.843286045208343;0.8030878408223412;0.9935587644577026;0.9955650568008423;0.10987503826618195;0.08688313513994217;-0.39047399163246155;1.433009147644043;0.149040088057518;0.9152429103851318
169;3;2;2.3542167225430974;0.8560601262703011;0.9935587644577026;0.9955650568008423;0.10987503826618195;0.08688313513994217;-0.06036406755447388;1.2160226106643677;0.24683484435081482;1.0066386461257935
169;3;3;0.8210092233973478;0.8466922056942465;0.9935587644577026;0.9955650568008423;0.10987503826618195;0.08688313513994217;0.3331855535507202;2.067291498184204;-0.832023561000824;1.6072508096694946
170;3;1;2.8452801825716243;0.803087840822343;0.9935587644577026;0.9955551624298096;0.10985655337572098;0.08686181157827377;-0.3909042477607727;1.4330532550811768;0.1490715593099594;0.9155799150466919
170;3;2;2.3542167225430983;0.856060126270302;0.9935587644577026;0.9955551624298096;0.10985655337572098;0.08686181157827377;-0.06038283929228783;1.216221570968628;0.2476104348897934;1.0075817108154297
170;3;3;0.8210092233973478;0.8466922056942465;0.9935587644577026;0.9955551624298096;0.10985655337572098;0.08686181157827377;0.33304232358932495;2.0678763389587402;-0.8324822187423706;1.60789954662323
171;3;1;2.8427925926188164;0.8030878408223439;0.9935587644577026;0.9955601692199707;0.10987389087677002;0.08684183657169342;-0.3913543224334717;1.433040738105774;0.14903144538402557;0.9161393046379089
171;3;2;2.355644670481916;0.856092188297767;0.9935587644577026;0.9955601692199707;0.10987389087677002;0.08684183657169342;-0.06038402393460274;1.2164280414581299;0.24840247631072998;1.0084443092346191
171;3;3;0.8210092233973478;0.8466922056942465;0.9935587644577026;0.9955601692199707;0.10987389087677002;0.08684183657169342;0.33292800188064575;2.0684523582458496;-0.8329203724861145;1.6085190773010254
172;3;1;2.844031182098563;0.8036180457257718;0.9935587644577026;0.9955601692199707;0.10993705689907074;0.08682502806186676;-0.3917987048625946;1.4330329895019531;0.14919938147068024;0.9166499376296997
172;3;2;2.3594392616430486;0.8566979078781447;0.9935587644577026;0.9955601692199707;0.10993705689907074;0.08682502806186676;-0.060373928397893906;1.2166365385055542;0.2492005079984665;1.0092599391937256
172;3;3;0.8210092233973478;0.8466922056942465;0.9935587644577026;0.9955601692199707;0.10993705689907074;0.08682502806186676;0.33283060789108276;2.069018840789795;-0.8333455920219421;1.609120488166809
173;3;1;2.847836436009538;0.8036985834434205;0.9935587644577026;0.995574951171875;0.11005644500255585;0.08680751919746399;-0.3922439217567444;1.4330484867095947;0.14956189692020416;0.9170049428939819
173;3;2;2.3655501391923783;0.8566979078781447;0.9935587644577026;0.995574951171875;0.11005644500255585;0.08680751919746399;-0.06036029011011124;1.2168384790420532;0.24998900294303894;1.0100780725479126
173;3;3;0.8210092233973478;0.8466922056942465;0.9935587644577026;0.995574951171875;0.11005644500255585;0.08680751919746399;0.332733690738678;2.0695745944976807;-0.8337689638137817;1.6097192764282227
174;3;1;2.8482802825433584;0.8038770622466549;0.9935587644577026;0.9955798387527466;0.11018592864274979;0.0867898240685463;-0.3927374482154846;1.4330579042434692;0.14984184503555298;0.9172975420951843
174;3;2;2.3655501391923783;0.8566979078781447;0.9935587644577026;0.9955798387527466;0.11018592864274979;0.0867898240685463;-0.06034376099705696;1.2170305252075195;0.25076180696487427;1.0109196901321411
174;3;3;0.8210092233973478;0.8466922056942465;0.9935587644577026;0.9955798387527466;0.11018592864274979;0.0867898240685463;0.3326328694820404;2.0701184272766113;-0.8341953754425049;1.61032235622406
175;3;1;2.8491611672319923;0.8075831689342543;0.9935587644577026;0.9955897331237793;0.11024316400289536;0.08677349239587784;-0.3932279348373413;1.4330717325210571;0.14993615448474884;0.9175493717193604
175;3;2;2.364529274491888;0.8567643633568656;0.9935587644577026;0.9955897331237793;0.11024316400289536;0.08677349239587784;-0.060329630970954895;1.2172083854675293;0.25150734186172485;1.0118110179901123
175;3;3;0.8210092233973478;0.8466922056942465;0.9935587644577026;0.9955897331237793;0.11024316400289536;0.08677349239587784;0.3325212895870209;2.0706493854522705;-0.8346295952796936;1.6109362840652466
176;3;1;2.8458100440917606;0.8075831689342543;0.9935587644577026;0.9956046342849731;0.11018954962491989;0.08675681799650192;-0.3937152922153473;1.4330977201461792;0.14988112449645996;0.9177175164222717
176;3;2;2.364529274491888;0.8567643633568656;0.9935587644577026;0.9956046342849731;0.11018954962491989;0.08675681799650192;-0.060322631150484085;1.2173702716827393;0.2522220015525818;1.0127644538879395
176;3;3;0.8210092233973478;0.8466922056942465;0.9935587644577026;0.9956046342849731;0.11018954962491989;0.08675681799650192;0.3323920667171478;2.0711679458618164;-0.8350744843482971;1.6115654706954956
177;3;1;2.8453094203048783;0.8079716976051747;0.9935587644577026;0.9955897927284241;0.11003802716732025;0.08674034476280212;-0.39422667026519775;1.4331203699111938;0.1497897058725357;0.9178183078765869
177;3;2;2.3634798779617734;0.8568877925188563;0.9935587644577026;0.9955897927284241;0.11003802716732025;0.08674034476280212;-0.060323551297187805;1.2175191640853882;0.25291162729263306;1.01376211643219
177;3;3;0.8210092233973478;0.8466922056942465;0.9935587644577026;0.9955897927284241;0.11003802716732025;0.08674034476280212;0.3322477340698242;2.071676015853882;-0.8355261087417603;1.6122043132781982
178;3;1;2.849213750115279;0.8074381743382029;0.9935587644577026;0.995574951171875;0.10986068844795227;0.08672379702329636;-0.39475107192993164;1.4331166744232178;0.14965827763080597;0.9179884791374207
178;3;2;2.368211711795019;0.8575987690627338;0.9935587644577026;0.995574951171875;0.10986068844795227;0.08672379702329636;-0.060324832797050476;1.2176647186279297;0.2535948157310486;1.014746904373169
178;3;3;0.8210092233973478;0.8466922056942465;0.9935587644577026;0.995574951171875;0.10986068844795227;0.08672379702329636;0.3321059048175812;2.0721757411956787;-0.8359718322753906;1.6128346920013428
179;3;1;2.848669055675643;0.807438174338202;0.9939613938331604;0.9955650568008423;0.10971435159444809;0.08670774102210999;-0.39528074860572815;1.4330717325210571;0.14948974549770355;0.9183219075202942
179;3;2;2.3708816258018865;0.8575987690627347;0.9939613938331604;0.9955650568008423;0.10971435159444809;0.08670774102210999;-0.06032150983810425;1.2178144454956055;0.2542850971221924;1.0156766176223755
179;3;3;0.8210092233973478;0.8466922056942465;0.9939613938331604;0.9955650568008423;0.10971435159444809;0.08670774102210999;0.3319787383079529;2.0726687908172607;-0.836402416229248;1.6134436130523682
180;3;1;2.8450451389752676;0.8080516397776583;0.9939613938331604;0.995574951171875;0.10963869094848633;0.0866909995675087;-0.39581498503685;1.4329930543899536;0.14931346476078033;0.9187830686569214
180;3;2;2.3679438854290593;0.8571405602833302;0.9939613938331604;0.995574951171875;0.10963869094848633;0.0866909995675087;-0.060317885130643845;1.21796715259552;0.2549803853034973;1.0165576934814453
180;3;3;0.8210092233973478;0.8466922056942465;0.9939613938331604;0.995574951171875;0.10963869094848633;0.0866909995675087;0.33186107873916626;2.0731563568115234;-0.8368192911148071;1.6140331029891968
181;3;1;2.845610430451055;0.8102076164458474;0.9939613938331604;0.9955700635910034;0.10963863879442215;0.0866827592253685;-0.39632999897003174;1.4329439401626587;0.14943161606788635;0.9190900325775146
181;3;2;2.3688791063467214;0.8571405602833293;0.9939613938331604;0.9955700635910034;0.10963863879442215;0.0866827592253685;-0.0603221133351326;1.2181174755096436;0.2556706666946411;1.017422080039978
181;3;3;0.8210092233973478;0.8466922056942465;0.9939613938331604;0.9955700635910034;0.10963863879442215;0.0866827592253685;0.33173906803131104;2.0736382007598877;-0.8372296094894409;1.61461341381073
182;3;1;2.8465815989431675;0.8102412764368374;0.9939613938331604;0.995574951171875;0.10973154753446579;0.08666472136974335;-0.39682790637016296;1.432914137840271;0.14978663623332977;0.9192966222763062
182;3;2;2.373537930916786;0.8572742981983712;0.9939613938331604;0.995574951171875;0.10973154753446579;0.08666472136974335;-0.060328032821416855;1.2182674407958984;0.25636041164398193;1.0182584524154663
182;3;3;0.8210092233973478;0.8466922056942465;0.9939613938331604;0.995574951171875;0.10973154753446579;0.08666472136974335;0.33162036538124084;2.074113607406616;-0.837631106376648;1.6151812076568604
183;3;1;2.844359376720946;0.8102412764368365;0.9939613938331604;0.9955947399139404;0.10989514738321304;0.08664857596158981;-0.3973241150379181;1.432857632637024;0.15007132291793823;0.9196300506591797
183;3;2;2.377357271389423;0.8658723458976354;0.9939613938331604;0.9955947399139404;0.10989514738321304;0.08664857596158981;-0.060323044657707214;1.2184216976165771;0.2570587992668152;1.0190401077270508
183;3;3;0.8210092233973478;0.8466922056942465;0.9939613938331604;0.9955947399139404;0.10989514738321304;0.08664857596158981;0.3315216600894928;2.0745816230773926;-0.8380181193351746;1.6157283782958984
184;3;1;2.844359376720946;0.8102412764368365;0.9939613938331604;0.9956095218658447;0.11000968515872955;0.08663564175367355;-0.39779987931251526;1.4327843189239502;0.15016715228557587;0.9200684428215027
184;3;2;2.3746615074331645;0.8658723458976363;0.9939613938331604;0.9956095218658447;0.11000968515872955;0.08663564175367355;-0.060311995446681976;1.2185735702514648;0.2577534019947052;1.0198075771331787
184;3;3;0.8210092233973478;0.8466922056942465;0.9939613938331604;0.9956095218658447;0.11000968515872955;0.08663564175367355;0.3314310312271118;2.0750410556793213;-0.8383997082710266;1.6162681579589844
185;3;1;2.841385953768145;0.810778898242587;0.9939613938331604;0.9956095218658447;0.11005645245313644;0.08662187308073044;-0.398262083530426;1.4327330589294434;0.15013134479522705;0.9203956723213196
185;3;2;2.373792236359421;0.8659057440323723;0.9939613938331604;0.9956095218658447;0.11005645245313644;0.08662187308073044;-0.060312218964099884;1.218708872795105;0.2584180235862732;1.020644187927246
185;3;3;0.8210092233973478;0.8466922056942465;0.9939613938331604;0.9956095218658447;0.11005645245313644;0.08662187308073044;0.3313167095184326;2.0754902362823486;-0.8387943506240845;1.6168262958526611
186;3;1;2.835454213843782;0.8047113773814658;0.9939613938331604;0.9955848455429077;0.1100095734000206;0.08660764992237091;-0.3987124562263489;1.4327200651168823;0.1500093936920166;0.9205222725868225
186;3;2;2.379142916903466;0.8670088000180591;0.9939613938331604;0.9955848455429077;0.1100095734000206;0.08660764992237091;-0.06033188849687576;1.2188222408294678;0.2590428590774536;1.0215814113616943
186;3;3;0.8210092233973478;0.8466922056942465;0.9939613938331604;0.9955848455429077;0.1100095734000206;0.08660764992237091;0.3311653137207031;2.075929641723633;-0.8392089605331421;1.6174125671386719
187;3;1;2.839243581158888;0.8047812628514031;0.9939613938331604;0.9955848455429077;0.10987230390310287;0.08659274876117706;-0.399174302816391;1.4327092170715332;0.149872288107872;0.9205774068832397
187;3;2;2.379142916903466;0.8670088000180591;0.9939613938331604;0.9955848455429077;0.10987230390310287;0.08659274876117706;-0.060361213982105255;1.2189239263534546;0.2596461772918701;1.0225615501403809
187;3;3;0.8210092233973478;0.8466922056942465;0.9939613938331604;0.9955848455429077;0.10987230390310287;0.08659274876117706;0.3309968113899231;2.0763609409332275;-0.8396308422088623;1.618009328842163
188;3;1;2.836733214924494;0.8047812628514031;0.9939613938331604;0.9955897927284241;0.10973048210144043;0.08657864481210709;-0.39963337779045105;1.43265700340271;0.149668350815773;0.92081618309021
188;3;2;2.378150427860131;0.8670436504696593;0.9939613938331604;0.9955897927284241;0.10973048210144043;0.08657864481210709;-0.06038108840584755;1.2190309762954712;0.26025956869125366;1.0234845876693726
188;3;3;0.8210092233973478;0.8466922056942465;0.9939613938331604;0.9955897927284241;0.10973048210144043;0.08657864481210709;0.3308477997779846;2.0767860412597656;-0.8400379419326782;1.6185849905014038
189;3;1;2.835487333202389;0.8069687019644878;0.9939613938331604;0.9955996870994568;0.10964509099721909;0.08656825125217438;-0.4000096321105957;1.4325958490371704;0.14955352246761322;0.9212052822113037
189;3;2;2.378150427860131;0.8670436504696593;0.9939613938331604;0.9955996870994568;0.10964509099721909;0.08656825125217438;-0.06038634479045868;1.2191492319107056;0.2608940601348877;1.0243160724639893
189;3;3;0.8210092233973478;0.8466922056942465;0.9939613938331604;0.9955996870994568;0.10964509099721909;0.08656825125217438;0.33072930574417114;2.077207088470459;-0.8404227495193481;1.6191291809082031
190;3;1;2.833107305081694;0.8073716438029148;0.9939613938331604;0.9956045746803284;0.10965274274349213;0.08655381947755814;-0.40031877160072327;1.432541012763977;0.14954988658428192;0.9216430187225342
190;3;2;2.378150427860131;0.8670436504696593;0.9939613938331604;0.9956045746803284;0.10965274274349213;0.08655381947755814;-0.06038527190685272;1.219272494316101;0.26153820753097534;1.025093674659729
190;3;3;0.8210092233973478;0.8466922056942465;0.9939613938331604;0.9956045746803284;0.10965274274349213;0.08655381947755814;0.33062615990638733;2.077622413635254;-0.8407936692237854;1.619653582572937
191;3;1;2.833107305081694;0.8073716438029148;0.9939613938331604;0.9956094622612;0.10972808301448822;0.0865369439125061;-0.400676965713501;1.4324792623519897;0.14965714514255524;0.9220037460327148
191;3;2;2.381883425935537;0.8660025960930176;0.9939613938331604;0.9956094622612;0.10972808301448822;0.0865369439125061;-0.06038924306631088;1.2193899154663086;0.26217329502105713;1.0258784294128418
191;3;3;0.8210092233973478;0.8466922056942465;0.9939613938331604;0.9956094622612;0.10972808301448822;0.0865369439125061;0.33051562309265137;2.0780317783355713;-0.8411642909049988;1.6201778650283813
192;3;1;2.833107305081694;0.8073716438029148;0.9939613938331604;0.9956095218658447;0.10978595167398453;0.08652548491954803;-0.4011116623878479;1.4324122667312622;0.1498442143201828;0.9222442507743835
192;3;2;2.388749810805045;0.8662149797356342;0.9939613938331604;0.9956095218658447;0.10978595167398453;0.08652548491954803;-0.060400307178497314;1.2194987535476685;0.26279377937316895;1.0266895294189453
192;3;3;0.8210092233973478;0.8466922056942465;0.9939613938331604;0.9956095218658447;0.10978595167398453;0.08652548491954803;0.3303920030593872;2.078434467315674;-0.8415389657020569;1.620707631111145
193;3;1;2.831628977015674;0.8075725432111192;0.9939613938331604;0.9956194162368774;0.10984941571950912;0.08651350438594818;-0.40157967805862427;1.4323383569717407;0.14997966587543488;0.9224629998207092
193;3;2;2.389217165469293;0.8652158727788617;0.9939613938331604;0.9956194162368774;0.10984941571950912;0.08651350438594818;-0.06040983647108078;1.2196035385131836;0.26340824365615845;1.0275006294250488
193;3;3;0.8210092233973478;0.8466922056942465;0.9939613938331604;0.9956194162368774;0.10984941571950912;0.08651350438594818;0.33026838302612305;2.078829765319824;-0.8419120907783508;1.6212353706359863
194;3;1;2.831628977015674;0.8075725432111192;0.9939613938331604;0.9956243634223938;0.10988211631774902;0.08650141954421997;-0.40202417969703674;1.4322510957717896;0.1499301940202713;0.9227792620658875
194;3;2;2.3987703777737606;0.8659695992986469;0.9939613938331604;0.9956243634223938;0.10988211631774902;0.08650141954421997;-0.06041339412331581;1.2197062969207764;0.26402023434638977;1.0283007621765137
194;3;3;0.8210092233973478;0.8466922056942465;0.9939613938331604;0.9956243634223938;0.10988211631774902;0.08650141954421997;0.33015134930610657;2.0792179107666016;-0.8422811627388;1.6217572689056396
195;3;1;2.833913221087033;0.8095690170938044;0.9939613938331604;0.9956292510032654;0.10986066609621048;0.08648838102817535;-0.4024477005004883;1.4321668148040771;0.14973598718643188;0.9231027960777283
195;3;2;2.3993518177795607;0.8645699765240042;0.9939613938331604;0.9956292510032654;0.10986066609621048;0.08648838102817535;-0.0604185052216053;1.219801664352417;0.2646196484565735;1.0291221141815186
195;3;3;0.8210092233973478;0.8466922056942465;0.9939613938331604;0.9956292510032654;0.10986066609621048;0.08648838102817535;0.3300279974937439;2.079598903656006;-0.8426533341407776;1.622283697128296
196;3;1;2.8323055972697055;0.8096704816491869;0.9939613938331604;0.9956293106079102;0.10978461802005768;0.08647666871547699;-0.4029329717159271;1.4320911169052124;0.14963407814502716;0.9232528805732727
196;3;2;2.398650812191658;0.8640404748694781;0.9939613938331604;0.9956293106079102;0.10978461802005768;0.08647666871547699;-0.06043430417776108;1.2198842763900757;0.2651963233947754;1.0299967527389526
196;3;3;0.8210092233973478;0.8466922056942465;0.9939613938331604;0.9956293106079102;0.10978461802005768;0.08647666871547699;0.32988375425338745;2.0799732208251953;-0.8430355787277222;1.6228243112564087
197;3;1;2.8353665833832213;0.8096704816491869;0.9939613938331604;0.9956293106079102;0.10972125828266144;0.08646608144044876;-0.40334102511405945;1.4320528507232666;0.1496427208185196;0.9233076572418213
197;3;2;2.398650812191658;0.8640404748694781;0.9939613938331604;0.9956293106079102;0.10972125828266144;0.08646608144044876;-0.06045294180512428;1.2199612855911255;0.26576322317123413;1.030883550643921
197;3;3;0.8210092233973478;0.8466922056942465;0.9939613938331604;0.9956293106079102;0.10972125828266144;0.08646608144044876;0.3297339379787445;2.080341100692749;-0.8434188365936279;1.6233662366867065
198;3;1;2.836349428097793;0.813472485948429;0.9939613938331604;0.9956194162368774;0.1096881851553917;0.08645443618297577;-0.40374842286109924;1.4319701194763184;0.14953888952732086;0.923566997051239
198;3;2;2.4026296267066556;0.8641098050309575;0.9939613938331604;0.9956194162368774;0.1096881851553917;0.08645443618297577;-0.06045922636985779;1.2200446128845215;0.266341894865036;1.031713843345642
198;3;3;0.8237620330872115;0.8474106563756334;0.9939613938331604;0.9956194162368774;0.1096881851553917;0.08645443618297577;0.3296058177947998;2.0807042121887207;-0.8437881469726562;1.623888611793518
199;3;1;2.8404810767086346;0.8139180836007514;0.9939613938331604;0.9956194162368774;0.1096893846988678;0.08644428849220276;-0.4041772484779358;1.4318543672561646;0.14947094023227692;0.9239329099655151
199;3;2;2.39405145257226;0.8648657672187765;0.9939613938331604;0.9956194162368774;0.1096893846988678;0.08644428849220276;-0.06045433133840561;1.2201334238052368;0.26693135499954224;1.0324918031692505
199;3;3;0.8237620330872115;0.8474106563756334;0.9939613938331604;0.9956194162368774;0.1096893846988678;0.08644428849220276;0.32949715852737427;2.0810625553131104;-0.8441444635391235;1.6243925094604492
0;4;1;2.1354850305018314;0.5643400194613482;0.7101449370384216;0.7497431635856628;0.6886680722236633;0.7019968032836914;-0.003465211484581232;0.4751293659210205;-0.1936311572790146;0.5588598251342773
0;4;2;0.8028301710925252;0.1662132611704985;0.7101449370384216;0.7497431635856628;0.6886680722236633;0.7019968032836914;-0.08083518594503403;0.27928173542022705;-0.16353046894073486;0.3260504901409149
0;4;3;0.7887553557414719;0.16696179342508;0.7101449370384216;0.7497431635856628;0.6886680722236633;0.7019968032836914;0.0606481209397316;0.2906913757324219;-0.16116011142730713;0.42305248975753784
1;4;1;2.1371011388094328;0.5643400194613473;0.7113527059555054;0.7555041909217834;0.6879482865333557;0.7004583477973938;-0.0035046697594225407;0.4752432405948639;-0.19262394309043884;0.5601851940155029
1;4;2;0.8296642535402743;0.17177817462722933;0.7113527059555054;0.7555041909217834;0.6879482865333557;0.7004583477973938;-0.08066771924495697;0.2799769937992096;-0.15966837108135223;0.3327268362045288
1;4;3;0.8162034120433059;0.17243917125003883;0.7113527059555054;0.7555041909217834;0.6879482865333557;0.7004583477973938;0.06217477470636368;0.29368889331817627;-0.15028183162212372;0.40766826272010803
2;4;1;2.1480897708239812;0.5682087194806824;0.716586172580719;0.7666285037994385;0.6868144869804382;0.6977975964546204;-0.003552895737811923;0.4754283130168915;-0.19115619361400604;0.5620541572570801
2;4;2;0.8685133095140305;0.18525882841972496;0.716586172580719;0.7666285037994385;0.6868144869804382;0.6977975964546204;-0.08047416061162949;0.2809729278087616;-0.15440133213996887;0.34183263778686523
2;4;3;0.8706966279855655;0.18575351038891919;0.716586172580719;0.7666285037994385;0.6868144869804382;0.6977975964546204;0.06431268155574799;0.2979148328304291;-0.13555331528186798;0.38683903217315674
3;4;1;2.1646002622393494;0.5648601619306328;0.7310788631439209;0.7824296951293945;0.6856821775436401;0.6945687532424927;-0.0036024749279022217;0.4757031202316284;-0.18924663960933685;0.5643789768218994
3;4;2;0.8324853992610493;0.21171115249738515;0.7310788631439209;0.7824296951293945;0.6856821775436401;0.6945687532424927;-0.0803103968501091;0.28223520517349243;-0.14814993739128113;0.35264134407043457
3;4;3;0.8314837728863127;0.20972236597194227;0.7310788631439209;0.7824296951293945;0.6856821775436401;0.6945687532424927;0.06694436073303223;0.3031601011753082;-0.11822772026062012;0.3623369038105011
4;4;1;2.194448049341686;0.5804811319112666;0.7479871511459351;0.8009546399116516;0.6849833726882935;0.6913482546806335;-0.003643000265583396;0.4760977029800415;-0.1869073361158371;0.5670524835586548
4;4;2;0.853536011743758;0.2377972416084071;0.7479871511459351;0.8009546399116516;0.6849833726882935;0.6913482546806335;-0.08024252206087112;0.283720999956131;-0.1413697898387909;0.3643655776977539
4;4;3;0.8541475687732607;0.23448097427623704;0.7479871511459351;0.8009546399116516;0.6849833726882935;0.6913482546806335;0.0699356198310852;0.3091772198677063;-0.09961239993572235;0.3360108733177185
5;4;1;2.2322512421800402;0.5803419613884069;0.7801932096481323;0.8218179941177368;0.6850479245185852;0.6886208057403564;-0.003671109676361084;0.47664427757263184;-0.1841706484556198;0.5699520707130432
5;4;2;0.8402273238146334;0.3061900352099567;0.7801932096481323;0.8218179941177368;0.6850479245185852;0.6886208057403564;-0.08034393936395645;0.2853774428367615;-0.13453328609466553;0.3761884272098541
5;4;3;0.8402090595167975;0.3038874525580666;0.7801932096481323;0.8218179941177368;0.6850479245185852;0.6886208057403564;0.07313655316829681;0.3156774640083313;-0.08099365234375;0.3096799850463867
6;4;1;2.269194834746016;0.5945843919654461;0.8115941882133484;0.8441703915596008;0.6859714388847351;0.6866778135299683;-0.003688299795612693;0.47737056016921997;-0.1811247318983078;0.5729418992996216
6;4;2;0.8012022554771372;0.31991611721222757;0.8115941882133484;0.8441703915596008;0.6859714388847351;0.6866778135299683;-0.08069099485874176;0.28714433312416077;-0.12810580432415009;0.38730502128601074
6;4;3;0.8012022554771372;0.31991611721222757;0.8115941882133484;0.8441703915596008;0.6859714388847351;0.6866778135299683;0.07638894021511078;0.32234323024749756;-0.06356126070022583;0.285026878118515
7;4;1;2.317570869999231;0.5889182047530364;0.849436342716217;0.864152193069458;0.6875883936882019;0.6855772137641907;-0.0036888003814965487;0.47831809520721436;-0.17781050503253937;0.5758854150772095
7;4;2;0.8667129099876867;0.3416283395068853;0.849436342716217;0.864152193069458;0.6875883936882019;0.6855772137641907;-0.08135734498500824;0.288960337638855;-0.12251629680395126;0.39697304368019104
7;4;3;0.8682043549957461;0.34029151000001345;0.849436342716217;0.864152193069458;0.6875883936882019;0.6855772137641907;0.07953927665948868;0.32885509729385376;-0.048337422311306;0.26349711418151855
8;4;1;2.3497591525533688;0.584757946703724;0.8699678182601929;0.8817042112350464;0.6895572543144226;0.685113787651062;-0.0036741734948009253;0.47952646017074585;-0.17433474957942963;0.5786414742469788
8;4;2;0.9907553984220154;0.33003338773487023;0.8699678182601929;0.8817042112350464;0.6895572543144226;0.685113787651062;-0.0824078917503357;0.29077374935150146;-0.11812493205070496;0.4045690596103668
8;4;3;0.9930329912840614;0.32816430841333366;0.8699678182601929;0.8817042112350464;0.6895572543144226;0.685113787651062;0.0824570506811142;0.334931880235672;-0.036114953458309174;0.2462119460105896
9;4;1;2.388527911433469;0.591847079445734;0.8840579986572266;0.8946978449821472;0.6913028359413147;0.6849485635757446;-0.003645742079243064;0.48103615641593933;-0.17080719769001007;0.5810906887054443
9;4;2;0.9387209648220098;0.40664423756150514;0.8840579986572266;0.8946978449821472;0.6913028359413147;0.6849485635757446;-0.08389129489660263;0.2925526797771454;-0.11519237607717514;0.40964189171791077
9;4;3;0.9288364045151187;0.4062184358415277;0.8840579986572266;0.8946978449821472;0.6913028359413147;0.6849485635757446;0.08505197614431381;0.3403712213039398;-0.02741207182407379;0.23390419781208038
10;4;1;2.4522357602246725;0.5803825752643883;0.8969403505325317;0.902288556098938;0.6922329664230347;0.6846490502357483;-0.0035946667194366455;0.4828987419605255;-0.16731707751750946;0.5831350088119507
10;4;2;0.8871619044009424;0.4069555937385152;0.8969403505325317;0.902288556098938;0.6922329664230347;0.6846490502357483;-0.08583490550518036;0.2942946255207062;-0.11385731399059296;0.4119513928890228
10;4;3;0.8822130111839943;0.4014981471905452;0.8969403505325317;0.902288556098938;0.6922329664230347;0.6846490502357483;0.08728842437267303;0.3450842797756195;-0.022450782358646393;0.22688786685466766
11;4;1;2.506562459478112;0.5839715271854624;0.8989533185958862;0.9046788811683655;0.6919935941696167;0.6838499307632446;-0.003487545298412442;0.48517221212387085;-0.16385875642299652;0.5847347974777222
11;4;2;0.8520091999028878;0.4272978386658206;0.8989533185958862;0.9046788811683655;0.6919935941696167;0.6838499307632446;-0.08824235945940018;0.2960313856601715;-0.11412613093852997;0.4114863872528076
11;4;3;0.8443682926704383;0.4268191938924053;0.8989533185958862;0.9046788811683655;0.6919935941696167;0.6838499307632446;0.08919213712215424;0.34911373257637024;-0.02116018533706665;0.22506269812583923
12;4;1;2.5342092769831526;0.5922226840533531;0.9001610279083252;0.9019107818603516;0.6903458833694458;0.6823527812957764;-0.0033164978958666325;0.48788514733314514;-0.16046996414661407;0.5859234929084778
12;4;2;0.8670631443077976;0.3929418809877254;0.9001610279083252;0.9019107818603516;0.6903458833694458;0.6823527812957764;-0.09109321236610413;0.29782772064208984;-0.11587624996900558;0.4084589183330536
12;4;3;0.8686107801283747;0.3934345395789478;0.9001610279083252;0.9019107818603516;0.6903458833694458;0.6823527812957764;0.09084765613079071;0.3526305854320526;-0.02320217341184616;0.22795051336288452
13;4;1;2.603465497846072;0.5977818023370371;0.9013687372207642;0.8930977582931519;0.6874217987060547;0.6801872849464417;-0.003067541169002652;0.4910752475261688;-0.15717004239559174;0.5867438316345215
13;4;2;0.8849117696063855;0.3618162188895906;0.9013687372207642;0.8930977582931519;0.6874217987060547;0.6801872849464417;-0.09434490650892258;0.29977303743362427;-0.1188734918832779;0.40327420830726624
13;4;3;0.8819485879233877;0.36196209235601895;0.9013687372207642;0.8930977582931519;0.6874217987060547;0.6801872849464417;0.09238541126251221;0.35590749979019165;-0.028018787503242493;0.23476222157478333
14;4;1;2.6197559414390668;0.5979389605410823;0.8965378403663635;0.879279375076294;0.6834505796432495;0.6775229573249817;-0.0027352392207831144;0.49475979804992676;-0.15397994220256805;0.5872833132743835
14;4;2;0.9307233385616627;0.3340289825179905;0.8965378403663635;0.879279375076294;0.6834505796432495;0.6775229573249817;-0.0979374423623085;0.30197009444236755;-0.12279914319515228;0.39648377895355225
14;4;3;0.9314631189847811;0.3321188769114354;0.8965378403663635;0.879279375076294;0.6834505796432495;0.6775229573249817;0.09396342933177948;0.35928016901016235;-0.03489350527524948;0.2444845587015152
15;4;1;2.6309877538291637;0.6067989341384088;0.8864734172821045;0.8611494898796082;0.6787862777709961;0.6746046543121338;-0.002307713031768799;0.49893754720687866;-0.15093360841274261;0.5876433849334717
15;4;2;0.9295739496951807;0.2963626190872275;0.8864734172821045;0.8611494898796082;0.6787862777709961;0.6746046543121338;-0.10179013013839722;0.30452051758766174;-0.12726396322250366;0.38876110315322876
15;4;3;0.9286489317528908;0.294635514172505;0.8864734172821045;0.8611494898796082;0.6787862777709961;0.6746046543121338;0.09574685990810394;0.3631037175655365;-0.04302006959915161;0.25597724318504333
16;4;1;2.641971090256588;0.6059143009286592;0.8691626191139221;0.841525673866272;0.6738985776901245;0.6717195510864258;-0.001783734536729753;0.5035648345947266;-0.14811617136001587;0.5879420638084412
16;4;2;0.9942316863361977;0.2866008967842877;0.8691626191139221;0.841525673866272;0.6738985776901245;0.6717195510864258;-0.10579296201467514;0.30750852823257446;-0.13180705904960632;0.3809034526348114
16;4;3;0.9912309204492864;0.28488492252119935;0.8691626191139221;0.841525673866272;0.6738985776901245;0.6717195510864258;0.09788724035024643;0.36770856380462646;-0.05157490819692612;0.2680756151676178
17;4;1;2.647118479739877;0.6087614513589141;0.8558776378631592;0.8213464021682739;0.6691383123397827;0.6692366600036621;-0.0011419951915740967;0.5085573792457581;-0.14564551413059235;0.5882725715637207
17;4;2;1.0418155955107986;0.25833028784188716;0.8558776378631592;0.8213464021682739;0.6691383123397827;0.6692366600036621;-0.10978627949953079;0.3109806180000305;-0.13586293160915375;0.37388893961906433
17;4;3;1.0449142715883992;0.2598781221235513;0.8558776378631592;0.8213464021682739;0.6691383123397827;0.6692366600036621;0.10050086677074432;0.37335437536239624;-0.05979585647583008;0.27970176935195923
18;4;1;2.651870506025581;0.6128525884466214;0.837761640548706;0.8033424615859985;0.6657310128211975;0.6674764156341553;-0.00042492151260375977;0.5137077569961548;-0.14385288953781128;0.5887263417243958
18;4;2;1.0705339258788653;0.23497359537989215;0.837761640548706;0.8033424615859985;0.6657310128211975;0.6674764156341553;-0.11350559443235397;0.31492212414741516;-0.13862109184265137;0.36911895871162415
18;4;3;1.0708812658679463;0.23624982045631837;0.837761640548706;0.8033424615859985;0.6657310128211975;0.6674764156341553;0.10365235805511475;0.38019394874572754;-0.06706438958644867;0.28998103737831116
19;4;1;2.666430212352484;0.6267661757592258;0.8280998468399048;0.790087103843689;0.663174033164978;0.6664988994598389;0.0003779053804464638;0.5188341736793518;-0.14294686913490295;0.5893575549125671
19;4;2;1.0939811260716326;0.22392585953697353;0.8280998468399048;0.790087103843689;0.663174033164978;0.6664988994598389;-0.11673765629529953;0.31928104162216187;-0.13943010568618774;0.3677199184894562
19;4;3;1.0939811260716326;0.22392585953697353;0.8280998468399048;0.790087103843689;0.663174033164978;0.6664988994598389;0.10734923928976059;0.38825923204421997;-0.07299895584583282;0.2983737885951996
20;4;1;2.6541004853196917;0.6267564824295393;0.8212560415267944;0.7832026481628418;0.660935640335083;0.6653327345848083;0.0012548863887786865;0.5238626003265381;-0.14298434555530548;0.5901788473129272
20;4;2;1.129567509254377;0.21831251685292719;0.8212560415267944;0.7832026481628418;0.660935640335083;0.6653327345848083;-0.11941168457269669;0.3240165710449219;-0.1380581110715866;0.3700925409793854
20;4;3;1.1307337649145417;0.21801965206664864;0.8212560415267944;0.7832026481628418;0.660935640335083;0.6653327345848083;0.1115732192993164;0.3975265920162201;-0.07748177647590637;0.3047134578227997
21;4;1;2.639714008880655;0.6350568026496743;0.8204508423805237;0.7826914191246033;0.658625066280365;0.6634688377380371;0.002207863377407193;0.5287588834762573;-0.14398552477359772;0.5911965370178223
21;4;2;1.1569714068088004;0.2062359304855903;0.8204508423805237;0.7826914191246033;0.658625066280365;0.6634688377380371;-0.12150685489177704;0.3291045129299164;-0.13446788489818573;0.3763015568256378
21;4;3;1.1517342397014838;0.2072624844636266;0.8204508423805237;0.7826914191246033;0.658625066280365;0.6634688377380371;0.11629527807235718;0.40794825553894043;-0.08065961301326752;0.30920758843421936
22;4;1;2.6360394435877783;0.6370051006702875;0.8260869979858398;0.7884203195571899;0.6559819579124451;0.6606059074401855;0.0032432496082037687;0.5335882902145386;-0.14584070444107056;0.5923836827278137
22;4;2;1.1493450120295892;0.20983476231989684;0.8260869979858398;0.7884203195571899;0.6559819579124451;0.6606059074401855;-0.12310236692428589;0.33454811573028564;-0.1289622038602829;0.3858237862586975
22;4;3;1.1554897781548341;0.21172389059826813;0.8260869979858398;0.7884203195571899;0.6559819579124451;0.6606059074401855;0.12148194015026093;0.4194644093513489;-0.08292761445045471;0.3124150335788727
23;4;1;2.6163589224598782;0.6354440108303843;0.837761640548706;0.7992581725120544;0.6530554890632629;0.6568446159362793;0.004385626409202814;0.538465142250061;-0.14831937849521637;0.5937284827232361
23;4;2;1.1416915264257366;0.22565796287613127;0.837761640548706;0.7992581725120544;0.6530554890632629;0.6568446159362793;-0.12433890253305435;0.3403645157814026;-0.12206891179084778;0.39774686098098755
23;4;3;1.1404960419540222;0.22631069416312855;0.837761640548706;0.7992581725120544;0.6530554890632629;0.6568446159362793;0.1270899623632431;0.4319911301136017;-0.0848875343799591;0.3151867687702179
24;4;1;2.5906777710362787;0.6402928640095356;0.8498389720916748;0.8140840530395508;0.650161862373352;0.6526020169258118;0.0056272209621965885;0.5435633063316345;-0.15115423500537872;0.5951464772224426
24;4;2;1.1282526592767708;0.2426907815488173;0.8498389720916748;0.8140840530395508;0.650161862373352;0.6526020169258118;-0.1254013478755951;0.3465670347213745;-0.114479660987854;0.4108748137950897
24;4;3;1.1239683364202735;0.24287571475925507;0.8498389720916748;0.8140840530395508;0.650161862373352;0.6526020169258118;0.1330554187297821;0.4453945457935333;-0.08728538453578949;0.3185778558254242
25;4;1;2.570640465741999;0.644879225904516;0.8655394911766052;0.8305100202560425;0.6475255489349365;0.6483983993530273;0.006997495889663696;0.5491172671318054;-0.1540519893169403;0.5964661240577698
25;4;2;1.1047808340903877;0.2540588737870335;0.8655394911766052;0.8305100202560425;0.6475255489349365;0.6483983993530273;-0.1265334188938141;0.35315465927124023;-0.10706201195716858;0.42370694875717163
25;4;3;1.1109504565508725;0.2572503901101939;0.8655394911766052;0.8305100202560425;0.6475255489349365;0.6483983993530273;0.13928651809692383;0.4594736397266388;-0.09092871844768524;0.3237302899360657
26;4;1;2.533652955963217;0.6488525529825413;0.8832527995109558;0.8467730283737183;0.6452907919883728;0.6444955468177795;0.008516207337379456;0.5553689002990723;-0.1567460000514984;0.5974355340003967
26;4;2;1.0971742776225142;0.2789401558991411;0.8832527995109558;0.8467730283737183;0.6452907919883728;0.6444955468177795;-0.12796539068222046;0.3601011037826538;-0.10063272714614868;0.43483003973960876
26;4;3;1.091391213994524;0.273959840854737;0.8832527995109558;0.8467730283737183;0.6452907919883728;0.6444955468177795;0.14567254483699799;0.47397875785827637;-0.09657354652881622;0.3317132890224457
27;4;1;2.5336397317403616;0.6522815955563388;0.8977455496788025;0.8617866039276123;0.6430925130844116;0.6407812833786011;0.010199898853898048;0.5625820159912109;-0.1590169072151184;0.597725510597229
27;4;2;1.0811218854616333;0.30638316155408685;0.8977455496788025;0.8617866039276123;0.6430925130844116;0.6407812833786011;-0.12992781400680542;0.36737436056137085;-0.09595008194446564;0.4429317116737366
27;4;3;1.0728544806711664;0.3058009218074633;0.8977455496788025;0.8617866039276123;0.6430925130844116;0.6407812833786011;0.15210792422294617;0.48866698145866394;-0.10480542480945587;0.3433549404144287
28;4;1;2.5176667201201557;0.6495770285459628;0.9118357300758362;0.8740245699882507;0.6398954391479492;0.6367822289466858;0.012047046795487404;0.5709649920463562;-0.1606692522764206;0.5970614552497864
28;4;2;1.0873008584079953;0.32845377393090125;0.9118357300758362;0.8740245699882507;0.6398954391479492;0.6367822289466858;-0.1325756013393402;0.37495434284210205;-0.09349405020475388;0.4471811354160309
28;4;3;1.0840589475273452;0.3238066927694918;0.9118357300758362;0.8740245699882507;0.6398954391479492;0.6367822289466858;0.15852753818035126;0.5033840537071228;-0.11592438817024231;0.359079509973526
29;4;1;2.5094729925397132;0.6546877501315826;0.9206924438476562;0.8835067749023438;0.6348654627799988;0.6317347288131714;0.014065739698708057;0.5806072354316711;-0.1616293042898178;0.5953308939933777
29;4;2;1.109206674692742;0.34686511973059764;0.9206924438476562;0.8835067749023438;0.6348654627799988;0.6317347288131714;-0.13593243062496185;0.3828579783439636;-0.0933070108294487;0.44750475883483887
29;4;3;1.0965177869240819;0.34520104974037435;0.9206924438476562;0.8835067749023438;0.6348654627799988;0.6317347288131714;0.16494151949882507;0.5181472897529602;-0.12986178696155548;0.3787899911403656
30;4;1;2.5203873444056653;0.6718915131381555;0.9271336793899536;0.8900456428527832;0.6275566220283508;0.6252710223197937;0.016252825036644936;0.5914547443389893;-0.1619148999452591;0.592664897441864
30;4;2;1.0934400228470622;0.3673794668503856;0.9271336793899536;0.8900456428527832;0.6275566220283508;0.6252710223197937;-0.13987141847610474;0.39114925265312195;-0.0949433296918869;0.4446735680103302
30;4;3;1.098908487670112;0.3673525370812718;0.9271336793899536;0.8900456428527832;0.6275566220283508;0.6252710223197937;0.17144404351711273;0.533169686794281;-0.14617767930030823;0.4018641412258148
31;4;1;2.5382747187013557;0.6791185467556291;0.9315619468688965;0.8947620391845703;0.6182006597518921;0.6176485419273376;0.018571509048342705;0.6033422350883484;-0.1617419421672821;0.589384138584137
31;4;2;1.1333833861628815;0.39137117217318274;0.9315619468688965;0.8947620391845703;0.6182006597518921;0.6176485419273376;-0.1441650539636612;0.3999316394329071;-0.0976022481918335;0.4400731325149536
31;4;3;1.1208911360152385;0.3864052831304856;0.9315619468688965;0.8947620391845703;0.6182006597518921;0.6176485419273376;0.17818978428840637;0.5488079190254211;-0.16415119171142578;0.42728251218795776
32;4;1;2.5545233125929645;0.6799497943772348;0.933574914932251;0.8992266058921814;0.6075035333633423;0.6093568205833435;0.02097698114812374;0.6161346435546875;-0.16129378974437714;0.5858559012413025
32;4;2;1.1729158532564599;0.40888873763661593;0.933574914932251;0.8992266058921814;0.6075035333633423;0.6093568205833435;-0.14860719442367554;0.40933534502983093;-0.10045340657234192;0.4351402819156647
32;4;3;1.1733675723970025;0.40817903528499233;0.933574914932251;0.8992266058921814;0.6075035333633423;0.6093568205833435;0.1853535771369934;0.5654704570770264;-0.18293742835521698;0.45385023951530457
33;4;1;2.586357767944497;0.7043438729180291;0.9384057521820068;0.9040319323539734;0.5962058305740356;0.6005642414093018;0.023381603881716728;0.6297146081924438;-0.16076068580150604;0.5824618935585022
33;4;2;1.2259085380033294;0.4239822915747191;0.9384057521820068;0.9040319323539734;0.5962058305740356;0.6005642414093018;-0.15300990641117096;0.41949403285980225;-0.10269233584403992;0.4312666952610016
33;4;3;1.2118864893998529;0.42213703898651733;0.9384057521820068;0.9040319323539734;0.5962058305740356;0.6005642414093018;0.1930980682373047;0.583541989326477;-0.20172248780727386;0.48041632771492004
34;4;1;2.5958183906568753;0.7100165301570449;0.9468598961830139;0.9108473062515259;0.5842288732528687;0.5910435914993286;0.025750506669282913;0.643990695476532;-0.16026100516319275;0.5795664191246033
34;4;2;1.2161568511829026;0.44260798209486163;0.9468598961830139;0.9108473062515259;0.5842288732528687;0.5910435914993286;-0.15720823407173157;0.43052974343299866;-0.1036059558391571;0.4296860694885254
34;4;3;1.2056689453943052;0.43965333322929645;0.9468598961830139;0.9108473062515259;0.5842288732528687;0.5910435914993286;0.2015519142150879;0.6033318042755127;-0.21986950933933258;0.506080150604248
35;4;1;2.6301673987761047;0.7228995823392994;0.9533011317253113;0.9195097088813782;0.5722658038139343;0.5802953839302063;0.028055941686034203;0.6588930487632751;-0.15985159575939178;0.5775066614151001
35;4;2;1.2047957290529077;0.4720704316483464;0.9533011317253113;0.9195097088813782;0.5722658038139343;0.5802953839302063;-0.16110053658485413;0.44253289699554443;-0.1026703417301178;0.4313047528266907
35;4;3;1.1997283380473034;0.46912566360894603;0.9533011317253113;0.9195097088813782;0.5722658038139343;0.5802953839302063;0.21079610288143158;0.6250397562980652;-0.23704738914966583;0.5303733348846436
36;4;1;2.6411763114872704;0.734706589639762;0.9597423672676086;0.9299796223640442;0.559907078742981;0.5679585337638855;0.03030191920697689;0.6746004223823547;-0.15912891924381256;0.5762966871261597
36;4;2;1.2406331985002916;0.5078394525198124;0.9597423672676086;0.9299796223640442;0.559907078742981;0.5679585337638855;-0.16485010087490082;0.4555477201938629;-0.10006149113178253;0.4358183443546295
36;4;3;1.2464834652958272;0.5072867145872082;0.9597423672676086;0.9299796223640442;0.559907078742981;0.5679585337638855;0.2208513617515564;0.6487250328063965;-0.2533279061317444;0.5533973574638367
37;4;1;2.7029754245214894;0.7585626260814529;0.9653784036636353;0.9405730962753296;0.5464487075805664;0.5542367100715637;0.0324767641723156;0.691258430480957;-0.15759894251823425;0.575874388217926
37;4;2;1.243729643741136;0.5398610970387168;0.9653784036636353;0.9405730962753296;0.5464487075805664;0.5542367100715637;-0.1686001867055893;0.4695647656917572;-0.09612113237380981;0.44263577461242676
37;4;3;1.2417234710446925;0.5450212642297969;0.9653784036636353;0.9405730962753296;0.5464487075805664;0.5542367100715637;0.23167696595191956;0.6743004322052002;-0.269137442111969;0.5757554173469543
38;4;1;2.695830778566358;0.7721898657710193;0.9714170098304749;0.950707197189331;0.5318743586540222;0.5393195152282715;0.0346267968416214;0.7092085480690002;-0.1546681970357895;0.5756970643997192
38;4;2;1.249836524252756;0.5777441678889867;0.9714170098304749;0.950707197189331;0.5318743586540222;0.5393195152282715;-0.1727333813905716;0.48450180888175964;-0.09178650379180908;0.45013555884361267
38;4;3;1.2724855369592305;0.5748312059213876;0.9714170098304749;0.950707197189331;0.5318743586540222;0.5393195152282715;0.2431764006614685;0.7015445232391357;-0.28516489267349243;0.5984216928482056
39;4;1;2.727191352836509;0.7683001407345618;0.9746376872062683;0.9592264294624329;0.5157389044761658;0.5236486196517944;0.036825522780418396;0.728826105594635;-0.14980995655059814;0.5749635100364685
39;4;2;1.254518333964664;0.6119475519901849;0.9746376872062683;0.9592264294624329;0.5157389044761658;0.5236486196517944;-0.177675262093544;0.500237226486206;-0.08813568949699402;0.45645245909690857
39;4;3;1.2819653792316803;0.6267126743527731;0.9746376872062683;0.9592264294624329;0.5157389044761658;0.5236486196517944;0.25522878766059875;0.7301737666130066;-0.30212974548339844;0.622413694858551
40;4;1;2.732790654660354;0.7773120474797235;0.9802737236022949;0.9662343859672546;0.4965898096561432;0.5063395500183105;0.03920641168951988;0.750280499458313;-0.14270472526550293;0.5732450485229492
40;4;2;1.2489680191510315;0.6416673024024475;0.9802737236022949;0.9662343859672546;0.4965898096561432;0.5063395500183105;-0.18368540704250336;0.5166954398155212;-0.08582332730293274;0.46044743061065674
40;4;3;1.2775648097133585;0.644922371929578;0.9802737236022949;0.9662343859672546;0.4965898096561432;0.5063395500183105;0.2677591145038605;0.7600115537643433;-0.32046180963516235;0.6483390927314758
41;4;1;2.7851861976082244;0.7799871620231107;0.9830917119979858;0.9720619916915894;0.4730125367641449;0.4863336682319641;0.041805628687143326;0.7733482718467712;-0.13338688015937805;0.5710472464561462
41;4;2;1.2269202745927137;0.6503695085253378;0.9830917119979858;0.9720619916915894;0.4730125367641449;0.4863336682319641;-0.19067835807800293;0.533905029296875;-0.08454620093107224;0.46264058351516724
41;4;3;1.2710603286979092;0.6725934045911384;0.9830917119979858;0.9720619916915894;0.4730125367641449;0.4863336682319641;0.2807936668395996;0.7911216616630554;-0.3400805592536926;0.6760842800140381
42;4;1;2.768573679597524;0.8106933991118215;0.9855071306228638;0.9772771596908569;0.4457107186317444;0.4641820192337036;0.04460221529006958;0.7973070740699768;-0.12246288359165192;0.5700170993804932
42;4;2;1.2192594835649233;0.6916000092348549;0.9855071306228638;0.9772771596908569;0.4457107186317444;0.4641820192337036;-0.19809676706790924;0.5519909858703613;-0.08286009728908539;0.46551942825317383
42;4;3;1.225722247479669;0.6906792880433894;0.9855071306228638;0.9772771596908569;0.4457107186317444;0.4641820192337036;0.2944358289241791;0.8237535357475281;-0.36047470569610596;0.7049258351325989
43;4;1;2.7814831117255556;0.8230247233988006;0.988727867603302;0.9814158082008362;0.41898849606513977;0.4415557086467743;0.04763822257518768;0.8213937282562256;-0.11061017960309982;0.5719923973083496
43;4;2;1.2152110767575648;0.7335003209062494;0.988727867603302;0.9814158082008362;0.41898849606513977;0.4415557086467743;-0.20539546012878418;0.5710541605949402;-0.07936131954193115;0.4714752733707428
43;4;3;1.181282383977396;0.7228950915807317;0.988727867603302;0.9814158082008362;0.41898849606513977;0.4415557086467743;0.3087581992149353;0.8580894470214844;-0.38115793466567993;0.7341764569282532
44;4;1;2.7764177526531437;0.8138176143172373;0.989533007144928;0.9841715693473816;0.39235925674438477;0.4185396432876587;0.051100797951221466;0.8452141880989075;-0.09830029308795929;0.5777867436408997
44;4;2;1.1998016060322128;0.7576660799610275;0.989533007144928;0.9841715693473816;0.39235925674438477;0.4185396432876587;-0.21238569915294647;0.5910655856132507;-0.07358203828334808;0.48126181960105896
44;4;3;1.1571618185331802;0.7597145215433114;0.989533007144928;0.9841715693473816;0.39235925674438477;0.4185396432876587;0.32372450828552246;0.894058108329773;-0.4020729064941406;0.7637546062469482
45;4;1;2.7863223374211987;0.8082758852164309;0.9907407164573669;0.9861816167831421;0.36804214119911194;0.3951130211353302;0.055318523198366165;0.8685757517814636;-0.0855775848031044;0.5873305797576904
45;4;2;1.2275324059377555;0.7439724970489756;0.9907407164573669;0.9861816167831421;0.36804214119911194;0.3951130211353302;-0.21905677020549774;0.611845850944519;-0.06578977406024933;0.4944120943546295
45;4;3;1.132309741998884;0.7833613137828443;0.9907407164573669;0.9861816167831421;0.36804214119911194;0.3951130211353302;0.33917316794395447;0.9312912225723267;-0.42367494106292725;0.7943045496940613
46;4;1;2.7869552015157453;0.8073122204584138;0.9919484853744507;0.9868878126144409;0.34544676542282104;0.3720422387123108;0.060402657836675644;0.8918538093566895;-0.07228866964578629;0.5988038778305054
46;4;2;1.2436003194902785;0.7551325905474839;0.9919484853744507;0.9868878126144409;0.34544676542282104;0.3720422387123108;-0.22583670914173126;0.6330696940422058;-0.0574091300368309;0.5084366798400879
46;4;3;1.1232544863557692;0.7730955819204164;0.9919484853744507;0.9868878126144409;0.34544676542282104;0.3720422387123108;0.3548388183116913;0.9691681861877441;-0.4467824101448059;0.8269834518432617
47;4;1;2.788108414888316;0.8141787141175731;0.9911433458328247;0.9875150918960571;0.32485252618789673;0.3502415716648102;0.06638770550489426;0.9154173731803894;-0.05817611888051033;0.6102243661880493
47;4;2;1.2423565196056998;0.7540927971360607;0.9911433458328247;0.9875150918960571;0.32485252618789673;0.3502415716648102;-0.2331322729587555;0.6543670296669006;-0.04967503994703293;0.521176815032959
47;4;3;1.1103176749256178;0.7674292784831134;0.9911433458328247;0.9875150918960571;0.32485252618789673;0.3502415716648102;0.3704516291618347;1.0070569515228271;-0.4720781445503235;0.8627570271492004
48;4;1;2.791753761082056;0.8090099228065109;0.9927536845207214;0.9882657527923584;0.30402401089668274;0.32892125844955444;0.07305778563022614;0.9392897486686707;-0.04353020712733269;0.6207252144813538
48;4;2;1.2437483862612595;0.7580871080730232;0.9927536845207214;0.9882657527923584;0.30402401089668274;0.32892125844955444;-0.24093031883239746;0.6755147576332092;-0.04278302192687988;0.5322913527488708
48;4;3;1.0835892162922702;0.7774266278468653;0.9927536845207214;0.9882657527923584;0.30402401089668274;0.32892125844955444;0.385856568813324;1.04459810256958;-0.4996800422668457;0.9017919898033142
49;4;1;2.8229745490571183;0.8089094574921809;0.9931561946868896;0.989174485206604;0.28285542130470276;0.3079656958580017;0.08020609617233276;0.9628220200538635;-0.029103342443704605;0.6315139532089233
49;4;2;1.256917107100393;0.772525947874684;0.9931561946868896;0.989174485206604;0.28285542130470276;0.3079656958580017;-0.24869613349437714;0.6964333653450012;-0.03555445000529289;0.543816089630127
49;4;3;1.0880202201873193;0.7839206541033539;0.9931561946868896;0.989174485206604;0.28285542130470276;0.3079656958580017;0.40102219581604004;1.0817286968231201;-0.5291706919670105;0.9434980750083923
50;4;1;2.8113247276688025;0.8069874719986752;0.9927536249160767;0.9901770353317261;0.26393240690231323;0.2888575792312622;0.08746390044689178;0.9855747818946838;-0.015432282350957394;0.6435593366622925
50;4;2;1.2668652006391898;0.7850104012535399;0.9927536249160767;0.9901770353317261;0.26393240690231323;0.2888575792312622;-0.25599682331085205;0.7171046733856201;-0.02725839614868164;0.5569908618927002
50;4;3;1.0955218023337032;0.7960890326804906;0.9927536249160767;0.9901770353317261;0.26393240690231323;0.2888575792312622;0.41592997312545776;1.1184121370315552;-0.5600814819335938;0.9872125387191772
51;4;1;2.8379220013853885;0.7946692604424914;0.9927536249160767;0.9907151460647583;0.2477361559867859;0.2715291976928711;0.0944444090127945;1.0072808265686035;-0.002779114292934537;0.6572369933128357
51;4;2;1.3056681535811787;0.7815643252962707;0.9927536249160767;0.9907151460647583;0.2477361559867859;0.2715291976928711;-0.26261451840400696;0.7374325394630432;-0.017658352851867676;0.5722239017486572
51;4;3;1.0677666928908414;0.8036490030128611;0.9927536249160767;0.9907151460647583;0.2477361559867859;0.2715291976928711;0.4305090606212616;1.1544835567474365;-0.5921758413314819;1.0326008796691895
52;4;1;2.859134693886518;0.8000938324153868;0.9927535653114319;0.9910413026809692;0.23435302078723907;0.2560616433620453;0.10091636329889297;1.0280359983444214;0.00882882159203291;0.6717390418052673
52;4;2;1.289386419186867;0.7793199282726864;0.9927535653114319;0.9910413026809692;0.23435302078723907;0.2560616433620453;-0.26867496967315674;0.7572320103645325;-0.00737425684928894;0.5884324312210083
52;4;3;1.0414272503834203;0.8101091407006078;0.9927535653114319;0.9910413026809692;0.23435302078723907;0.2560616433620453;0.4446147680282593;1.1895965337753296;-0.6255510449409485;1.0798004865646362
53;4;1;2.831045622549107;0.7993964346735583;0.9923511147499084;0.9913277626037598;0.22308315336704254;0.24252478778362274;0.10667734593153;1.048197865486145;0.019730953499674797;0.6854681968688965
53;4;2;1.3091723640230661;0.7780478489563647;0.9923511147499084;0.9913277626037598;0.22308315336704254;0.24252478778362274;-0.2744843661785126;0.7762945294380188;0.0025236904621124268;0.6037718057632446
53;4;3;0.9769614088188705;0.8069569053045051;0.9923511147499084;0.9913277626037598;0.22308315336704254;0.24252478778362274;0.4580737054347992;1.2233328819274902;-0.6604400873184204;1.1291409730911255
54;4;1;2.852604379299297;0.8012818858367323;0.9927536249160767;0.9913968443870544;0.21358326077461243;0.23083797097206116;0.11165173351764679;1.068124532699585;0.03027336671948433;0.6969481706619263
54;4;2;1.335108124926525;0.783721364548756;0.9927536249160767;0.9913968443870544;0.21358326077461243;0.23083797097206116;-0.28038325905799866;0.7944490313529968;0.011102011427283287;0.6166703701019287
54;4;3;0.9417360277730111;0.8031742470477243;0.9927536249160767;0.9913968443870544;0.21358326077461243;0.23083797097206116;0.47075599431991577;1.255377173423767;-0.6969248652458191;1.1807383298873901
55;4;1;2.8254281295746413;0.7921898679719996;0.9935587644577026;0.9915302395820618;0.2041640281677246;0.21981878578662872;0.11597567051649094;1.0877400636672974;0.040630169212818146;0.7061614394187927
55;4;2;1.3305739795318097;0.7769077903444801;0.9935587644577026;0.9915302395820618;0.2041640281677246;0.21981878578662872;-0.2863355278968811;0.8116742372512817;0.018370281904935837;0.6271356344223022
55;4;3;0.9220162159307037;0.8073284148711279;0.9935587644577026;0.9915302395820618;0.2041640281677246;0.21981878578662872;0.48264169692993164;1.2856776714324951;-0.7347096800804138;1.234174132347107
56;4;1;2.8180899041511775;0.7867296584139325;0.9935587644577026;0.9910682439804077;0.19397078454494476;0.20915019512176514;0.11979112774133682;1.1067588329315186;0.05061895772814751;0.7140579223632812
56;4;2;1.3232411152053114;0.7823488589066594;0.9935587644577026;0.9910682439804077;0.19397078454494476;0.20915019512176514;-0.2921198606491089;0.8280659914016724;0.024876952171325684;0.6361265778541565
56;4;3;0.904641108366592;0.8021642622190952;0.9935587644577026;0.9910682439804077;0.19397078454494476;0.20915019512176514;0.49380752444267273;1.3144152164459229;-0.7731832265853882;1.2885838747024536
57;4;1;2.814931832524941;0.7894448400909404;0.9939613342285156;0.9913202524185181;0.18497562408447266;0.1995358020067215;0.1232241615653038;1.124620795249939;0.059670355170965195;0.7224838137626648
57;4;2;1.2989087930886836;0.7881362825078666;0.9939613342285156;0.9913202524185181;0.18497562408447266;0.1995358020067215;-0.29728183150291443;0.8437740206718445;0.03161665052175522;0.6454054117202759
57;4;3;0.9021776898466518;0.8043472475599667;0.9939613342285156;0.9913202524185181;0.18497562408447266;0.1995358020067215;0.5043681263923645;1.3418598175048828;-0.8116276264190674;1.3429524898529053
58;4;1;2.799479832343348;0.777268155270284;0.9939613342285156;0.9914044141769409;0.1775677651166916;0.19129598140716553;0.12640409171581268;1.1409269571304321;0.06736859679222107;0.7326852083206177
58;4;2;1.3114733980156732;0.791314216724432;0.9939613342285156;0.9914044141769409;0.1775677651166916;0.19129598140716553;-0.301531046628952;0.8588680624961853;0.03925172612071037;0.6561588048934937
58;4;3;0.8894031401807316;0.7948546973924289;0.9939613342285156;0.9914044141769409;0.1775677651166916;0.19129598140716553;0.5143917798995972;1.368164300918579;-0.8495517373085022;1.3965853452682495
59;4;1;2.80455422839616;0.7819410716849742;0.9943639039993286;0.9914807677268982;0.17152710258960724;0.18360751867294312;0.12944714725017548;1.1558727025985718;0.07405335456132889;0.7439903616905212
59;4;2;1.322930224171329;0.7909832654421347;0.9943639039993286;0.9914807677268982;0.17152710258960724;0.18360751867294312;-0.30503010749816895;0.8733038306236267;0.04743319749832153;0.6677832007408142
59;4;3;0.8915209163150664;0.8031921688416057;0.9943639039993286;0.9914807677268982;0.17152710258960724;0.18360751867294312;0.5238571763038635;1.3932631015777588;-0.8868789672851562;1.4493739604949951
60;4;1;2.788574277667937;0.7723459477031875;0.9939613342285156;0.9915227890014648;0.166925311088562;0.17660655081272125;0.13241241872310638;1.1699776649475098;0.08047401160001755;0.7546471357345581
60;4;2;1.3343505078613376;0.7867799423482227;0.9939613342285156;0.9915227890014648;0.166925311088562;0.17660655081272125;-0.308237761259079;0.8869500160217285;0.05524946376681328;0.6787394285202026
60;4;3;0.8925126270127768;0.7991274471800061;0.9939613342285156;0.9915227890014648;0.166925311088562;0.17660655081272125;0.53268963098526;1.4169608354568481;-0.9237927794456482;1.5015778541564941
61;4;1;2.777295712746386;0.7730917834349649;0.9939613342285156;0.9915647506713867;0.16367694735527039;0.17054766416549683;0.135335311293602;1.1837596893310547;0.08744838088750839;0.7629751563072205
61;4;2;1.3421692597455008;0.7871592041653157;0.9939613342285156;0.9915647506713867;0.16367694735527039;0.17054766416549683;-0.3115876019001007;0.8997042179107666;0.06190299242734909;0.6876669526100159
61;4;3;0.8887433722379203;0.8107960594825281;0.9939613342285156;0.9915647506713867;0.16367694735527039;0.17054766416549683;0.5408361554145813;1.4391132593154907;-0.9604259133338928;1.5533850193023682
62;4;1;2.791341834794059;0.7710000572924454;0.9939613342285156;0.9916561245918274;0.16064994037151337;0.16483837366104126;0.13817940652370453;1.1971981525421143;0.09491945058107376;0.7691484093666077
62;4;2;1.3462462745239057;0.7859424595041888;0.9939613342285156;0.9916561245918274;0.16064994037151337;0.16483837366104126;-0.3150857090950012;0.9115854501724243;0.06749438494443893;0.6947644352912903
62;4;3;0.885070522437867;0.8065366686634485;0.9939613342285156;0.9916561245918274;0.16064994037151337;0.16483837366104126;0.548329770565033;1.4597835540771484;-0.9966152310371399;1.6045644283294678
63;4;1;2.8000800564402644;0.7710349976038566;0.9935587644577026;0.9918215870857239;0.15720193088054657;0.15941393375396729;0.1408473253250122;1.209871768951416;0.10225194692611694;0.7747771143913269
63;4;2;1.355908836469962;0.7855636410863878;0.9935587644577026;0.9918215870857239;0.15720193088054657;0.15941393375396729;-0.318379282951355;0.9227246642112732;0.07278632372617722;0.7013645172119141
63;4;3;0.8706908848104025;0.8017527258149841;0.9935587644577026;0.9918215870857239;0.15720193088054657;0.15941393375396729;0.555273175239563;1.479200839996338;-1.0319658517837524;1.6545575857162476
64;4;1;2.797190993011169;0.7662604135352806;0.9927536249160767;0.9919598698616028;0.15420901775360107;0.15491187572479248;0.14317689836025238;1.2213656902313232;0.10868171602487564;0.7815002202987671
64;4;2;1.369256111847375;0.7816977418710369;0.9927536249160767;0.9919598698616028;0.15420901775360107;0.15491187572479248;-0.32110074162483215;0.9332539439201355;0.07854082435369492;0.7087809443473816
64;4;3;0.8611881021904333;0.8013853038993433;0.9927536249160767;0.9919598698616028;0.15420901775360107;0.15491187572479248;0.5617655515670776;1.4975866079330444;-1.0661189556121826;1.702857494354248
65;4;1;2.820731817425841;0.7587148718901053;0.9923510551452637;0.9914117455482483;0.151814803481102;0.15074175596237183;0.14509204030036926;1.2318124771118164;0.11478569358587265;0.7890675067901611
65;4;2;1.3776711151756844;0.7786616870471321;0.9923510551452637;0.9914117455482483;0.151814803481102;0.15074175596237183;-0.323339581489563;0.9432061910629272;0.08468228578567505;0.7168892025947571
65;4;3;0.8491674107711207;0.799504065432771;0.9923510551452637;0.9914117455482483;0.151814803481102;0.15074175596237183;0.5678430199623108;1.5150156021118164;-1.0989865064620972;1.74933922290802
66;4;1;2.816925897209842;0.7652933604743728;0.9923510551452637;0.9915944337844849;0.14958932995796204;0.1467939019203186;0.1464938372373581;1.2413997650146484;0.1206553503870964;0.7970199584960938
66;4;2;1.3758950616719474;0.7842714424823263;0.9923510551452637;0.9915944337844849;0.14958932995796204;0.1467939019203186;-0.32522767782211304;0.9525735974311829;0.09095782041549683;0.7252467274665833
66;4;3;0.8460944342782204;0.8081551842449719;0.9923510551452637;0.9915944337844849;0.14958932995796204;0.1467939019203186;0.5735012888908386;1.5314693450927734;-1.1306543350219727;1.7941242456436157
67;4;1;2.8128035652826995;0.7651402364175679;0.9923510551452637;0.9916783571243286;0.1472969651222229;0.1432301253080368;0.14741745591163635;1.250438928604126;0.12663938105106354;0.8044198155403137
67;4;2;1.4160044510794494;0.7847976871263045;0.9923510551452637;0.9916783571243286;0.1472969651222229;0.1432301253080368;-0.3269749581813812;0.9613379836082458;0.09690316021442413;0.7330329418182373
67;4;3;0.8326794036530929;0.8089874450838681;0.9923510551452637;0.9916783571243286;0.1472969651222229;0.1432301253080368;0.5787171721458435;1.5468881130218506;-1.1612869501113892;1.8374452590942383
68;4;1;2.8137810978899402;0.7665422815571787;0.9923510551452637;0.9917868971824646;0.14451169967651367;0.14007137715816498;0.14791619777679443;1.2591522932052612;0.1328182965517044;0.8106663227081299
68;4;2;1.4139443816135264;0.7860609261382234;0.9923510551452637;0.9917868971824646;0.14451169967651367;0.14007137715816498;-0.32871946692466736;0.9695050716400146;0.10223717987537384;0.7397201061248779
68;4;3;0.8298364262741229;0.8100006382036304;0.9923510551452637;0.9917868971824646;0.14451169967651367;0.14007137715816498;0.5834864974021912;1.5612579584121704;-1.190982460975647;1.8794411420822144
69;4;1;2.8237650393517058;0.7729269231742357;0.9927536249160767;0.9919252395629883;0.1409638226032257;0.13716137409210205;0.1480693519115448;1.2675098180770874;0.13895981013774872;0.8160037398338318
69;4;2;1.4193008867251198;0.7859024687263223;0.9927536249160767;0.9919252395629883;0.1409638226032257;0.13716137409210205;-0.3303939700126648;0.9771344065666199;0.1070655807852745;0.7454663515090942
69;4;3;0.828346484993264;0.817051377591302;0.9927536249160767;0.9919252395629883;0.1409638226032257;0.13716137409210205;0.5878439545631409;1.5746556520462036;-1.219704508781433;1.920060157775879
70;4;1;2.8414342762890854;0.7729549665132103;0.9927536249160767;0.9921129941940308;0.13697996735572815;0.1345112919807434;0.14798499643802643;1.2753190994262695;0.1446731984615326;0.8211944699287415
70;4;2;1.421910985733824;0.7924473586787255;0.9927536249160767;0.9921129941940308;0.13697996735572815;0.1345112919807434;-0.3318154811859131;0.9843107461929321;0.11172311753034592;0.7508594393730164
70;4;3;0.8237876299428901;0.8121307315527289;0.9927536249160767;0.9921129941940308;0.13697996735572815;0.1345112919807434;0.5918464660644531;1.5872083902359009;-1.2473410367965698;1.959144115447998
71;4;1;2.850048362037069;0.7728407588634063;0.9931561946868896;0.992206871509552;0.13326393067836761;0.13215291500091553;0.14788129925727844;1.282468318939209;0.1499296873807907;0.8266305327415466
71;4;2;1.4316697488358585;0.8030379472801279;0.9931561946868896;0.992206871509552;0.13326393067836761;0.13215291500091553;-0.33289599418640137;0.9910913109779358;0.1164078637957573;0.7562494277954102
71;4;3;0.824656000022487;0.8135399952759848;0.9931561946868896;0.992206871509552;0.13326393067836761;0.13215291500091553;0.5955379605293274;1.599013090133667;-1.2738299369812012;1.9966051578521729
72;4;1;2.8603502527063576;0.7720500289898062;0.9935587644577026;0.9922364950180054;0.13021710515022278;0.12996691465377808;0.1478247195482254;1.2890156507492065;0.15479379892349243;0.8321964740753174
72;4;2;1.429531012497332;0.805608529485295;0.9935587644577026;0.9922364950180054;0.13021710515022278;0.12996691465377808;-0.3336966931819916;0.9974887371063232;0.12107326835393906;0.7615699768066406
72;4;3;0.8235826406335756;0.8143487471331872;0.9935587644577026;0.9922364950180054;0.13021710515022278;0.12996691465377808;0.5989362597465515;1.610105276107788;-1.2992066144943237;2.0324931144714355
73;4;1;2.8504944597532695;0.7747726982642069;0.9935587644577026;0.9922611117362976;0.12785989046096802;0.12795370817184448;0.1478661745786667;1.2951380014419556;0.1596357673406601;0.8373338580131531
73;4;2;1.44312171152409;0.8052965589014285;0.9935587644577026;0.9922611117362976;0.12785989046096802;0.12795370817184448;-0.3343842923641205;1.003485083580017;0.12550048530101776;0.7664506435394287
73;4;3;0.8232901581599714;0.8143487471331872;0.9935587644577026;0.9922611117362976;0.12785989046096802;0.12795370817184448;0.6020395755767822;1.6204771995544434;-1.3235749006271362;2.066955089569092
74;4;1;2.846894238365188;0.7795451260328479;0.9939613342285156;0.9923402070999146;0.12605395913124084;0.12607230246067047;0.14797130227088928;1.3009425401687622;0.16475909948349;0.8417417407035828
74;4;2;1.4465049867118225;0.8003476815081956;0.9939613342285156;0.9923402070999146;0.12605395913124084;0.12607230246067047;-0.33507615327835083;1.0090701580047607;0.12957479059696198;0.7707029581069946
74;4;3;0.8243417853194561;0.816376698915886;0.9939613342285156;0.9923402070999146;0.12605395913124084;0.12607230246067047;0.604854166507721;1.6301394701004028;-1.3470120429992676;2.10010027885437
75;4;1;2.865245000746736;0.7838016143510638;0.9943639039993286;0.9930068254470825;0.12441881000995636;0.12432646006345749;0.14806024730205536;1.3062077760696411;0.1696893870830536;0.8462258577346802
75;4;2;1.450859301378733;0.7998607128568893;0.9943639039993286;0.9930068254470825;0.12441881000995636;0.12432646006345749;-0.3355720639228821;1.0142892599105835;0.13361793756484985;0.7748875021934509
75;4;3;0.8234559976528555;0.8178091391687321;0.9943639039993286;0.9930068254470825;0.12441881000995636;0.12432646006345749;0.607408344745636;1.6391544342041016;-1.3695180416107178;2.1319284439086914
76;4;1;2.8929874925965793;0.7862929094030688;0.9943639039993286;0.9930784702301025;0.12309539318084717;0.12271858006715775;0.14812906086444855;1.3109867572784424;0.1744520664215088;0.8507159948348999
76;4;2;1.4529361167149606;0.7994406633403601;0.9943639039993286;0.9930784702301025;0.12309539318084717;0.12271858006715775;-0.3359389305114746;1.0191471576690674;0.13760054111480713;0.7789584398269653
76;4;3;0.8239595391496168;0.8187613396355835;0.9943639039993286;0.9930784702301025;0.12309539318084717;0.12271858006715775;0.6097170114517212;1.6475551128387451;-1.3911372423171997;2.1625027656555176
77;4;1;2.889867054003714;0.7908024721905909;0.9943639039993286;0.9931599497795105;0.121852345764637;0.12128164619207382;0.1481705754995346;1.315371036529541;0.17910967767238617;0.8550146222114563
77;4;2;1.4578099237376332;0.7962038716660262;0.9943639039993286;0.9931599497795105;0.121852345764637;0.12128164619207382;-0.33625033497810364;1.0236499309539795;0.14145304262638092;0.7827621698379517
77;4;3;0.8221750313968164;0.8208689609488085;0.9943639039993286;0.9931599497795105;0.121852345764637;0.12128164619207382;0.6117886900901794;1.6553614139556885;-1.4119324684143066;2.191911458969116
78;4;1;2.884512449719719;0.7811459544798911;0.9947664737701416;0.9932414889335632;0.12046628445386887;0.11995825916528702;0.14817918837070465;1.319435477256775;0.18367139995098114;0.8589996695518494
78;4;2;1.4596273505713526;0.8000814322440513;0.9947664737701416;0.9932414889335632;0.12046628445386887;0.11995825916528702;-0.3365591764450073;1.0278114080429077;0.14512160420417786;0.7862038016319275
78;4;3;0.822254889614003;0.8204132198039655;0.9947664737701416;0.9932414889335632;0.12046628445386887;0.11995825916528702;0.6136355400085449;1.662604570388794;-1.4319486618041992;2.2202186584472656
79;4;1;2.893444344797773;0.7809260624718615;0.9947664737701416;0.993303120136261;0.11879624426364899;0.11870823055505753;0.1481708139181137;1.3231725692749023;0.18811897933483124;0.8628008961677551
79;4;2;1.471821654704219;0.7977238746252229;0.9947664737701416;0.993303120136261;0.11879624426364899;0.11870823055505753;-0.3368355631828308;1.031666874885559;0.14866217970848083;0.7893816828727722
79;4;3;0.8226848740192594;0.8213008539314939;0.9947664737701416;0.993303120136261;0.11879624426364899;0.11870823055505753;0.615280032157898;1.669339656829834;-1.4511946439743042;2.247436761856079
80;4;1;2.886072139943943;0.7768475834208157;0.9951690435409546;0.9933574795722961;0.11696523427963257;0.11752104014158249;0.14820532500743866;1.3265190124511719;0.19230790436267853;0.86672443151474
80;4;2;1.482588774950485;0.8031072974822573;0.9951690435409546;0.9933574795722961;0.11696523427963257;0.11752104014158249;-0.336996853351593;1.0352628231048584;0.15220114588737488;0.792510449886322
80;4;3;0.8230450873488522;0.8208085956448055;0.9951690435409546;0.9933574795722961;0.11696523427963257;0.11752104014158249;0.616748571395874;1.6756327152252197;-1.469661831855774;2.2735533714294434
81;4;1;2.8985447895296357;0.7762596159975592;0.9951690435409546;0.9934093952178955;0.11521352827548981;0.11642378568649292;0.1483020931482315;1.3294535875320435;0.19607199728488922;0.870941698551178
81;4;2;1.4793990053031738;0.8042769474654854;0.9951690435409546;0.9934093952178955;0.11521352827548981;0.11642378568649292;-0.33698102831840515;1.0386359691619873;0.15580889582633972;0.79570472240448
81;4;3;0.8198296351082828;0.8223442356116193;0.9951690435409546;0.9934093952178955;0.11521352827548981;0.11642378568649292;0.6180577278137207;1.681528091430664;-1.4873706102371216;2.2985973358154297
82;4;1;2.88965906437236;0.7755259938696426;0.9947664737701416;0.9934711456298828;0.11376931518316269;0.11542237550020218;0.14846526086330414;1.3321259021759033;0.19947300851345062;0.875062108039856
82;4;2;1.4791275430691933;0.8051959069485819;0.9947664737701416;0.9934711456298828;0.11376931518316269;0.11542237550020218;-0.33687013387680054;1.0417931079864502;0.15933221578598022;0.7986875772476196
82;4;3;0.8199818074426233;0.8237329269231397;0.9947664737701416;0.9934711456298828;0.11376931518316269;0.11542237550020218;0.6192046999931335;1.6870272159576416;-1.5043988227844238;2.322678804397583
83;4;1;2.8837909641850548;0.7784534671421062;0.9947664737701416;0.993480920791626;0.11258518695831299;0.11452443897724152;0.14869894087314606;1.3346885442733765;0.20262573659420013;0.8786526918411255
83;4;2;1.4960527848861345;0.8058423975292412;0.9947664737701416;0.993480920791626;0.11258518695831299;0.11452443897724152;-0.33675989508628845;1.0447325706481934;0.16260318458080292;0.8011648654937744
83;4;3;0.8205646293032736;0.8229228519233167;0.9947664737701416;0.993480920791626;0.11258518695831299;0.11452443897724152;0.6201825141906738;1.6921210289001465;-1.5208333730697632;2.3459208011627197
84;4;1;2.89155892681209;0.7790394373631342;0.9947664737701416;0.9935106039047241;0.11154767870903015;0.11370722949504852;0.14898155629634857;1.3371936082839966;0.2055286020040512;0.881615400314331
84;4;2;1.5015531673209974;0.8044192743830698;0.9947664737701416;0.9935106039047241;0.11154767870903015;0.11370722949504852;-0.3366694450378418;1.0474660396575928;0.16558866202831268;0.803081750869751
84;4;3;0.813966131321755;0.8219865816454457;0.9947664737701416;0.9935106039047241;0.11154767870903015;0.11370722949504852;0.6209965944290161;1.6968255043029785;-1.536720633506775;2.3683886528015137
85;4;1;2.8927107707733377;0.7814387611830957;0.9947664737701416;0.9935698509216309;0.11060453206300735;0.1129046231508255;0.14941726624965668;1.3395934104919434;0.20800510048866272;0.8841785788536072
85;4;2;1.5184564454141523;0.8036203709175571;0.9947664737701416;0.9935698509216309;0.11060453206300735;0.1129046231508255;-0.3365618884563446;1.0500211715698242;0.168365478515625;0.8045758008956909
85;4;3;0.8210806220218405;0.8218652136125117;0.9947664737701416;0.9935698509216309;0.11060453206300735;0.1129046231508255;0.6216666102409363;1.7011862993240356;-1.5520607233047485;2.390082836151123
86;4;1;2.891809815433575;0.7781517439250756;0.9947664737701416;0.9936464428901672;0.10993676632642746;0.11213860660791397;0.1500537246465683;1.3418267965316772;0.21021385490894318;0.8865363597869873
86;4;2;1.516141825010668;0.8055468874997365;0.9947664737701416;0.9936464428901672;0.10993676632642746;0.11213860660791397;-0.33638888597488403;1.0524271726608276;0.1710389107465744;0.80583655834198
86;4;3;0.8211278739525065;0.8223890575285895;0.9947664737701416;0.9936464428901672;0.10993676632642746;0.11213860660791397;0.6222164630889893;1.7052561044692993;-1.5668388605117798;2.410982370376587
87;4;1;2.9013917696328058;0.789806636036749;0.9947664737701416;0.9936859011650085;0.10956607758998871;0.11144085973501205;0.1508866399526596;1.3438374996185303;0.21216557919979095;0.8889169692993164
87;4;2;1.5415850099122732;0.8059646648893977;0.9947664737701416;0.9936859011650085;0.10956607758998871;0.11144085973501205;-0.336108535528183;1.054707646369934;0.17370831966400146;0.8070335388183594
87;4;3;0.8205918952015017;0.823237916294711;0.9947664737701416;0.9936859011650085;0.10956607758998871;0.11144085973501205;0.6226670742034912;1.7090797424316406;-1.5810469388961792;2.4310755729675293
88;4;1;2.8917003521544657;0.7955920043691513;0.9947664737701416;0.9937427043914795;0.10949429869651794;0.11077772825956345;0.15186859667301178;1.345636248588562;0.21388590335845947;0.891350507736206
88;4;2;1.5538616630606779;0.8060748746774284;0.9947664737701416;0.9937427043914795;0.10949429869651794;0.11077772825956345;-0.3357369005680084;1.056869387626648;0.1763840615749359;0.808191180229187
88;4;3;0.817949277365515;0.823822256184561;0.9947664737701416;0.9937427043914795;0.10949429869651794;0.11077772825956345;0.6230298280715942;1.7126799821853638;-1.594704270362854;2.450389862060547
89;4;1;2.899677948699458;0.7921517652785584;0.9947664737701416;0.9937673807144165;0.10960747301578522;0.1101641058921814;0.15295730531215668;1.3472658395767212;0.21546976268291473;0.8937329649925232
89;4;2;1.5623074334573754;0.8063123868416548;0.9947664737701416;0.9937673807144165;0.10960747301578522;0.1101641058921814;-0.3353235423564911;1.05890691280365;0.17902207374572754;0.8092426657676697
89;4;3;0.8155834753978413;0.8244368536385274;0.9947664737701416;0.9937673807144165;0.10960747301578522;0.1101641058921814;0.6233075261116028;1.7160611152648926;-1.6078522205352783;2.4689838886260986
90;4;1;2.8940086743994735;0.7922764348305016;0.9947664737701416;0.9938316345214844;0.1096847876906395;0.10959647595882416;0.15409469604492188;1.3487703800201416;0.21705582737922668;0.8959484100341797
90;4;2;1.5778363799472332;0.8060313859525929;0.9947664737701416;0.9938316345214844;0.1096847876906395;0.10959647595882416;-0.3349030315876007;1.0608192682266235;0.18158459663391113;0.8101280331611633
90;4;3;0.8178891148185476;0.8277220597458088;0.9947664737701416;0.9938316345214844;0.1096847876906395;0.10959647595882416;0.6235028505325317;1.7192277908325195;-1.6205294132232666;2.486912250518799
91;4;1;2.8848927750537587;0.7917219754857525;0.9947664737701416;0.9938760995864868;0.10963737219572067;0.10906542092561722;0.15524780750274658;1.3501439094543457;0.21862001717090607;0.8980663418769836
91;4;2;1.5839247564958816;0.807354807023632;0.9947664737701416;0.9938760995864868;0.10963737219572067;0.10906542092561722;-0.3344627916812897;1.0626167058944702;0.18409591913223267;0.8109016418457031
91;4;3;0.8178891148185476;0.8277220597458088;0.9947664737701416;0.9938760995864868;0.10963737219572067;0.10906542092561722;0.623624324798584;1.7221993207931519;-1.632752537727356;2.5041983127593994
92;4;1;2.8827706977049044;0.791129918111042;0.9947664737701416;0.9939155578613281;0.10947150737047195;0.10856541991233826;0.1564130038022995;1.3513771295547485;0.2200329303741455;0.9001973867416382
92;4;2;1.6019654497204048;0.8125166172042189;0.9947664737701416;0.9939155578613281;0.10947150737047195;0.10856541991233826;-0.33397746086120605;1.0643160343170166;0.18659448623657227;0.8116346001625061
92;4;3;0.8178891148185476;0.8277220597458088;0.9947664737701416;0.9939155578613281;0.10947150737047195;0.10856541991233826;0.6236833930015564;1.7250021696090698;-1.6445273160934448;2.520850419998169
93;4;1;2.882539739885397;0.7906625802451686;0.9947665333747864;0.9939377903938293;0.10925756394863129;0.10811476409435272;0.15758416056632996;1.3524872064590454;0.22129952907562256;0.9023362398147583
93;4;2;1.612022703534607;0.814054654583023;0.9947665333747864;0.9939377903938293;0.10925756394863129;0.10811476409435272;-0.33343425393104553;1.0659343004226685;0.18909063935279846;0.8123279809951782
93;4;3;0.8154877258729849;0.8286873709335474;0.9947665333747864;0.9939377903938293;0.10925756394863129;0.10811476409435272;0.623687744140625;1.7276554107666016;-1.6558669805526733;2.5368871688842773
94;4;1;2.897434338591659;0.7880126617811936;0.9947664737701416;0.9940192699432373;0.10909717530012131;0.10770279169082642;0.15875160694122314;1.353489875793457;0.22244732081890106;0.904455840587616
94;4;2;1.6354925977478647;0.813223828205714;0.9947664737701416;0.9940192699432373;0.10909717530012131;0.10770279169082642;-0.33283206820487976;1.0674787759780884;0.19157707691192627;0.8129761815071106
94;4;3;0.8144843362748739;0.8289558605186449;0.9947664737701416;0.9940192699432373;0.10909717530012131;0.10770279169082642;0.6236404776573181;1.7301690578460693;-1.6667957305908203;2.552342653274536
95;4;1;2.894135272465256;0.7821433709335217;0.9947664737701416;0.9940168261528015;0.10904807597398758;0.10732557624578476;0.1599128544330597;1.3544336557388306;0.2235272228717804;0.906423032283783
95;4;2;1.661377358008206;0.8146827059738002;0.9947664737701416;0.9940168261528015;0.10904807597398758;0.10732557624578476;-0.3321946859359741;1.0689529180526733;0.1940089762210846;0.813496470451355
95;4;3;0.8121884049747319;0.8340084555719338;0.9947664737701416;0.9940168261528015;0.10904807597398758;0.10732557624578476;0.6235403418540955;1.732544183731079;-1.6773468255996704;2.5672643184661865
96;4;1;2.89843177410022;0.7868639521304956;0.9947664737701416;0.9940711855888367;0.10907918959856033;0.10697899758815765;0.16105805337429047;1.355351448059082;0.2245650291442871;0.9081587791442871
96;4;2;1.6891012512689354;0.8162964720259298;0.9947664737701416;0.9940711855888367;0.10907918959856033;0.10697899758815765;-0.33153727650642395;1.0703599452972412;0.19636213779449463;0.8138366341590881
96;4;3;0.8138717251966314;0.8338575828914969;0.9947664737701416;0.9940711855888367;0.10907918959856033;0.10697899758815765;0.6233870983123779;1.7347841262817383;-1.6875488758087158;2.5816919803619385
97;4;1;2.9054983662420506;0.7889121321415047;0.9947664737701416;0.9940711259841919;0.1091589704155922;0.10664860159158707;0.16217084228992462;1.3562418222427368;0.2255556583404541;0.9096921682357788
97;4;2;1.704678934827971;0.8164100561929764;0.9947664737701416;0.9940711259841919;0.1091589704155922;0.10664860159158707;-0.3308621346950531;1.0717034339904785;0.19863586127758026;0.8140290379524231
97;4;3;0.8138717251966314;0.8338575828914969;0.9947664737701416;0.9940711259841919;0.1091589704155922;0.10664860159158707;0.6231845617294312;1.7368998527526855;-1.69741690158844;2.5956475734710693
98;4;1;2.9116203599297306;0.7896074341696426;0.9947664737701416;0.9940884113311768;0.10926719754934311;0.10633643716573715;0.16323557496070862;1.35708749294281;0.22647535800933838;0.9111098051071167
98;4;2;1.7065626023164668;0.8163969316911852;0.9947664737701416;0.9940884113311768;0.10926719754934311;0.10633643716573715;-0.3301616311073303;1.072988748550415;0.20085594058036804;0.8141368627548218
98;4;3;0.8139437604103898;0.8342703818493549;0.9947664737701416;0.9940884113311768;0.10926719754934311;0.10633643716573715;0.6229391098022461;1.7389073371887207;-1.7069571018218994;2.6091394424438477
99;4;1;2.906933022062713;0.7909862342556586;0.9947664737701416;0.9941279292106628;0.10939116030931473;0.10604497790336609;0.1642334908246994;1.357863187789917;0.22730885446071625;0.9125088453292847
99;4;2;1.7250748928021142;0.8164813339924559;0.9947664737701416;0.9941279292106628;0.10939116030931473;0.10604497790336609;-0.3294353485107422;1.0742162466049194;0.20303094387054443;0.8142487406730652
99;4;3;0.8138331763691227;0.8336778719991949;0.9947664737701416;0.9941279292106628;0.10939116030931473;0.10604497790336609;0.6226570010185242;1.7408208847045898;-1.71617591381073;2.6221768856048584
100;4;1;2.9188823588373785;0.7923070233910172;0.9947664737701416;0.9940835237503052;0.10952851921319962;0.10577862709760666;0.16514484584331512;1.35856032371521;0.22806227207183838;0.9139288663864136
100;4;2;1.7407059167472774;0.820366632333061;0.9947664737701416;0.9940835237503052;0.10952851921319962;0.10577862709760666;-0.3286924660205841;1.075382947921753;0.2051633596420288;0.8143972754478455
100;4;3;0.8147392695075757;0.8343026335206805;0.9947664737701416;0.9940835237503052;0.10952851921319962;0.10577862709760666;0.6223405599594116;1.7426457405090332;-1.7250895500183105;2.634782552719116
101;4;1;2.913817750939116;0.7931134732770246;0.9947664737701416;0.9940637350082397;0.10961774736642838;0.10553307086229324;0.16595707833766937;1.3592071533203125;0.22878678143024445;0.9152877926826477
101;4;2;1.7548205954402567;0.8134111412756853;0.9947664737701416;0.9940637350082397;0.10961774736642838;0.10553307086229324;-0.3279682993888855;1.0764830112457275;0.20721064507961273;0.8145330548286438
101;4;3;0.8152076807586006;0.833650637830156;0.9947664737701416;0.9940637350082397;0.10961774736642838;0.10553307086229324;0.6219887137413025;1.7443795204162598;-1.7337231636047363;2.6469924449920654
102;4;1;2.914718798264855;0.7935270794785021;0.9947664737701416;0.9940390586853027;0.10954495519399643;0.10530265420675278;0.16667255759239197;1.3598154783248901;0.2295076698064804;0.9165542721748352
102;4;2;1.7762480975849142;0.8133277058489958;0.9947664737701416;0.9940390586853027;0.10954495519399643;0.10530265420675278;-0.3272784650325775;1.0775151252746582;0.20915751159191132;0.814636766910553
102;4;3;0.8162916820035644;0.8341107335704963;0.9947664737701416;0.9940390586853027;0.10954495519399643;0.10530265420675278;0.6216020584106445;1.7460238933563232;-1.7420958280563354;2.6588330268859863
103;4;1;2.9132133383339722;0.7906396016067809;0.9947664737701416;0.9937822222709656;0.10927963256835938;0.10509216785430908;0.16728700697422028;1.3603802919387817;0.23027396202087402;0.9177494645118713
103;4;2;1.7989655311916701;0.8137252785668183;0.9947664737701416;0.9937822222709656;0.10927963256835938;0.10509216785430908;-0.32662805914878845;1.0784814357757568;0.21100828051567078;0.8147381544113159
103;4;3;0.8201517393846007;0.8354948948939307;0.9947664737701416;0.9937822222709656;0.10927963256835938;0.10509216785430908;0.6211850643157959;1.7475881576538086;-1.750214695930481;2.6703150272369385
104;4;1;2.9084650310613185;0.7908757794938257;0.9947665333747864;0.9938069581985474;0.10879985243082047;0.10486972332000732;0.16782072186470032;1.360878348350525;0.231046661734581;0.9189741611480713
104;4;2;1.7926902166348482;0.8142170600758192;0.9947665333747864;0.9938069581985474;0.10879985243082047;0.10486972332000732;-0.3259650468826294;1.0794031620025635;0.21284310519695282;0.8148736953735352
104;4;3;0.8198473237202046;0.8347165517884465;0.9947665333747864;0.9938069581985474;0.10879985243082047;0.10486972332000732;0.6207450032234192;1.7490893602371216;-1.7580777406692505;2.6814348697662354
105;4;1;2.9031276527768153;0.7904457590138962;0.9947665333747864;0.993811845779419;0.10824950039386749;0.10465168952941895;0.16829334199428558;1.3612959384918213;0.23179292678833008;0.9202876687049866
105;4;2;1.8007080725346771;0.8152293776453354;0.9947665333747864;0.993811845779419;0.10824950039386749;0.10465168952941895;-0.3252723217010498;1.0802884101867676;0.214680477976799;0.8150858283042908
105;4;3;0.8178092209450254;0.8358341839907943;0.9947665333747864;0.993811845779419;0.10824950039386749;0.10465168952941895;0.6202859878540039;1.7505390644073486;-1.7656886577606201;2.6921985149383545
106;4;1;2.9071253677017035;0.7898370201351881;0.9947665333747864;0.9938316345214844;0.10771114379167557;0.10444461554288864;0.16872301697731018;1.3616498708724976;0.23252442479133606;0.9216406345367432
106;4;2;1.8198186287733886;0.8152019750164698;0.9947665333747864;0.9938316345214844;0.10771114379167557;0.10444461554288864;-0.3245585560798645;1.081138253211975;0.21650442481040955;0.8153417110443115
106;4;3;0.8178092209450254;0.8358341839907943;0.9947665333747864;0.9938316345214844;0.10771114379167557;0.10444461554288864;0.6198062300682068;1.7519373893737793;-1.7730659246444702;2.7026314735412598
107;4;1;2.911230928447189;0.7890948784018645;0.9947665333747864;0.993826687335968;0.10722318291664124;0.1042482852935791;0.16912341117858887;1.3619779348373413;0.2332756072282791;0.9229097962379456
107;4;2;1.8297112516591643;0.8171450216521565;0.9947665333747864;0.993826687335968;0.10722318291664124;0.1042482852935791;-0.3238668739795685;1.0819438695907593;0.21825382113456726;0.8155702948570251
107;4;3;0.8177574609706655;0.8365037039218783;0.9947665333747864;0.993826687335968;0.10722318291664124;0.1042482852935791;0.619300127029419;1.7532768249511719;-1.7802363634109497;2.7127718925476074
108;4;1;2.911999842577125;0.7891807188020508;0.9947665333747864;0.993826687335968;0.10674712806940079;0.10406424850225449;0.1695057451725006;1.3622984886169434;0.23406782746315002;0.9240376353263855
108;4;2;1.8369075883583141;0.8173121828561638;0.9947665333747864;0.993826687335968;0.10674712806940079;0.10406424850225449;-0.32319730520248413;1.0827083587646484;0.21992409229278564;0.8157222270965576
108;4;3;0.815458863037021;0.8365447693861312;0.9947665333747864;0.993826687335968;0.10674712806940079;0.10406424850225449;0.6187644600868225;1.7545541524887085;-1.7872200012207031;2.7226483821868896
109;4;1;2.911754278282392;0.7885109011736846;0.9947665333747864;0.9938167929649353;0.1062721386551857;0.10390672832727432;0.16991379857063293;1.3626105785369873;0.23466649651527405;0.9250871539115906
109;4;2;1.8530475706908476;0.8195720604189911;0.9947665333747864;0.9938167929649353;0.1062721386551857;0.10390672832727432;-0.32254740595817566;1.0834341049194336;0.22151970863342285;0.8158133625984192
109;4;3;0.8150637690687299;0.8363291918607954;0.9947665333747864;0.9938167929649353;0.1062721386551857;0.10390672832727432;0.6182006001472473;1.7557746171951294;-1.7940239906311035;2.7322704792022705
110;4;1;2.9113935973289315;0.7876318732993717;0.9947665333747864;0.9938267469406128;0.10581609606742859;0.1037575975060463;0.17034947872161865;1.3629146814346313;0.2350938618183136;0.9260566234588623
110;4;2;1.8692867909778572;0.8198559660983911;0.9947665333747864;0.9938267469406128;0.10581609606742859;0.1037575975060463;-0.32191529870033264;1.0841238498687744;0.22304415702819824;0.8158444166183472
110;4;3;0.8150637690687299;0.8363291918607954;0.9947665333747864;0.9938267469406128;0.10581609606742859;0.1037575975060463;0.6176092624664307;1.7569410800933838;-1.8006571531295776;2.7416512966156006
111;4;1;2.915585073012073;0.7899282072051506;0.9947665333747864;0.9938316345214844;0.1053832396864891;0.10360560566186905;0.17081689834594727;1.363213300704956;0.23537690937519073;0.9269356727600098
111;4;2;1.8712634694905121;0.8189814990644155;0.9947665333747864;0.9938316345214844;0.1053832396864891;0.10360560566186905;-0.3213062584400177;1.0847774744033813;0.2244909256696701;0.8158138394355774
111;4;3;0.8150637690687299;0.8363291918607954;0.9947665333747864;0.9938316345214844;0.1053832396864891;0.10360560566186905;0.6169909834861755;1.758055567741394;-1.8071290254592896;2.7508039474487305
112;4;1;2.9188664634103887;0.785867389925059;0.9947665333747864;0.993836522102356;0.10495942085981369;0.10345344990491867;0.17132101953029633;1.3635120391845703;0.23554877936840057;0.9277058839797974
112;4;2;1.8778222644960962;0.8186945372818117;0.9947665333747864;0.993836522102356;0.10495942085981369;0.10345344990491867;-0.32072481513023376;1.0853965282440186;0.22585389018058777;0.8157140612602234
112;4;3;0.8167613372178488;0.8370919606490743;0.9947665333747864;0.993836522102356;0.10495942085981369;0.10345344990491867;0.6163468360900879;1.7591196298599243;-1.8134477138519287;2.759739875793457
113;4;1;2.9102199671671354;0.7834005214378976;0.9947665333747864;0.9938612580299377;0.10456117242574692;0.10330258309841156;0.17186377942562103;1.3638123273849487;0.235637828707695;0.9283660054206848
113;4;2;1.8850471873997474;0.8181654531222051;0.9947665333747864;0.9938612580299377;0.10456117242574692;0.10330258309841156;-0.3201683461666107;1.0859848260879517;0.22713825106620789;0.8155466914176941
113;4;3;0.8169168871112431;0.8372987523925788;0.9947665333747864;0.9938612580299377;0.10456117242574692;0.10330258309841156;0.6156797409057617;1.7601382732391357;-1.8196172714233398;2.768465042114258
114;4;1;2.903544460989158;0.781216077817044;0.9947665333747864;0.9938710927963257;0.10420997440814972;0.10315246134996414;0.17244474589824677;1.3640947341918945;0.2356504201889038;0.9289811849594116
114;4;2;1.8932927102443795;0.8160923155540925;0.9947665333747864;0.9938710927963257;0.10420997440814972;0.10315246134996414;-0.3196099102497101;1.086551308631897;0.22838793694972992;0.8153426051139832
114;4;3;0.8169168871112431;0.8372987523925788;0.9947665333747864;0.9938710927963257;0.10420997440814972;0.10315246134996414;0.6149944067001343;1.761118769645691;-1.8256371021270752;2.7769782543182373
115;4;1;2.9089557825920744;0.7856098839191317;0.9947664737701416;0.9938760995864868;0.10393782705068588;0.10301442444324493;0.17298071086406708;1.364363193511963;0.2353632003068924;0.9296556711196899
115;4;2;1.90319744005751;0.8170817009016349;0.9947664737701416;0.9938760995864868;0.10393782705068588;0.10301442444324493;-0.31904786825180054;1.087098240852356;0.2296110838651657;0.8151183724403381
115;4;3;0.8209469692537397;0.8366655156711187;0.9947664737701416;0.9938760995864868;0.10393782705068588;0.10301442444324493;0.6142939925193787;1.7620656490325928;-1.8315091133117676;2.785282611846924
116;4;1;2.913988365939831;0.7856098839191326;0.9947664737701416;0.9939007759094238;0.1037898138165474;0.10289356112480164;0.1734275072813034;1.3646403551101685;0.23507145047187805;0.9302571415901184
116;4;2;1.90122016409632;0.8184589543399694;0.9947664737701416;0.9939007759094238;0.1037898138165474;0.10289356112480164;-0.31849339604377747;1.08762526512146;0.23079268634319305;0.8148147463798523
116;4;3;0.8209469692537397;0.8366655156711187;0.9947664737701416;0.9939007759094238;0.1037898138165474;0.10289356112480164;0.6135758757591248;1.7629740238189697;-1.83724844455719;2.7933990955352783
117;4;1;2.9056710157779317;0.7865819815486956;0.9947664737701416;0.9939303398132324;0.10368793457746506;0.10277021676301956;0.17377890646457672;1.364926815032959;0.2347872257232666;0.9307840466499329
117;4;2;1.912809534823185;0.8248235042866061;0.9947664737701416;0.9939303398132324;0.10368793457746506;0.10277021676301956;-0.3179439902305603;1.088133692741394;0.23193252086639404;0.8144403696060181
117;4;3;0.8209469692537397;0.8366655156711187;0.9947664737701416;0.9939303398132324;0.10368793457746506;0.10277021676301956;0.6128402352333069;1.763845682144165;-1.8428605794906616;2.8013360500335693
118;4;1;2.9091520801114914;0.7867996916807032;0.9947664737701416;0.9939402341842651;0.10360308736562729;0.10264704376459122;0.1741042584180832;1.3651999235153198;0.23473022878170013;0.9312112927436829
118;4;2;1.9352918309153493;0.8250222386436592;0.9947664737701416;0.9939402341842651;0.10360308736562729;0.10264704376459122;-0.3173825144767761;1.0886287689208984;0.23305368423461914;0.8140397071838379
118;4;3;0.8163563061327377;0.8370919606490743;0.9947664737701416;0.9939402341842651;0.10360308736562729;0.10264704376459122;0.6120902895927429;1.764689326286316;-1.848342776298523;2.809088945388794
119;4;1;2.9082373895249436;0.7867996916807032;0.9951691627502441;0.9939501881599426;0.10347951948642731;0.10253985971212387;0.17438438534736633;1.3654338121414185;0.23484733700752258;0.9316520690917969
119;4;2;1.9477438999250154;0.824024142902319;0.9951691627502441;0.9939501881599426;0.10347951948642731;0.10253985971212387;-0.31678783893585205;1.0891172885894775;0.23418967425823212;0.8136945366859436
119;4;3;0.8174403073777006;0.8380502575179771;0.9951691627502441;0.9939501881599426;0.10347951948642731;0.10253985971212387;0.6113340854644775;1.765519618988037;-1.853682518005371;2.8166403770446777
120;4;1;2.9062977475000027;0.7870077849675905;0.9951691627502441;0.9939451813697815;0.10333030670881271;0.10243479907512665;0.17461279034614563;1.365596890449524;0.23508970439434052;0.9322223663330078
120;4;2;1.9653877155993147;0.8251522294505742;0.9951691627502441;0.9939451813697815;0.10333030670881271;0.10243479907512665;-0.3161381483078003;1.0896039009094238;0.23537826538085938;0.8134809732437134
120;4;3;0.8186564503794473;0.837321417542022;0.9951691627502441;0.9939451813697815;0.10333030670881271;0.10243479907512665;0.6105784177780151;1.7663474082946777;-1.8588719367980957;2.823979377746582
121;4;1;2.902683465583891;0.7868931877983147;0.9951691627502441;0.9939254522323608;0.10318062454462051;0.10232819616794586;0.1747923493385315;1.36569344997406;0.23545591533184052;0.9329069256782532
121;4;2;1.9743145802572348;0.827880391270845;0.9951691627502441;0.9939254522323608;0.10318062454462051;0.10232819616794586;-0.3154619336128235;1.0900790691375732;0.23659062385559082;0.8133988976478577
121;4;3;0.8207420580945426;0.837321417542022;0.9951691627502441;0.9939254522323608;0.10318062454462051;0.10232819616794586;0.6098238825798035;1.7671693563461304;-1.8639200925827026;2.8311188220977783
122;4;1;2.905594727379034;0.7870943321388557;0.9951691627502441;0.9939155578613281;0.10299230366945267;0.10223715007305145;0.17489396035671234;1.365764856338501;0.23552778363227844;0.9337256550788879
122;4;2;1.9711850229776706;0.8302205301047803;0.9951691627502441;0.9939155578613281;0.10299230366945267;0.10223715007305145;-0.31479698419570923;1.0905331373214722;0.23777756094932556;0.8133761286735535
122;4;3;0.8242829956293161;0.8366264233741139;0.9951691627502441;0.9939155578613281;0.10299230366945267;0.10223715007305145;0.6090666651725769;1.7679736614227295;-1.8688467741012573;2.8380861282348633
123;4;1;2.9046247605063833;0.7870943321388557;0.9951691627502441;0.9939106106758118;0.10276280343532562;0.10214201360940933;0.17494319379329681;1.3658733367919922;0.23542869091033936;0.9344414472579956
123;4;2;1.9784838919250243;0.8298720295680506;0.9951691627502441;0.9939106106758118;0.10276280343532562;0.10214201360940933;-0.3142005503177643;1.09095299243927;0.23885440826416016;0.8132585287094116
123;4;3;0.824156872945812;0.8356600042222526;0.9951691627502441;0.9939106106758118;0.10276280343532562;0.10214201360940933;0.6082953214645386;1.7687373161315918;-1.8736870288848877;2.844931125640869
124;4;1;2.9031782382121314;0.7865892316972092;0.9951691627502441;0.9939155578613281;0.10241693258285522;0.10204744338989258;0.17500916123390198;1.3660359382629395;0.2356787770986557;0.9348135590553284
124;4;2;1.984829199203288;0.8317467940837959;0.9951691627502441;0.9939155578613281;0.10241693258285522;0.10204744338989258;-0.31368860602378845;1.0913361310958862;0.2397911548614502;0.812969446182251
124;4;3;0.8203886332588191;0.8359365430831955;0.9951691627502441;0.9939155578613281;0.10241693258285522;0.10204744338989258;0.6075037717819214;1.7694506645202637;-1.8784596920013428;2.8516807556152344
125;4;1;2.9019661049284995;0.7870415307668548;0.9951691627502441;0.9939699172973633;0.10190650820732117;0.10195893794298172;0.1751493513584137;1.3661834001541138;0.23593950271606445;0.9351365566253662
125;4;2;1.9917644639298944;0.8315699321077061;0.9951691627502441;0.9939699172973633;0.10190650820732117;0.10195893794298172;-0.3131939768791199;1.0917006731033325;0.24068427085876465;0.8126744031906128
125;4;3;0.8215206915513518;0.8365119782387418;0.9951691627502441;0.9939699172973633;0.10190650820732117;0.10195893794298172;0.606705904006958;1.770140528678894;-1.8831363916397095;2.858294725418091
126;4;1;2.906221570877351;0.7874560524403318;0.9951690435409546;0.9939698576927185;0.1014614850282669;0.10188783705234528;0.17529109120368958;1.3662620782852173;0.23588939011096954;0.9357138872146606
126;4;2;2.0161327835856575;0.8332603949089057;0.9951690435409546;0.9939698576927185;0.1014614850282669;0.10188783705234528;-0.3126585781574249;1.092061996459961;0.24161934852600098;0.8125249147415161
126;4;3;0.8205419381686285;0.8357224745295904;0.9951690435409546;0.9939698576927185;0.1014614850282669;0.10188783705234528;0.6059154868125916;1.7708324193954468;-1.8876898288726807;2.864734172821045
127;4;1;2.912444627087501;0.7877070524192273;0.9951690435409546;0.9939649105072021;0.10130283236503601;0.10181410610675812;0.17540188133716583;1.3662902116775513;0.23579512536525726;0.9364246129989624
127;4;2;2.026356821539994;0.8350503092575794;0.9951690435409546;0.9939649105072021;0.10130283236503601;0.10181410610675812;-0.31209346652030945;1.0924186706542969;0.2425757646560669;0.8124736547470093
127;4;3;0.8205419381686285;0.8357224745295904;0.9951690435409546;0.9939649105072021;0.10130283236503601;0.10181410610675812;0.6051285266876221;1.7715208530426025;-1.8921328783035278;2.8710176944732666
128;4;1;2.9088432682392007;0.7877070524192282;0.9951691031455994;0.9939846992492676;0.10139636695384979;0.10174217820167542;0.17559219896793365;1.3663177490234375;0.23575250804424286;0.9370355606079102
128;4;2;2.0257287266526047;0.834955744227178;0.9951691031455994;0.9939846992492676;0.10139636695384979;0.10174217820167542;-0.3115418255329132;1.092760443687439;0.24348518252372742;0.8123880624771118
128;4;3;0.8205419381686285;0.8357224745295904;0.9951691031455994;0.9939846992492676;0.10139636695384979;0.10174217820167542;0.6043331623077393;1.7721858024597168;-1.8964959383010864;2.877187967300415
129;4;1;2.9127728491620246;0.7910677774786734;0.9951691031455994;0.9939649105072021;0.10155521333217621;0.10167226195335388;0.17583729326725006;1.3663904666900635;0.2358245849609375;0.9374014139175415
129;4;2;2.038011301983527;0.8351155236539509;0.9951691031455994;0.9939649105072021;0.10155521333217621;0.10167226195335388;-0.3110392689704895;1.093079924583435;0.24429559707641602;0.8121677041053772
129;4;3;0.8228663179257447;0.8351852513110627;0.9951691031455994;0.9939649105072021;0.10155521333217621;0.10167226195335388;0.6035223007202148;1.7728134393692017;-1.9008010625839233;2.8832764625549316
130;4;1;2.9127728491620246;0.7910677774786734;0.9951691031455994;0.9939699172973633;0.10163554549217224;0.10159769654273987;0.1761181652545929;1.3664937019348145;0.2359907180070877;0.9375848770141602
130;4;2;2.0480981450803446;0.833472926638033;0.9951691031455994;0.9939699172973633;0.10163554549217224;0.10159769654273987;-0.3105790615081787;1.0933784246444702;0.24502187967300415;0.8118592500686646
130;4;3;0.8228663179257447;0.8351852513110627;0.9951691031455994;0.9939699172973633;0.10163554549217224;0.10159769654273987;0.60270094871521;1.7734097242355347;-1.905043363571167;2.889275550842285
131;4;1;2.9158201901246237;0.7910401382731838;0.9951691031455994;0.9939451813697815;0.10162661969661713;0.10153941065073013;0.17634102702140808;1.3665831089019775;0.23594966530799866;0.9378584027290344
131;4;2;2.050951700051483;0.8324477606229959;0.9951691031455994;0.9939451813697815;0.10162661969661713;0.10153941065073013;-0.3101208806037903;1.0936658382415771;0.24573111534118652;0.8115916848182678
131;4;3;0.8175280208854607;0.835895818250959;0.9951691031455994;0.9939451813697815;0.10162661969661713;0.10153941065073013;0.6018822193145752;1.7739943265914917;-1.9092000722885132;2.8951544761657715
132;4;1;2.9131250768130803;0.790574474151664;0.9951691031455994;0.9939452409744263;0.10165366530418396;0.1014835387468338;0.1765030026435852;1.3666387796401978;0.23570182919502258;0.938286542892456
132;4;2;2.060946207973557;0.8295218856280719;0.9951691031455994;0.9939452409744263;0.10165366530418396;0.1014835387468338;-0.30964991450309753;1.093946099281311;0.2464486062526703;0.8114141225814819
132;4;3;0.8177015720838616;0.8363205369651887;0.9951691031455994;0.9939452409744263;0.10165366530418396;0.1014835387468338;0.6010717749595642;1.7745747566223145;-1.913264274597168;2.9009017944335938
133;4;1;2.9139996473114564;0.7905744741516632;0.9951691031455994;0.9939402937889099;0.10172662138938904;0.10142236948013306;0.17660628259181976;1.366685152053833;0.23531611263751984;0.9387752413749695
133;4;2;2.064828745013793;0.8307518324244958;0.9951691031455994;0.9939402937889099;0.10172662138938904;0.10142236948013306;-0.3091750741004944;1.094218134880066;0.2471660077571869;0.8112542629241943
133;4;3;0.8184214243140531;0.8358059717729773;0.9951691031455994;0.9939402937889099;0.10172662138938904;0.10142236948013306;0.6002647876739502;1.7751423120498657;-1.917250633239746;2.9065394401550293
134;4;1;2.9139996473114564;0.7905744741516632;0.9951691031455994;0.9939402341842651;0.10178246349096298;0.10136046260595322;0.17665532231330872;1.3667670488357544;0.2348790466785431;0.9391657114028931
134;4;2;2.0619922275576767;0.8306464721126714;0.9951691031455994;0.9939402341842651;0.10178246349096298;0.10136046260595322;-0.3087187111377716;1.0944796800613403;0.24785026907920837;0.8109918236732483
134;4;3;0.8184214243140531;0.8358059717729773;0.9951691031455994;0.9939402341842651;0.10178246349096298;0.10136046260595322;0.5994527339935303;1.775682806968689;-1.9211808443069458;2.912097692489624
135;4;1;2.9109523063488556;0.7906021133571519;0.9951691031455994;0.9939501285552979;0.10174165666103363;0.10129900276660919;0.17665673792362213;1.366901159286499;0.23443153500556946;0.9393951296806335
135;4;2;2.0617633327147598;0.8306023499033186;0.9951691031455994;0.9939501285552979;0.10174165666103363;0.10129900276660919;-0.30829092860221863;1.0947296619415283;0.24848076701164246;0.8105919361114502
135;4;3;0.8184214243140531;0.8358059717729773;0.9951691031455994;0.9939501285552979;0.10174165666103363;0.10129900276660919;0.598632276058197;1.7761930227279663;-1.9250638484954834;2.917588949203491
136;4;1;2.9067105248898546;0.7886602722127876;0.9951691031455994;0.9939550161361694;0.10159207880496979;0.1012391671538353;0.17669878900051117;1.3670581579208374;0.23419402539730072;0.9394494891166687
136;4;2;2.0702448102485898;0.8342351029883215;0.9951691031455994;0.9939550161361694;0.10159207880496979;0.1012391671538353;-0.3078707754611969;1.094974398612976;0.24908511340618134;0.8101063370704651
136;4;3;0.8187463558794015;0.8356262012478468;0.9951691031455994;0.9939550161361694;0.10159207880496979;0.1012391671538353;0.5978078842163086;1.7766828536987305;-1.9288907051086426;2.9230010509490967
137;4;1;2.9120354209108807;0.7876678700288942;0.9951691031455994;0.9939402341842651;0.1013532429933548;0.10119040310382843;0.17666731774806976;1.3671847581863403;0.2340591996908188;0.9395812749862671
137;4;2;2.065189259054832;0.8300599936882884;0.9951691031455994;0.9939402341842651;0.1013532429933548;0.10119040310382843;-0.3074112832546234;1.0952256917953491;0.24973611533641815;0.8096792101860046
137;4;3;0.8185122372492373;0.8352549255827082;0.9951691031455994;0.9939402341842651;0.1013532429933548;0.10119040310382843;0.596993088722229;1.777174949645996;-1.9326351881027222;2.9282965660095215
138;4;1;2.9185621462014977;0.7906621604561792;0.9951691031455994;0.9939402341842651;0.10121877491474152;0.10113464295864105;0.17668674886226654;1.3672361373901367;0.23399174213409424;0.9398828744888306
138;4;2;2.078621633901104;0.8295442812067;0.9951691031455994;0.9939402341842651;0.10121877491474152;0.10113464295864105;-0.30688565969467163;1.0954898595809937;0.2504781484603882;0.8094003796577454
138;4;3;0.8174140104046073;0.835895818250959;0.9951691031455994;0.9939402341842651;0.10121877491474152;0.10113464295864105;0.5961964130401611;1.7776830196380615;-1.9362820386886597;2.9334540367126465
139;4;1;2.9157785904588156;0.7909208964019578;0.9951691031455994;0.9939452409744263;0.10120214521884918;0.10108404606580734;0.1766769140958786;1.3672372102737427;0.23378543555736542;0.9403806328773499
139;4;2;2.0825411018468083;0.8295888120131485;0.9951691031455994;0.9939452409744263;0.10120214521884918;0.10108404606580734;-0.3063179850578308;1.0957610607147217;0.2512839436531067;0.8092292547225952
139;4;3;0.8183107348458805;0.8355581252698299;0.9951691031455994;0.9939452409744263;0.10120214521884918;0.10108404606580734;0.5954164266586304;1.7782000303268433;-1.9398409128189087;2.9384870529174805
140;4;1;2.9125874908000933;0.7909208964019578;0.9951690435409546;0.9939303398132324;0.10130275785923004;0.10103452950716019;0.17664501070976257;1.3672540187835693;0.23355939984321594;0.9408332109451294
140;4;2;2.0927300260011616;0.8337992457917291;0.9951690435409546;0.9939303398132324;0.10130275785923004;0.10103452950716019;-0.3057686686515808;1.0960246324539185;0.25206708908081055;0.8090031147003174
140;4;3;0.8184214243140531;0.8358059717729773;0.9951690435409546;0.9939303398132324;0.10130275785923004;0.10103452950716019;0.594639778137207;1.7787013053894043;-1.9433451890945435;2.9434428215026855
141;4;1;2.9125874908000933;0.7909208964019578;0.9951690435409546;0.9939155578613281;0.10136254876852036;0.10098966211080551;0.17659257352352142;1.3673334121704102;0.2333865612745285;0.9410760402679443
141;4;2;2.0976638489066586;0.8344829232159285;0.9951690435409546;0.9939155578613281;0.10136254876852036;0.10098966211080551;-0.3052857220172882;1.0962692499160767;0.25275683403015137;0.8086229562759399
141;4;3;0.8223520364325525;0.8356262012478468;0.9951690435409546;0.9939155578613281;0.10136254876852036;0.10098966211080551;0.5938575267791748;1.7791709899902344;-1.9468170404434204;2.948352813720703
142;4;1;2.9157946525732683;0.7920297169547252;0.9951690435409546;0.9939451813697815;0.10126557946205139;0.10094230622053146;0.1765976995229721;1.3674418926239014;0.23347406089305878;0.9411109685897827
142;4;2;2.0958763517539643;0.8345266442587729;0.9951690435409546;0.9939451813697815;0.10126557946205139;0.10094230622053146;-0.30484479665756226;1.0965006351470947;0.2533857226371765;0.808149516582489
142;4;3;0.8184214243140531;0.8358059717729773;0.9951690435409546;0.9939451813697815;0.10126557946205139;0.10094230622053146;0.5930734872817993;1.779618263244629;-1.950247883796692;2.953204870223999
143;4;1;2.910270260939738;0.7917935390676787;0.9951690435409546;0.9939550757408142;0.10101062804460526;0.1008954867720604;0.17657490074634552;1.3675082921981812;0.23346130549907684;0.9413056373596191
143;4;2;2.1014827159116196;0.8371246801237588;0.9951690435409546;0.9939550757408142;0.10101062804460526;0.1008954867720604;-0.30437731742858887;1.096734881401062;0.25405484437942505;0.8077763915061951
143;4;3;0.8184214243140531;0.8358059717729773;0.9951690435409546;0.9939550757408142;0.10101062804460526;0.1008954867720604;0.5923045873641968;1.7800731658935547;-1.9536024332046509;2.957948923110962
144;4;1;2.917372984079866;0.7917935390676787;0.9951690435409546;0.9939550757408142;0.10083583742380142;0.10085391998291016;0.1765265315771103;1.3675063848495483;0.23331081867218018;0.9417561888694763
144;4;2;2.108085709318689;0.8373868220497438;0.9951690435409546;0.9939550757408142;0.10083583742380142;0.10085391998291016;-0.30385667085647583;1.0969796180725098;0.2548013925552368;0.807572066783905
144;4;3;0.8187516786744649;0.8360568530375763;0.9951690435409546;0.9939550757408142;0.10083583742380142;0.10085391998291016;0.5915565490722656;1.780548334121704;-1.956868052482605;2.962567090988159
145;4;1;2.9212264041199507;0.792359417626824;0.9951690435409546;0.9939501285552979;0.1008065789937973;0.10081268846988678;0.17653457820415497;1.367466926574707;0.2333148717880249;0.9422395825386047
145;4;2;2.1097813163428816;0.8372856737736005;0.9951690435409546;0.9939501285552979;0.1008065789937973;0.10081268846988678;-0.3033102750778198;1.0972286462783813;0.2555798888206482;0.807441234588623
145;4;3;0.8183107348458805;0.8355581252698299;0.9951690435409546;0.9939501285552979;0.1008065789937973;0.10081268846988678;0.5908194184303284;1.7810298204421997;-1.960065484046936;2.9670889377593994
146;4;1;2.9167096768341914;0.7875413149265071;0.9951690435409546;0.9939451813697815;0.10080089420080185;0.1007671132683754;0.17659686505794525;1.3674395084381104;0.23352280259132385;0.9425925612449646
146;4;2;2.112991420378192;0.8378704704480113;0.9951690435409546;0.9939451813697815;0.10080089420080185;0.1007671132683754;-0.3027776777744293;1.0974730253219604;0.2563314437866211;0.8072657585144043
146;4;3;0.8185122372492373;0.8352549255827082;0.9951690435409546;0.9939451813697815;0.10080089420080185;0.1007671132683754;0.5900827646255493;1.7815001010894775;-1.9632190465927124;2.9715487957000732
147;4;1;2.9156690393800213;0.7865813817410823;0.9951690435409546;0.9939550757408142;0.10072991997003555;0.10072876513004303;0.17663584649562836;1.367444396018982;0.23371510207653046;0.9428597688674927
147;4;2;2.1184090824411426;0.8377119813129226;0.9951690435409546;0.9939550757408142;0.10072991997003555;0.10072876513004303;-0.30226099491119385;1.097713589668274;0.2570611834526062;0.807000458240509
147;4;3;0.8187463558794015;0.8356262012478468;0.9951690435409546;0.9939550757408142;0.10072991997003555;0.10072876513004303;0.5893446207046509;1.7819551229476929;-1.9663351774215698;2.9759557247161865
148;4;1;2.9178640867420613;0.787884587008727;0.9951691031455994;0.9939699172973633;0.100618876516819;0.10068923979997635;0.17665615677833557;1.3674663305282593;0.233879953622818;0.9430901408195496
148;4;2;2.1247701155770375;0.8388232998312413;0.9951691031455994;0.9939699172973633;0.100618876516819;0.10068923979997635;-0.301747590303421;1.0979537963867188;0.25778794288635254;0.806679368019104
148;4;3;0.8187463558794015;0.8356262012478468;0.9951691031455994;0.9939699172973633;0.100618876516819;0.10068923979997635;0.5886083245277405;1.7824004888534546;-1.9694088697433472;2.980302572250366
149;4;1;2.9178640867420613;0.787884587008727;0.9951691031455994;0.9939550161361694;0.10049688816070557;0.10064868628978729;0.1766592562198639;1.3674803972244263;0.23398998379707336;0.9433674812316895
149;4;2;2.1255574663920473;0.8384969984204482;0.9951691031455994;0.9939550161361694;0.10049688816070557;0.10064868628978729;-0.3012128472328186;1.0981996059417725;0.25854843854904175;0.8063579797744751
149;4;3;0.8183107348458805;0.8355581252698299;0.9951691031455994;0.9939550161361694;0.10049688816070557;0.10064868628978729;0.5878788828849792;1.782845139503479;-1.9724301099777222;2.9845752716064453
150;4;1;2.920784934521528;0.7878619266671301;0.9951691031455994;0.9939649105072021;0.10040634125471115;0.10060629993677139;0.17664523422718048;1.3674771785736084;0.23403918743133545;0.943727970123291
150;4;2;2.127181310685658;0.8385303965551856;0.9951691031455994;0.9939649105072021;0.10040634125471115;0.10060629993677139;-0.30063679814338684;1.0984575748443604;0.25936731696128845;0.8060521483421326
150;4;3;0.8183107348458805;0.8355581252698299;0.9951691031455994;0.9939649105072021;0.10040634125471115;0.10060629993677139;0.587158203125;1.7832943201065063;-1.975394606590271;2.988767623901367
151;4;1;2.920784934521528;0.7878619266671301;0.9951691031455994;0.9939600229263306;0.10033868253231049;0.10056545585393906;0.17661084234714508;1.3674684762954712;0.2340446561574936;0.9441295862197876
151;4;2;2.1311405559427676;0.838586402415181;0.9951691031455994;0.9939600229263306;0.10033868253231049;0.10056545585393906;-0.300033837556839;1.0987238883972168;0.2602197527885437;0.8057466149330139
151;4;3;0.8185122372492373;0.8352549255827082;0.9951691031455994;0.9939600229263306;0.10033868253231049;0.10056545585393906;0.5864433646202087;1.7837451696395874;-1.9783083200454712;2.9928882122039795
152;4;1;2.922734393559894;0.7883741372220934;0.9951691031455994;0.9939501285552979;0.1003221645951271;0.1005232185125351;0.1765493005514145;1.3674753904342651;0.23402445018291473;0.9445037245750427
152;4;2;2.130741073073934;0.838586402415181;0.9951691031455994;0.9939501285552979;0.1003221645951271;0.1005232185125351;-0.29943034052848816;1.0989909172058105;0.2610628008842468;0.8054092526435852
152;4;3;0.8185122372492373;0.8352549255827082;0.9951691031455994;0.9939501285552979;0.1003221645951271;0.1005232185125351;0.5857290029525757;1.7841906547546387;-1.9811819791793823;2.9969520568847656
153;4;1;2.920319289161716;0.7882507080601018;0.9951691031455994;0.9939402341842651;0.10029320418834686;0.10048343241214752;0.17645947635173798;1.3675111532211304;0.2340017855167389;0.9448027610778809
153;4;2;2.133069499107136;0.8375986395451767;0.9951691031455994;0.9939402341842651;0.10029320418834686;0.10048343241214752;-0.29883235692977905;1.0992577075958252;0.26188480854034424;0.8050073981285095
153;4;3;0.8185122372492373;0.8352549255827082;0.9951691031455994;0.9939402341842651;0.10029320418834686;0.10048343241214752;0.5850114226341248;1.7846262454986572;-1.9840229749679565;3.000969886779785
154;4;1;2.920319289161716;0.7882507080601018;0.9951690435409546;0.9939550757408142;0.10021653026342392;0.10044275224208832;0.1763414889574051;1.3675713539123535;0.23397588729858398;0.9450398087501526
154;4;2;2.13798726197348;0.8365451670168227;0.9951690435409546;0.9939550757408142;0.10021653026342392;0.10044275224208832;-0.29823336005210876;1.0995256900787354;0.2626942992210388;0.8045503497123718
154;4;3;0.8185122372492373;0.8352549255827082;0.9951690435409546;0.9939550757408142;0.10021653026342392;0.10044275224208832;0.5842912793159485;1.785054087638855;-1.9868298768997192;3.004939556121826
155;4;1;2.920319289161716;0.7882507080601018;0.9951691031455994;0.9939501285552979;0.10009828209877014;0.10040207952260971;0.17619843780994415;1.3676396608352661;0.2339315265417099;0.9452690482139587
155;4;2;2.1505875531795784;0.836300074884508;0.9951691031455994;0.9939501285552979;0.10009828209877014;0.10040207952260971;-0.2976222336292267;1.0997977256774902;0.26350870728492737;0.8040786385536194
155;4;3;0.8232566722293164;0.8357078059451388;0.9951691031455994;0.9939501285552979;0.10009828209877014;0.10040207952260971;0.5835722088813782;1.7854799032211304;-1.9895962476730347;3.0088517665863037
156;4;1;2.919815002977641;0.7882507080601009;0.9951691031455994;0.9939451813697815;0.0999736562371254;0.10036173462867737;0.1760353147983551;1.3677022457122803;0.2338593751192093;0.9455333948135376
156;4;2;2.15706496355143;0.8427560155477241;0.9951691031455994;0.9939451813697815;0.0999736562371254;0.10036173462867737;-0.29699045419692993;1.100075364112854;0.26434215903282166;0.8036237955093384
156;4;3;0.8232566722293164;0.8357078059451388;0.9951691031455994;0.9939451813697815;0.0999736562371254;0.10036173462867737;0.5828574895858765;1.7859084606170654;-1.9923170804977417;3.012699604034424
157;4;1;2.9180777451679;0.7862216259559975;0.9951691031455994;0.9939550757408142;0.09987062215805054;0.10032136738300323;0.17585858702659607;1.367757797241211;0.23376965522766113;0.9458298087120056
157;4;2;2.1616717313771945;0.8428140492315399;0.9951691031455994;0.9939550757408142;0.09987062215805054;0.10032136738300323;-0.2963425815105438;1.100356936454773;0.26519083976745605;0.8031862378120422
157;4;3;0.8232566722293164;0.8357078059451388;0.9951691031455994;0.9939550757408142;0.09987062215805054;0.10032136738300323;0.5821473598480225;1.7863389253616333;-1.9949933290481567;3.016484260559082
158;4;1;2.9180777451679;0.7862216259559975;0.9951691031455994;0.9939649105072021;0.09979031980037689;0.10029137879610062;0.1757584661245346;1.367806077003479;0.23392954468727112;0.9460346698760986
158;4;2;2.1627478117035928;0.8436656644533556;0.9951691031455994;0.9939649105072021;0.09979031980037689;0.10029137879610062;-0.2956901788711548;1.1006392240524292;0.26604002714157104;0.8027420043945312
158;4;3;0.8240085308865286;0.835895818250959;0.9951691031455994;0.9939649105072021;0.09979031980037689;0.10029137879610062;0.5814399123191833;1.7867664098739624;-1.9976311922073364;3.020214796066284
159;4;1;2.9180777451679;0.7862216259559975;0.9951691031455994;0.9939699172973633;0.09965366870164871;0.10024580359458923;0.1757349967956543;1.3678313493728638;0.23430626094341278;0.9462106823921204
159;4;2;2.1732479109168343;0.8437894061176121;0.9951691031455994;0.9939699172973633;0.09965366870164871;0.10024580359458923;-0.2950041592121124;1.1009310483932495;0.2669350802898407;0.8023002743721008
159;4;3;0.824296092565783;0.8363205369651887;0.9951691031455994;0.9939699172973633;0.09965366870164871;0.10024580359458923;0.5807400941848755;1.7871952056884766;-2.0002243518829346;3.0238821506500244
160;4;1;2.9173603782632416;0.7880213024559275;0.9951691031455994;0.9939698576927185;0.0994984433054924;0.10020647197961807;0.1757058948278427;1.367814302444458;0.23460617661476135;0.9465445280075073
160;4;2;2.177719435945022;0.8445448791545829;0.9951691031455994;0.9939698576927185;0.0994984433054924;0.10020647197961807;-0.294271856546402;1.1012341976165771;0.26790258288383484;0.8019230365753174
160;4;3;0.8281032755222926;0.8362471218286451;0.9951691031455994;0.9939698576927185;0.0994984433054924;0.10020647197961807;0.5800556540489197;1.7876336574554443;-2.0027618408203125;3.027470827102661
161;4;1;2.922660528364168;0.7880213024559275;0.9951691031455994;0.9939748048782349;0.09943646192550659;0.10016882419586182;0.17567673325538635;1.3677624464035034;0.23484764993190765;0.9470038414001465
161;4;2;2.1780372030847053;0.8450347224375214;0.9951691031455994;0.9939748048782349;0.09943646192550659;0.10016882419586182;-0.29350876808166504;1.1015446186065674;0.2689223289489746;0.8015944361686707
161;4;3;0.8272645116309993;0.8362471218286451;0.9951691031455994;0.9939748048782349;0.09943646192550659;0.10016882419586182;0.579384982585907;1.7880772352218628;-2.005248785018921;3.0309879779815674
162;4;1;2.92779921513975;0.788215672100157;0.9951691031455994;0.993979811668396;0.09944257885217667;0.10012724995613098;0.17564748227596283;1.3677059412002563;0.23507384955883026;0.9474802613258362
162;4;2;2.1835954124741273;0.8449391128030741;0.9951691031455994;0.993979811668396;0.09944257885217667;0.10012724995613098;-0.29274052381515503;1.1018556356430054;0.26995474100112915;0.8012441992759705
162;4;3;0.8266934383685394;0.8365249261851182;0.9951691031455994;0.993979811668396;0.09944257885217667;0.10012724995613098;0.5787200331687927;1.7885152101516724;-2.007700204849243;3.034454584121704
163;4;1;2.9282236384815805;0.7894786753036414;0.9951691031455994;0.9939895868301392;0.09945232421159744;0.1000833660364151;0.175613671541214;1.367669939994812;0.23531250655651093;0.9478908181190491
163;4;2;2.191150968346001;0.8454392655976708;0.9951691031455994;0.9939895868301392;0.09945232421159744;0.1000833660364151;-0.29198557138442993;1.1021634340286255;0.27096742391586304;0.8008235096931458
163;4;3;0.8266934383685394;0.8365249261851182;0.9951691031455994;0.9939895868301392;0.09945232421159744;0.1000833660364151;0.5780535936355591;1.7889403104782104;-2.010127067565918;3.03788685798645
164;4;1;2.9287279246656546;0.7894786753036414;0.9951691031455994;0.9939846992492676;0.0994202196598053;0.10003725439310074;0.1755673736333847;1.3676553964614868;0.23554614186286926;0.9482429623603821
164;4;2;2.1918750421723985;0.8441519170196976;0.9951691031455994;0.9939846992492676;0.0994202196598053;0.10003725439310074;-0.2912338078022003;1.1024709939956665;0.2719661593437195;0.8003402352333069
164;4;3;0.8266934383685394;0.8365249261851182;0.9951691031455994;0.9939846992492676;0.0994202196598053;0.10003725439310074;0.5773838758468628;1.789355993270874;-2.012528419494629;3.041282892227173
165;4;1;2.929017272856239;0.7844351216384808;0.9951691031455994;0.9939895868301392;0.0993589535355568;0.09999402612447739;0.17550025880336761;1.3676496744155884;0.23574046790599823;0.9485912919044495
165;4;2;2.1905026178272973;0.8441519170196989;0.9951691031455994;0.9939895868301392;0.0993589535355568;0.09999402612447739;-0.2904721796512604;1.102782130241394;0.27296167612075806;0.7998483180999756
165;4;3;0.8227552388320509;0.8356711234163297;0.9951691031455994;0.9939895868301392;0.0993589535355568;0.09999402612447739;0.576712965965271;1.7897714376449585;-2.014895439147949;3.044630289077759
166;4;1;2.9295451338612466;0.7802322754172639;0.9951691031455994;0.9939748048782349;0.09931016713380814;0.09995504468679428;0.17540602385997772;1.367641806602478;0.23587147891521454;0.9489796161651611
166;4;2;2.2034643175522746;0.8437980052994294;0.9951691031455994;0.9939748048782349;0.09931016713380814;0.09995504468679428;-0.28968703746795654;1.1030997037887573;0.27396926283836365;0.7993844747543335
166;4;3;0.8227552388320509;0.8356711234163297;0.9951691031455994;0.9939748048782349;0.09931016713380814;0.09995504468679428;0.5760424137115479;1.7901934385299683;-2.0172219276428223;3.0479204654693604
167;4;1;2.9295451338612466;0.7802322754172639;0.9951691031455994;0.9939748048782349;0.09930077940225601;0.09991590678691864;0.1752820461988449;1.3676443099975586;0.23595450818538666;0.9493711590766907
167;4;2;2.209746356247436;0.8453453678259031;0.9951691031455994;0.9939748048782349;0.09930077940225601;0.09991590678691864;-0.2888790965080261;1.1034256219863892;0.27498430013656616;0.7989197969436646
167;4;3;0.8227552388320509;0.8356711234163297;0.9951691031455994;0.9939748048782349;0.09930077940225601;0.09991590678691864;0.5753698945045471;1.7906203269958496;-2.0195112228393555;3.0511579513549805
168;4;1;2.9307952451321366;0.7807024878282443;0.9951691031455994;0.9939846992492676;0.09930753707885742;0.09987754374742508;0.1752120554447174;1.3676661252975464;0.23625841736793518;0.9496190547943115
168;4;2;2.2119326243499575;0.8444671548271296;0.9951691031455994;0.9939846992492676;0.09930753707885742;0.09987754374742508;-0.28805068135261536;1.1037598848342896;0.27600276470184326;0.7983994483947754
168;4;3;0.8227552388320509;0.8356711234163297;0.9951691031455994;0.9939846992492676;0.09930753707885742;0.09987754374742508;0.5746914148330688;1.7910451889038086;-2.0217714309692383;3.054354429244995
169;4;1;2.9331582836806938;0.7814341718746567;0.9951691031455994;0.9939797520637512;0.09922728687524796;0.09982477873563766;0.17511260509490967;1.3676973581314087;0.2365078181028366;0.9498735070228577
169;4;2;2.2315369178430844;0.8438234861950944;0.9951691031455994;0.9939797520637512;0.09922728687524796;0.09982477873563766;-0.2872041165828705;1.1041011810302734;0.2770306468009949;0.7978649735450745
169;4;3;0.8227552388320509;0.8356711234163297;0.9951691031455994;0.9939797520637512;0.09922728687524796;0.09982477873563766;0.5740125179290771;1.7914719581604004;-2.023996353149414;3.0575010776519775
170;4;1;2.9345995259507873;0.7815576010366483;0.9951691031455994;0.9939797520637512;0.09911422431468964;0.0997791588306427;0.17499421536922455;1.3677271604537964;0.23671336472034454;0.9501632452011108
170;4;2;2.2358542806553974;0.8430286941201119;0.9951691031455994;0.9939797520637512;0.09911422431468964;0.0997791588306427;-0.2863274812698364;1.10445237159729;0.2780917286872864;0.797316312789917
170;4;3;0.8227552388320509;0.8356711234163297;0.9951691031455994;0.9939797520637512;0.09911422431468964;0.0997791588306427;0.5733375549316406;1.7919012308120728;-2.0261831283569336;3.060593605041504
171;4;1;2.9345995259507873;0.7815576010366483;0.9951691031455994;0.9939896464347839;0.0989922508597374;0.09973321855068207;0.17486576735973358;1.367752194404602;0.23688800632953644;0.9504898190498352
171;4;2;2.2476189153927635;0.8428720975100941;0.9951691031455994;0.9939896464347839;0.0989922508597374;0.09973321855068207;-0.2854229211807251;1.1048132181167603;0.2791883945465088;0.796748161315918
171;4;3;0.8232643432811946;0.8363173849004482;0.9951691031455994;0.9939896464347839;0.0989922508597374;0.09973321855068207;0.5726677179336548;1.7923314571380615;-2.028332471847534;3.0636332035064697
172;4;1;2.9345995259507873;0.7815576010366483;0.9951691031455994;0.9939895868301392;0.09887097030878067;0.09968677163124084;0.17473429441452026;1.367772102355957;0.23704314231872559;0.9508416652679443
172;4;2;2.2451010067306374;0.8429169210495937;0.9951691031455994;0.9939895868301392;0.09887097030878067;0.09968677163124084;-0.28451165556907654;1.1051758527755737;0.28029483556747437;0.7961735129356384
172;4;3;0.8266934383685394;0.8365249261851182;0.9951691031455994;0.9939895868301392;0.09887097030878067;0.09968677163124084;0.5720025300979614;1.7927606105804443;-2.0304465293884277;3.0666229724884033
173;4;1;2.932197027207085;0.7815576010366474;0.9951691031455994;0.9939895868301392;0.09874365478754044;0.09964326024055481;0.1746072620153427;1.367793083190918;0.23718678951263428;0.951195240020752
173;4;2;2.255134499732197;0.8440099146225872;0.9951691031455994;0.9939895868301392;0.09874365478754044;0.09964326024055481;-0.28361767530441284;1.1055344343185425;0.28137725591659546;0.7955998778343201
173;4;3;0.8266934383685394;0.8365249261851182;0.9951691031455994;0.9939895868301392;0.09874365478754044;0.09964326024055481;0.5713409781455994;1.7931878566741943;-2.0325264930725098;3.0695643424987793
174;4;1;2.932197027207085;0.7815576010366474;0.9951691031455994;0.9939945936203003;0.09861065447330475;0.0995999425649643;0.1744844913482666;1.367810845375061;0.2373112440109253;0.9515655636787415
174;4;2;2.2539855003371;0.8451018540148354;0.9951691031455994;0.9939945936203003;0.09861065447330475;0.0995999425649643;-0.28273627161979675;1.1058900356292725;0.2824404239654541;0.795041561126709
174;4;3;0.8266934383685394;0.8365249261851182;0.9951691031455994;0.9939945936203003;0.09861065447330475;0.0995999425649643;0.5706830024719238;1.7936159372329712;-2.0345704555511475;3.0724549293518066
175;4;1;2.932197027207085;0.7815576010366474;0.9951691031455994;0.9939945936203003;0.09849129617214203;0.09955781698226929;0.17436431348323822;1.3678230047225952;0.23740530014038086;0.9519643783569336
175;4;2;2.2569832544569364;0.8407751252800724;0.9951691031455994;0.9939945936203003;0.09849129617214203;0.09955781698226929;-0.2818675637245178;1.1062421798706055;0.2834818363189697;0.794516921043396
175;4;3;0.8227552388320509;0.8356711234163297;0.9951691031455994;0.9939945936203003;0.09849129617214203;0.09955781698226929;0.5700279474258423;1.7940478324890137;-2.036576509475708;3.0752921104431152
176;4;1;2.9338688068926686;0.7827195807224934;0.9951691031455994;0.9939994812011719;0.09840553998947144;0.09951908886432648;0.17424219846725464;1.3678337335586548;0.23746757209300995;0.9523798823356628
176;4;2;2.249082637672644;0.8399212128256366;0.9951691031455994;0.9939994812011719;0.09840553998947144;0.09951908886432648;-0.281012624502182;1.1065903902053833;0.28449547290802;0.7940263748168945
176;4;3;0.8227552388320509;0.8356711234163297;0.9951691031455994;0.9939994812011719;0.09840553998947144;0.09951908886432648;0.5693731307983398;1.7944835424423218;-2.038546323776245;3.078077793121338
177;4;1;2.9459034098149868;0.7834010639782196;0.9951691031455994;0.9939994812011719;0.09835854917764664;0.09949042648077011;0.17419756948947906;1.3678487539291382;0.23775087296962738;0.9526826739311218
177;4;2;2.246922733682747;0.8393723274952025;0.9951691031455994;0.9939994812011719;0.09835854917764664;0.09949042648077011;-0.2801741361618042;1.1069351434707642;0.2854721248149872;0.7935404181480408
177;4;3;0.8227552388320509;0.8356711234163297;0.9951691031455994;0.9939994812011719;0.09835854917764664;0.09949042648077011;0.5687146186828613;1.7949203252792358;-2.04048490524292;3.0808193683624268
178;4;1;2.9459034098149868;0.7834010639782196;0.9951691031455994;0.9939945936203003;0.0982595682144165;0.09945280849933624;0.17422552406787872;1.3678561449050903;0.2382190227508545;0.9529209136962891
178;4;2;2.251300035950041;0.8402681946751098;0.9951691031455994;0.9939945936203003;0.0982595682144165;0.09945280849933624;-0.27937015891075134;1.10727059841156;0.28639525175094604;0.7931123971939087
178;4;3;0.8227552388320509;0.8356711234163297;0.9951691031455994;0.9939945936203003;0.0982595682144165;0.09945280849933624;0.568056583404541;1.7953633069992065;-2.042386054992676;3.083508014678955
179;4;1;2.9485393594844957;0.7837672387890136;0.9951691031455994;0.9940094351768494;0.0981568917632103;0.0994274690747261;0.1742406189441681;1.3678454160690308;0.2385808527469635;0.9532617330551147
179;4;2;2.253267832045543;0.8403111882959546;0.9951691031455994;0.9940094351768494;0.0981568917632103;0.0994274690747261;-0.2785853445529938;1.1076009273529053;0.2872934639453888;0.7927795052528381
179;4;3;0.8227552388320509;0.8356711234163297;0.9951691031455994;0.9940094351768494;0.0981568917632103;0.0994274690747261;0.5674073100090027;1.7958192825317383;-2.0442395210266113;3.0861291885375977
180;4;1;2.9492093416874994;0.7837672387890136;0.9951691031455994;0.9939945936203003;0.09814310818910599;0.09940338134765625;0.1742432564496994;1.3678240776062012;0.23885884881019592;0.953670859336853
180;4;2;2.256886337681774;0.8403106758368262;0.9951691031455994;0.9939945936203003;0.09814310818910599;0.09940338134765625;-0.27783066034317017;1.1079230308532715;0.2881535291671753;0.7925195097923279
180;4;3;0.8227552388320509;0.8356711234163297;0.9951691031455994;0.9939945936203003;0.09814310818910599;0.09940338134765625;0.5667656660079956;1.7962827682495117;-2.046050548553467;3.0886902809143066
181;4;1;2.950849925968326;0.7839009767040555;0.9951691031455994;0.9939846992492676;0.09817957878112793;0.09938032925128937;0.17423629760742188;1.3678193092346191;0.23910005390644073;0.9540501236915588
181;4;2;2.257915943387639;0.8402932226816011;0.9951691031455994;0.9939846992492676;0.09817957878112793;0.09938032925128937;-0.27712708711624146;1.1082326173782349;0.288945734500885;0.792262077331543
181;4;3;0.8266287758752728;0.8357784122172403;0.9951691031455994;0.9939846992492676;0.09817957878112793;0.09938032925128937;0.5661247968673706;1.7967429161071777;-2.04783296585083;3.0912110805511475
182;4;1;2.9522911682384176;0.7839009767040546;0.9951691031455994;0.9939945936203003;0.0981978103518486;0.099358469247818;0.17422087490558624;1.3678470849990845;0.23933306336402893;0.9543383121490479
182;4;2;2.257975970259495;0.8412551596225466;0.9951691031455994;0.9939945936203003;0.0981978103518486;0.099358469247818;-0.2764929533004761;1.1085247993469238;0.2896435260772705;0.7919736504554749
182;4;3;0.8266287758752728;0.8357784122172403;0.9951691031455994;0.9939945936203003;0.0981978103518486;0.099358469247818;0.5654805302619934;1.7971936464309692;-2.0495951175689697;3.093703031539917
183;4;1;2.9522911682384176;0.7839009767040546;0.9951691031455994;0.9939846992492676;0.09815827757120132;0.09933572262525558;0.17419402301311493;1.3678977489471436;0.23954296112060547;0.9545711874961853
183;4;2;2.260059486307279;0.8394126184046371;0.9951691031455994;0.9939846992492676;0.09815827757120132;0.09933572262525558;-0.27591589093208313;1.1088024377822876;0.2902624011039734;0.7916805148124695
183;4;3;0.8266287758752728;0.8357784122172403;0.9951691031455994;0.9939846992492676;0.09815827757120132;0.09933572262525558;0.5648348331451416;1.7976391315460205;-2.051332950592041;3.096160650253296
184;4;1;2.9524892573629193;0.7810436901053555;0.9951691031455994;0.9940093755722046;0.09808492660522461;0.09931435436010361;0.17415277659893036;1.3679497241973877;0.2396979182958603;0.9548242092132568
184;4;2;2.2652244163603834;0.8393974356086087;0.9951691031455994;0.9940093755722046;0.09808492660522461;0.09931435436010361;-0.27538034319877625;1.109068512916565;0.2908223867416382;0.791445255279541
184;4;3;0.8227552388320509;0.8356711234163297;0.9951691031455994;0.9940093755722046;0.09808492660522461;0.09931435436010361;0.5641927719116211;1.7980880737304688;-2.0530364513397217;3.098569869995117
185;4;1;2.950242074145776;0.7808142845011821;0.9951691031455994;0.9939996004104614;0.09803109616041183;0.0992942675948143;0.17409515380859375;1.3679951429367065;0.23978257179260254;0.9551286697387695
185;4;2;2.2614512957329316;0.8394176657481225;0.9951691031455994;0.9939996004104614;0.09803109616041183;0.0992942675948143;-0.27487367391586304;1.1093264818191528;0.29133909940719604;0.791290283203125
185;4;3;0.8227552388320509;0.8356711234163297;0.9951691031455994;0.9939996004104614;0.09803109616041183;0.0992942675948143;0.5635563135147095;1.798545479774475;-2.054701328277588;3.100924491882324
186;4;1;2.950242074145776;0.7808142845011821;0.9951690435409546;0.9940093755722046;0.09802406281232834;0.09927438944578171;0.17402032017707825;1.3680444955825806;0.23981331288814545;0.9554467797279358
186;4;2;2.2613468657945086;0.8378192986648871;0.9951690435409546;0.9940093755722046;0.09802406281232834;0.09927438944578171;-0.2743978500366211;1.1095759868621826;0.2918064296245575;0.7911878824234009
186;4;3;0.8227552388320509;0.8356711234163297;0.9951690435409546;0.9940093755722046;0.09802406281232834;0.09927438944578171;0.562921404838562;1.7990076541900635;-2.0563337802886963;3.1032330989837646
187;4;1;2.950242074145776;0.7808142845011821;0.9951691031455994;0.9939945936203003;0.0980449840426445;0.09925451129674911;0.173928901553154;1.3681182861328125;0.23982420563697815;0.9557037949562073
187;4;2;2.2594283548791445;0.8378475790150093;0.9951691031455994;0.9939945936203003;0.0980449840426445;0.09925451129674911;-0.2739649713039398;1.1098145246505737;0.29220491647720337;0.7910841107368469
187;4;3;0.8260720539983302;0.8347674381479342;0.9951691031455994;0.9939945936203003;0.0980449840426445;0.09925451129674911;0.5622819662094116;1.7994661331176758;-2.0579450130462646;3.1055116653442383
188;4;1;2.950242074145776;0.7808142845011821;0.9951691031455994;0.9939994812011719;0.09804926812648773;0.09923313558101654;0.17382283508777618;1.368229627609253;0.2398410141468048;0.9558559060096741
188;4;2;2.2645779545124833;0.8379990645577378;0.9951691031455994;0.9939994812011719;0.09804926812648773;0.09923313558101654;-0.27356764674186707;1.1100456714630127;0.2925475537776947;0.790920615196228
188;4;3;0.8260720539983302;0.8347674381479342;0.9951691031455994;0.9939994812011719;0.09804926812648773;0.09923313558101654;0.5616348385810852;1.799916386604309;-2.0595414638519287;3.10776948928833
189;4;1;2.950242074145776;0.7808142845011821;0.9951691031455994;0.9939995408058167;0.09800775349140167;0.0992102399468422;0.1737053096294403;1.3683693408966064;0.23985807597637177;0.9559316635131836
189;4;2;2.2675895718384655;0.8383364674625682;0.9951691031455994;0.9939995408058167;0.09800775349140167;0.0992102399468422;-0.2732013463973999;1.1102708578109741;0.29284384846687317;0.7907171845436096
189;4;3;0.8260720539983302;0.8347674381479342;0.9951691031455994;0.9939995408058167;0.09800775349140167;0.0992102399468422;0.5609837174415588;1.8003612756729126;-2.061119318008423;3.1100008487701416
190;4;1;2.9545111239665314;0.7796469957016381;0.9951691031455994;0.9940094351768494;0.09793838113546371;0.09918716549873352;0.17357897758483887;1.36851167678833;0.23985062539577484;0.9560162425041199
190;4;2;2.2679985165066157;0.838575077132214;0.9951691031455994;0.9940094351768494;0.09793838113546371;0.09918716549873352;-0.272848904132843;1.1104933023452759;0.2931216061115265;0.790532648563385
190;4;3;0.8227552388320509;0.8356711234163297;0.9951691031455994;0.9940094351768494;0.09793838113546371;0.09918716549873352;0.5603364706039429;1.8008085489273071;-2.0626683235168457;3.1121914386749268
191;4;1;2.952671480520644;0.7802088384973729;0.9951691031455994;0.9940241575241089;0.0978873148560524;0.09916432946920395;0.17344677448272705;1.368639349937439;0.23980410397052765;0.9561672210693359
191;4;2;2.276795942614185;0.838587983150787;0.9951691031455994;0.9940241575241089;0.0978873148560524;0.09916432946920395;-0.272489070892334;1.1107182502746582;0.29341480135917664;0.7903889417648315
191;4;3;0.8227552388320509;0.8356711234163297;0.9951691031455994;0.9940241575241089;0.0978873148560524;0.09916432946920395;0.5596986413002014;1.8012628555297852;-2.0641820430755615;3.1143319606781006
192;4;1;2.952671480520644;0.7802088384973729;0.9951691031455994;0.9940143823623657;0.0978817567229271;0.09914018958806992;0.1733109951019287;1.368754506111145;0.2397318333387375;0.9563707113265991
192;4;2;2.2840325657247087;0.838513789496349;0.9951691031455994;0.9940143823623657;0.0978817567229271;0.09914018958806992;-0.27212685346603394;1.1109442710876465;0.29371732473373413;0.790277898311615
192;4;3;0.8227552388320509;0.8356711234163297;0.9951691031455994;0.9940143823623657;0.0978817567229271;0.09914018958806992;0.5590696334838867;1.8017219305038452;-2.0656633377075195;3.116426944732666
193;4;1;2.9542969156646315;0.7799858269850519;0.9951691031455994;0.9940093755722046;0.09790652990341187;0.09911589324474335;0.17317311465740204;1.3688726425170898;0.23966442048549652;0.9565674066543579
193;4;2;2.280304414353136;0.8385863913807947;0.9951691031455994;0.9940093755722046;0.09790652990341187;0.09911589324474335;-0.2717757821083069;1.1111680269241333;0.29400965571403503;0.7901595234870911
193;4;3;0.8266287758752728;0.8357784122172403;0.9951691031455994;0.9940093755722046;0.09790652990341187;0.09911589324474335;0.5584448575973511;1.802178144454956;-2.0671215057373047;3.1184892654418945
194;4;1;2.9539082892442723;0.7799858269850537;0.9951691031455994;0.9940094351768494;0.09792087227106094;0.0990915298461914;0.1730339527130127;1.3690048456192017;0.23962290585041046;0.9567157626152039
194;4;2;2.2921625074023524;0.8375427319903652;0.9951691031455994;0.9940094351768494;0.09792087227106094;0.0990915298461914;-0.27144452929496765;1.1113872528076172;0.2942785918712616;0.7900061011314392
194;4;3;0.8300257741952057;0.8415598362429608;0.9951691031455994;0.9940094351768494;0.09792087227106094;0.0990915298461914;0.5578205585479736;1.8026275634765625;-2.0685627460479736;3.1205272674560547
195;4;1;2.9548239478593468;0.7799858269850528;0.9951691031455994;0.994004487991333;0.09789777547121048;0.0990731492638588;0.17297737300395966;1.3691394329071045;0.2398487776517868;0.9567374587059021
195;4;2;2.2993437085857353;0.8382484433887871;0.9951691031455994;0.994004487991333;0.09789777547121048;0.0990731492638588;-0.2711290419101715;1.1116026639938354;0.29452869296073914;0.7898287773132324
195;4;3;0.8300257741952057;0.8415598362429608;0.9951691031455994;0.994004487991333;0.09789777547121048;0.0990731492638588;0.5571972727775574;1.803071141242981;-2.06998610496521;3.1225404739379883
196;4;1;2.9548239478593468;0.7799858269850528;0.9951691031455994;0.994014322757721;0.09778377413749695;0.09904369711875916;0.17299801111221313;1.369239330291748;0.2402680218219757;0.9567723274230957
196;4;2;2.299339713075957;0.8384848151933442;0.9951691031455994;0.994014322757721;0.09778377413749695;0.09904369711875916;-0.2708033323287964;1.111819863319397;0.29480063915252686;0.7897192239761353
196;4;3;0.8277443777161322;0.8356711234163297;0.9951691031455994;0.994014322757721;0.09778377413749695;0.09904369711875916;0.5565857887268066;1.803523063659668;-2.0713746547698975;3.1245040893554688
197;4;1;2.955212574279706;0.7799858269850519;0.9951691031455994;0.9940093755722046;0.09766916185617447;0.09902448207139969;0.17300894856452942;1.369279146194458;0.24057114124298096;0.9570323824882507
197;4;2;2.298037276070896;0.8385023216025784;0.9951691031455994;0.9940093755722046;0.09766916185617447;0.09902448207139969;-0.2704465389251709;1.112042784690857;0.29512912034988403;0.7897541522979736
197;4;3;0.8277443777161322;0.8356711234163297;0.9951691031455994;0.9940093755722046;0.09766916185617447;0.09902448207139969;0.5559958219528198;1.8039937019348145;-2.07271409034729;3.1263983249664307
198;4;1;2.9569389236817205;0.7794239841893171;0.9951691031455994;0.9940093755722046;0.09768877178430557;0.0990009754896164;0.17301352322101593;1.3692841529846191;0.24079887568950653;0.9574257731437683
198;4;2;2.307044878647246;0.8348497684932727;0.9951691031455994;0.9940093755722046;0.09768877178430557;0.0990009754896164;-0.27007803320884705;1.112267255783081;0.29548561573028564;0.7898693680763245
198;4;3;0.8300257741952057;0.8415598362429608;0.9951691031455994;0.9940093755722046;0.09768877178430557;0.0990009754896164;0.5554194450378418;1.8044731616973877;-2.0740177631378174;3.128241777420044
199;4;1;2.952669873860967;0.7805912729888611;0.9951691031455994;0.994004487991333;0.09778957813978195;0.09897618740797043;0.17301185429096222;1.3693093061447144;0.24102698266506195;0.9577624201774597
199;4;2;2.3236097223386;0.8355356152027129;0.9951691031455994;0.994004487991333;0.09778957813978195;0.09897618740797043;-0.2697257995605469;1.1124887466430664;0.29582569003105164;0.7899160981178284
199;4;3;0.8300257741952057;0.8415598362429608;0.9951691031455994;0.994004487991333;0.09778957813978195;0.09897618740797043;0.5548397898674011;1.8049423694610596;-2.0753116607666016;3.1300716400146484
0;5;1;2.9668914795447607;0.7561923260266221;0.5998389720916748;0.5524584650993347;0.6834264993667603;0.7048361897468567;-0.1192530170083046;0.34134426712989807;0.16002210974693298;0.3693374693393707
0;5;2;2.7684657367045267;0.720645356441139;0.5998389720916748;0.5524584650993347;0.6834264993667603;0.7048361897468567;0.07852558046579361;0.2946733236312866;0.10491903126239777;0.21998485922813416
0;5;3;1.2847470687529574;0.14419498414925824;0.5998389720916748;0.5524584650993347;0.6834264993667603;0.7048361897468567;-0.4392565190792084;0.2000381201505661;0.14233742654323578;0.28435850143432617
1;5;1;2.966430259124083;0.7561272892854154;0.6135265827178955;0.5649137496948242;0.6813501715660095;0.7013363242149353;-0.11964812129735947;0.34223607182502747;0.15816561877727509;0.36697250604629517
1;5;2;2.858790333447695;0.741136580221565;0.6135265827178955;0.5649137496948242;0.6813501715660095;0.7013363242149353;0.07727498561143875;0.29460740089416504;0.09840734302997589;0.2159852683544159
1;5;3;1.285467950176371;0.13867612538615148;0.6135265827178955;0.5649137496948242;0.6813501715660095;0.7013363242149353;-0.43717342615127563;0.19960670173168182;0.15583306550979614;0.26527276635169983
2;5;1;2.9754837324656824;0.7613139191605027;0.6457327008247375;0.593716025352478;0.6781004071235657;0.695523738861084;-0.12017083168029785;0.3435596525669098;0.1558460146188736;0.364108681678772
2;5;2;2.9004145672276564;0.7514344275330398;0.6457327008247375;0.593716025352478;0.6781004071235657;0.695523738861084;0.07566458731889725;0.29474660754203796;0.08967529982328415;0.21138960123062134
2;5;3;1.192964690758707;0.13288973262375414;0.6457327008247375;0.593716025352478;0.6781004071235657;0.695523738861084;-0.43461745977401733;0.1993829607963562;0.17387133836746216;0.2397627979516983
3;5;1;2.990332447858192;0.7632149454407591;0.6900161504745483;0.6400110721588135;0.6748167276382446;0.688866138458252;-0.1207878366112709;0.3453221321105957;0.15341459214687347;0.36126041412353516
3;5;2;2.882739833727843;0.7313405603881424;0.6900161504745483;0.6400110721588135;0.6748167276382446;0.688866138458252;0.07380317896604538;0.2953087389469147;0.07895033061504364;0.20758146047592163
3;5;3;1.144783884338902;0.14274090460843647;0.6900161504745483;0.6400110721588135;0.6748167276382446;0.688866138458252;-0.43202489614486694;0.19966928660869598;0.19475480914115906;0.21022911369800568
4;5;1;2.965998014807946;0.7507728837902023;0.761272132396698;0.7186098694801331;0.6722239255905151;0.6822475790977478;-0.12146437168121338;0.3475606441497803;0.1512557566165924;0.35891300439834595
4;5;2;2.763931343311924;0.7204732771090763;0.761272132396698;0.7186098694801331;0.6722239255905151;0.6822475790977478;0.07168678939342499;0.2965521812438965;0.06599931418895721;0.20562224090099335
4;5;3;1.046933733821012;0.16903253188977718;0.761272132396698;0.7186098694801331;0.6722239255905151;0.6822475790977478;-0.42980846762657166;0.20069698989391327;0.2168150246143341;0.17903125286102295
5;5;1;3.0296222920576357;0.7570074721342044;0.8578904867172241;0.803959846496582;0.6699861288070679;0.6763527393341064;-0.12222843617200851;0.3503030836582184;0.1497509777545929;0.35737818479537964
5;5;2;2.8270327369927823;0.6520823503892492;0.8578904867172241;0.803959846496582;0.6699861288070679;0.6763527393341064;0.06924854218959808;0.29869508743286133;0.05046743154525757;0.20623797178268433
5;5;3;1.0637098014621298;0.25092542619602654;0.8578904867172241;0.803959846496582;0.6699861288070679;0.6763527393341064;-0.4283257722854614;0.20258992910385132;0.23853373527526855;0.14831635355949402
6;5;1;2.9936380923558437;0.7240700441789016;0.9086151123046875;0.8648608922958374;0.6688764095306396;0.6712319850921631;-0.12311816215515137;0.35347020626068115;0.14913830161094666;0.35687312483787537
6;5;2;2.5629897235104053;0.5564748732411475;0.9086151123046875;0.8648608922958374;0.6688764095306396;0.6712319850921631;0.06664252281188965;0.30175986886024475;0.03311945125460625;0.20991294085979462
6;5;3;1.0619711613146707;0.37377552423767924;0.9086151123046875;0.8648608922958374;0.6688764095306396;0.6712319850921631;-0.4278732240200043;0.20537085831165314;0.25864142179489136;0.11987978965044022
7;5;1;2.9683445296118096;0.7141473597430155;0.9130434989929199;0.8801683187484741;0.6697244048118591;0.6685565114021301;-0.12411069869995117;0.3569657802581787;0.14959263801574707;0.35764190554618835
7;5;2;2.2722652415882214;0.49526129011503794;0.9130434989929199;0.8801683187484741;0.6697244048118591;0.6685565114021301;0.06449435651302338;0.30562251806259155;0.01680680736899376;0.21512188017368317
7;5;3;1.0951376630365033;0.3732532486557276;0.9130434989929199;0.8801683187484741;0.6697244048118591;0.6685565114021301;-0.42858096957206726;0.20898672938346863;0.27622830867767334;0.09500818699598312
8;5;1;2.979163059206666;0.7202386489524439;0.8683574795722961;0.8533415198326111;0.6722636222839355;0.6687079668045044;-0.12519331276416779;0.3608427345752716;0.15097248554229736;0.35954317450523376
8;5;2;2.0286469286788;0.4616237669160017;0.8683574795722961;0.8533415198326111;0.6722636222839355;0.6687079668045044;0.06307461112737656;0.3101804256439209;0.002756873844191432;0.22022219002246857
8;5;3;1.0562182573789292;0.3017829814936839;0.8683574795722961;0.8533415198326111;0.6722636222839355;0.6687079668045044;-0.43038758635520935;0.21336501836776733;0.2908038794994354;0.07439520210027695
9;5;1;2.9579696328032945;0.7200716906391174;0.8148148059844971;0.8150915503501892;0.6749410033226013;0.6694355010986328;-0.1263633817434311;0.36518359184265137;0.15310005843639374;0.3622768223285675
9;5;2;1.8882902479867374;0.4489386441647767;0.8148148059844971;0.8150915503501892;0.6749410033226013;0.6694355010986328;0.06232384219765663;0.31537583470344543;-0.009119821712374687;0.22407522797584534
9;5;3;0.9951198453650836;0.2308846602350605;0.8148148059844971;0.8150915503501892;0.6749410033226013;0.6694355010986328;-0.4331743121147156;0.21846860647201538;0.3021886646747589;0.05829469859600067
10;5;1;2.964865992765654;0.7212677465883797;0.7838164567947388;0.7898080348968506;0.6760843992233276;0.669416069984436;-0.12764690816402435;0.3700321614742279;0.15607796609401703;0.36569881439208984
10;5;2;1.7902056676083058;0.4286480851194283;0.7838164567947388;0.7898080348968506;0.6760843992233276;0.669416069984436;0.06225017458200455;0.32121485471725464;-0.018767116591334343;0.22549371421337128
10;5;3;1.0046085532497129;0.19985179514699603;0.7838164567947388;0.7898080348968506;0.6760843992233276;0.669416069984436;-0.4368436932563782;0.22430257499217987;0.3103976845741272;0.046685367822647095
11;5;1;2.956903120960078;0.72337161033097;0.7745571732521057;0.7820173501968384;0.6755058765411377;0.6681304574012756;-0.12907028198242188;0.3753907382488251;0.15997016429901123;0.36974775791168213
11;5;2;1.7421950897349712;0.41365478440718606;0.7745571732521057;0.7820173501968384;0.6755058765411377;0.6681304574012756;0.0628058984875679;0.3277015686035156;-0.026377685368061066;0.22417831420898438
11;5;3;0.9980822442606954;0.18810356871451717;0.7745571732521057;0.7820173501968384;0.6755058765411377;0.6681304574012756;-0.4413433074951172;0.23090697824954987;0.31558144092559814;0.03935447335243225
12;5;1;2.9370008684856206;0.7283973495354159;0.7741546034812927;0.7874548435211182;0.6730974912643433;0.6655560731887817;-0.1306493580341339;0.38126468658447266;0.1648339331150055;0.3743973970413208
12;5;2;1.6809757582848226;0.38024255499632575;0.7741546034812927;0.7874548435211182;0.6730974912643433;0.6655560731887817;0.06397701799869537;0.33484089374542236;-0.03203525394201279;0.22026310861110687
12;5;3;1.0110920784982476;0.1966977640846892;0.7741546034812927;0.7874548435211182;0.6730974912643433;0.6655560731887817;-0.44665807485580444;0.2383470982313156;0.3180069327354431;0.035924285650253296
13;5;1;2.909003163770482;0.7351596194045014;0.7942834496498108;0.799332320690155;0.668910801410675;0.6618970036506653;-0.1323978155851364;0.3876517117023468;0.17056436836719513;0.3795492947101593
13;5;2;1.6489168058314148;0.37253281495728485;0.7942834496498108;0.799332320690155;0.668910801410675;0.6618970036506653;0.06575632840394974;0.34258008003234863;-0.035779524594545364;0.2147095948457718
13;5;3;0.9851093645118674;0.2275872826256542;0.7942834496498108;0.799332320690155;0.668910801410675;0.6618970036506653;-0.45279213786125183;0.24670013785362244;0.3180556893348694;0.035855356603860855
14;5;1;2.9036339177296497;0.7453430534258576;0.8140096664428711;0.8120888471603394;0.6631284356117249;0.6574609279632568;-0.13431277871131897;0.39458662271499634;0.17705655097961426;0.3851902186870575
14;5;2;1.6305753607013642;0.37598694950378286;0.8140096664428711;0.8120888471603394;0.6631284356117249;0.6574609279632568;0.06809166073799133;0.35092687606811523;-0.03785349801182747;0.20790289342403412
14;5;3;1.0284196455708985;0.2654599008499905;0.8140096664428711;0.8120888471603394;0.6631284356117249;0.6574609279632568;-0.4597499370574951;0.2560364902019501;0.31623899936676025;0.038424521684646606
15;5;1;2.9043457218154547;0.7659879430245677;0.8349436521530151;0.8265541791915894;0.6562579870223999;0.6522526144981384;-0.1364067643880844;0.4021027684211731;0.184152290225029;0.39129698276519775
15;5;2;1.6145688137672716;0.3742694706754488;0.8349436521530151;0.8265541791915894;0.6562579870223999;0.6522526144981384;0.07088079303503036;0.35988888144493103;-0.03865553438663483;0.20023038983345032
15;5;3;1.060758629152705;0.2844527539656099;0.8349436521530151;0.8265541791915894;0.6562579870223999;0.6522526144981384;-0.4675312936306;0.26641756296157837;0.31318604946136475;0.04274206608533859
16;5;1;2.910774779344324;0.7694188503557085;0.8526569604873657;0.8397700786590576;0.6485406160354614;0.6466429233551025;-0.1386703997850418;0.41021454334259033;0.19150027632713318;0.39771774411201477
16;5;2;1.64080561905189;0.36828149316671466;0.8526569604873657;0.8397700786590576;0.6485406160354614;0.6466429233551025;0.07389641553163528;0.369402140378952;-0.03902807831764221;0.19291436672210693
16;5;3;1.075329609670387;0.31141004864449684;0.8526569604873657;0.8397700786590576;0.6485406160354614;0.6466429233551025;-0.4761147201061249;0.27787911891937256;0.30962616205215454;0.04777650907635689
17;5;1;2.8842600669225167;0.7742630993493584;0.8586956262588501;0.8480522036552429;0.6410226225852966;0.6411797404289246;-0.14109309017658234;0.4189380407333374;0.19872598350048065;0.4041750431060791
17;5;2;1.6724220990173535;0.3600432505393818;0.8586956262588501;0.8480522036552429;0.6410226225852966;0.6411797404289246;0.07689754664897919;0.37936174869537354;-0.03981926292181015;0.1874275803565979
17;5;3;1.01460781564493;0.3314585018845744;0.8586956262588501;0.8480522036552429;0.6410226225852966;0.6411797404289246;-0.4854397773742676;0.29041069746017456;0.306345134973526;0.05241656303405762
18;5;1;2.8644436274674545;0.7526383285952205;0.8635265827178955;0.8508228063583374;0.6334351897239685;0.6361352801322937;-0.14369527995586395;0.4282979667186737;0.2053033858537674;0.4102373421192169
18;5;2;1.691860065187262;0.3567315172990133;0.8635265827178955;0.8508228063583374;0.6334351897239685;0.6361352801322937;0.0796031579375267;0.38961419463157654;-0.041969429701566696;0.18569771945476532
18;5;3;0.9954364199535899;0.3578157844518026;0.8635265827178955;0.8508228063583374;0.6334351897239685;0.6361352801322937;-0.4954065978527069;0.30394721031188965;0.30412569642066956;0.0555553212761879
19;5;1;2.84767185148935;0.738476933091138;0.8655394315719604;0.8510302305221558;0.6258304715156555;0.6310933828353882;-0.1464718133211136;0.43829190731048584;0.21095800399780273;0.4157286584377289
19;5;2;1.6742099985545584;0.36060204583446387;0.8655394315719604;0.8510302305221558;0.6258304715156555;0.6310933828353882;0.08182337135076523;0.4000925123691559;-0.04605995863676071;0.18820622563362122
19;5;3;1.0034443714190848;0.35313383405723187;0.8655394315719604;0.8510302305221558;0.6258304715156555;0.6310933828353882;-0.5059056282043457;0.31839248538017273;0.3036540448665619;0.0562223382294178
20;5;1;2.8248042887398697;0.7373734769700704;0.8647343516349792;0.8508079051971436;0.6181173324584961;0.625520646572113;-0.14938651025295258;0.44887039065361023;0.21556797623634338;0.42063823342323303
20;5;2;1.6476651132682258;0.359311932157814;0.8647343516349792;0.8508079051971436;0.6181173324584961;0.625520646572113;0.083450086414814;0.41075438261032104;-0.052380017936229706;0.19505257904529572
20;5;3;1.0251360196130195;0.3472463466501905;0.8647343516349792;0.8508079051971436;0.6181173324584961;0.625520646572113;-0.5168470144271851;0.3336511552333832;0.3054488003253937;0.05368417128920555
21;5;1;2.812977675458648;0.737226728482705;0.8655394315719604;0.8508177995681763;0.610136866569519;0.6190788149833679;-0.15240183472633362;0.46000996232032776;0.2191162109375;0.42495983839035034
21;5;2;1.6400507610312056;0.3606561247076705;0.8655394315719604;0.8508177995681763;0.610136866569519;0.6190788149833679;0.08451671898365021;0.42157113552093506;-0.060753852128982544;0.20614367723464966
21;5;3;1.0319211527490753;0.35385601617164486;0.8655394315719604;0.8508177995681763;0.610136866569519;0.6190788149833679;-0.5281756520271301;0.3496513366699219;0.3098245859146118;0.047495853155851364
22;5;1;2.782390357414;0.7361114896567722;0.8639291524887085;0.8508622646331787;0.6018252968788147;0.6116076707839966;-0.15547874569892883;0.47161155939102173;0.22186033427715302;0.4289400577545166
22;5;2;1.636065067104342;0.3639669270921293;0.8639291524887085;0.8508622646331787;0.6018252968788147;0.6116076707839966;0.08506423234939575;0.43258431553840637;-0.07097761332988739;0.22064968943595886
22;5;3;1.0354348142819223;0.356935903362646;0.8639291524887085;0.8508622646331787;0.6018252968788147;0.6116076707839966;-0.5398726463317871;0.36635106801986694;0.31690162420272827;0.0374874509871006
23;5;1;2.7459818968848326;0.7404594056898688;0.8635265827178955;0.8500968217849731;0.593045175075531;0.6033471822738647;-0.15856678783893585;0.4835704565048218;0.22422324120998383;0.43296608328819275
23;5;2;1.591280236654411;0.3534772726455566;0.8635265827178955;0.8500968217849731;0.593045175075531;0.6033471822738647;0.0852653980255127;0.4438614845275879;-0.08248196542263031;0.23730655014514923
23;5;3;1.0382896720471573;0.352524716985958;0.8635265827178955;0.8500968217849731;0.593045175075531;0.6033471822738647;-0.5519410967826843;0.38372719287872314;0.3266381025314331;0.0237179696559906
24;5;1;2.684477650152499;0.7191199298111277;0.8635265827178955;0.8487188816070557;0.5838015675544739;0.5946642756462097;-0.16166222095489502;0.4957890510559082;0.22663569450378418;0.43737202882766724
24;5;2;1.5835260347433406;0.3581673708768185;0.8635265827178955;0.8487188816070557;0.5838015675544739;0.5946642756462097;0.08524932712316513;0.4554711580276489;-0.09485471248626709;0.2549196183681488
24;5;3;1.038409133746251;0.34910904354482764;0.8635265827178955;0.8487188816070557;0.5838015675544739;0.5946642756462097;-0.5643866062164307;0.4017561078071594;0.33889174461364746;0.0063887243159115314
25;5;1;2.669521592037656;0.7093099722847898;0.8645329475402832;0.8479682803153992;0.574742317199707;0.5857948064804077;-0.16478775441646576;0.5081927180290222;0.2294529527425766;0.44249653816223145
25;5;2;1.5593155878504135;0.3663443498333754;0.8645329475402832;0.8479682803153992;0.574742317199707;0.5857948064804077;0.08516436070203781;0.467477947473526;-0.10765518993139267;0.2722683846950531
25;5;3;1.0200258789851517;0.3597688923457838;0.8645329475402832;0.8479682803153992;0.574742317199707;0.5857948064804077;-0.5772062540054321;0.4204045832157135;0.35345780849456787;0.014210842549800873
26;5;1;2.641780730631921;0.7056343619836669;0.8661432862281799;0.8472052812576294;0.5657376646995544;0.5767993330955505;-0.16798622906208038;0.5207441449165344;0.23298458755016327;0.4484747350215912
26;5;2;1.5371229821043286;0.3700521241770316;0.8661432862281799;0.8472052812576294;0.5657376646995544;0.5767993330955505;0.08514223992824554;0.4799109399318695;-0.12050594389438629;0.28854069113731384
26;5;3;1.045105470077429;0.360433898748898;0.8661432862281799;0.8472052812576294;0.5657376646995544;0.5767993330955505;-0.5903847217559814;0.43962740898132324;0.3701047897338867;0.03775320574641228
27;5;1;2.5896384779633213;0.6872717160985706;0.8643317222595215;0.8462767601013184;0.5567492246627808;0.5676254630088806;-0.17128799855709076;0.5333946943283081;0.2373315840959549;0.45541447401046753
27;5;2;1.5172940685769767;0.3717606450036768;0.8643317222595215;0.8462767601013184;0.5567492246627808;0.5676254630088806;0.08520425111055374;0.4927652180194855;-0.13337485492229462;0.303335577249527
27;5;3;1.0375685867412896;0.35807268659321423;0.8643317222595215;0.8462767601013184;0.5567492246627808;0.5676254630088806;-0.6038933992385864;0.45936933159828186;0.3885984718799591;0.06390722841024399
28;5;1;2.5822987165471396;0.687344860529298;0.863727867603302;0.8452816009521484;0.5474410653114319;0.5581268668174744;-0.1747199147939682;0.5461033582687378;0.24257151782512665;0.463341623544693
28;5;2;1.515967637244347;0.37094011023422935;0.863727867603302;0.8452816009521484;0.5474410653114319;0.5581268668174744;0.08540061861276627;0.506011426448822;-0.1461181491613388;0.3165363371372223
28;5;3;1.0341373267350633;0.3617972481213294;0.863727867603302;0.8452816009521484;0.5474410653114319;0.5581268668174744;-0.6176967620849609;0.4795728921890259;0.4087071418762207;0.09234520047903061
29;5;1;2.544045924130277;0.6726878595899093;0.864935576915741;0.8450840711593628;0.5375871658325195;0.5483006834983826;-0.17828917503356934;0.5588110685348511;0.24864426255226135;0.47227156162261963
29;5;2;1.506524576452339;0.37519521855102367;0.864935576915741;0.8450840711593628;0.5375871658325195;0.5483006834983826;0.08570536226034164;0.519595205783844;-0.15875697135925293;0.3283384442329407
29;5;3;1.0433607016650894;0.37031227373740006;0.864935576915741;0.8450840711593628;0.5375871658325195;0.5483006834983826;-0.6317514181137085;0.5001773834228516;0.4302176237106323;0.12276559323072433
30;5;1;2.515691689215428;0.6680709477535496;0.8651368618011475;0.845607578754425;0.5273773670196533;0.5382291674613953;-0.18201036751270294;0.5715214014053345;0.2553483545780182;0.4820139408111572
30;5;2;1.49372932026336;0.3761922192070002;0.8651368618011475;0.845607578754425;0.5273773670196533;0.5382291674613953;0.08607377856969833;0.5334389209747314;-0.1713378131389618;0.33915120363235474
30;5;3;1.033989391178733;0.37156846192436;0.8651368618011475;0.845607578754425;0.5273773670196533;0.5382291674613953;-0.6460052728652954;0.5211163759231567;0.452936589717865;0.15489506721496582
31;5;1;2.4951529240084556;0.6622195001750715;0.8687601089477539;0.8473435044288635;0.5170968770980835;0.5282353162765503;-0.18586312234401703;0.5842357873916626;0.2624538540840149;0.4923529624938965
31;5;2;1.481861957012896;0.3724911761784;0.8687601089477539;0.8473435044288635;0.5170968770980835;0.5282353162765503;0.08654795587062836;0.5474358797073364;-0.18364761769771576;0.34958600997924805
31;5;3;1.0330815582821806;0.37473336465635976;0.8687601089477539;0.8473435044288635;0.5170968770980835;0.5282353162765503;-0.660393476486206;0.5423071384429932;0.47669100761413574;0.1884888857603073
32;5;1;2.4518750487986054;0.6458593894083151;0.8685587644577026;0.8481757044792175;0.5070315599441528;0.5185380578041077;-0.18980883061885834;0.5969258546829224;0.26969441771507263;0.5031051635742188
32;5;2;1.4689306790466743;0.37277739710887836;0.8685587644577026;0.8481757044792175;0.5070315599441528;0.5185380578041077;0.08708155155181885;0.5614755153656006;-0.19570517539978027;0.36007246375083923
32;5;3;1.050554517442258;0.38112688161836594;0.8685587644577026;0.8481757044792175;0.5070315599441528;0.5185380578041077;-0.6748337745666504;0.5636399388313293;0.5013425350189209;0.2233514040708542
33;5;1;2.417044702143696;0.6168159564513793;0.8655394315719604;0.8479534387588501;0.49727824330329895;0.5092467665672302;-0.1937946379184723;0.6095043420791626;0.2768641710281372;0.5141338109970093
33;5;2;1.4610362748525603;0.37445645907845115;0.8655394315719604;0.8479534387588501;0.49727824330329895;0.5092467665672302;0.08759201318025589;0.5754335522651672;-0.2076275795698166;0.37099689245224
33;5;3;1.0697739292350956;0.3876732233233189;0.8655394315719604;0.8479534387588501;0.49727824330329895;0.5092467665672302;-0.6892308592796326;0.5849811434745789;0.5267772674560547;0.25932151079177856
34;5;1;2.3802835982777895;0.6074014076320271;0.8651368618011475;0.8482398986816406;0.4879749119281769;0.5004718899726868;-0.1977967470884323;0.6219297647476196;0.2836781442165375;0.5251799821853638
34;5;2;1.4566997276008289;0.3733720907319267;0.8651368618011475;0.8482398986816406;0.4879749119281769;0.5004718899726868;0.08807417005300522;0.5891665816307068;-0.21934467554092407;0.3828663229942322
34;5;3;1.0444478279571223;0.3857305045719248;0.8651368618011475;0.8482398986816406;0.4879749119281769;0.5004718899726868;-0.7034845352172852;0.6061832308769226;0.5528860092163086;0.29624491930007935
35;5;1;2.323115182627536;0.6038961230861224;0.8639291524887085;0.8483880162239075;0.4790593981742859;0.49218466877937317;-0.20179255306720734;0.6340823173522949;0.2900884747505188;0.5361418128013611
35;5;2;1.4486372100627412;0.37267193725268255;0.8639291524887085;0.8483880162239075;0.4790593981742859;0.49218466877937317;0.0884602963924408;0.6025688648223877;-0.23097114264965057;0.3957253396511078
35;5;3;1.0380079614693578;0.37904435267067305;0.8639291524887085;0.8483880162239075;0.4790593981742859;0.49218466877937317;-0.7174980640411377;0.6270948648452759;0.5795497894287109;0.33395320177078247
36;5;1;2.317241763836228;0.5838066204440411;0.8629226684570312;0.8474595546722412;0.4708147644996643;0.484334260225296;-0.20578327775001526;0.6458420157432556;0.2960338890552521;0.546995222568512
36;5;2;1.4412368628448053;0.37377496051240033;0.8629226684570312;0.8474595546722412;0.4708147644996643;0.484334260225296;0.08864502608776093;0.6155628561973572;-0.24273668229579926;0.409393846988678
36;5;3;1.0213422964083083;0.37580751007874724;0.8629226684570312;0.8474595546722412;0.4708147644996643;0.484334260225296;-0.7311886548995972;0.6475767493247986;0.6066168546676636;0.3722318112850189
37;5;1;2.3108443695920267;0.5800891703087494;0.8633252382278442;0.8469632267951965;0.46347251534461975;0.4769499897956848;-0.20974953472614288;0.6570958495140076;0.30149757862091064;0.5577841997146606
37;5;2;1.4408560306606217;0.373554258082307;0.8633252382278442;0.8469632267951965;0.46347251534461975;0.4769499897956848;0.08858238160610199;0.6280856728553772;-0.2547706961631775;0.42372700572013855
37;5;3;1.0054230593229363;0.3805044919987619;0.8633252382278442;0.8469632267951965;0.46347251534461975;0.4769499897956848;-0.7444947957992554;0.667516827583313;0.6338834166526794;0.4107925295829773
38;5;1;2.2766304162895112;0.5424970531478621;0.8655394315719604;0.8466940522193909;0.45719799399375916;0.47012361884117126;-0.2137155532836914;0.6677578091621399;0.30661553144454956;0.5685833096504211
38;5;2;1.4250419457315804;0.37094755568612836;0.8655394315719604;0.8466940522193909;0.45719799399375916;0.47012361884117126;0.08828624337911606;0.6401292681694031;-0.2670662999153137;0.4382733702659607
38;5;3;0.9915275282204643;0.380498246251344;0.8655394315719604;0.8466940522193909;0.45719799399375916;0.47012361884117126;-0.7573794722557068;0.6868361830711365;0.6610900163650513;0.44926849007606506
39;5;1;2.2280643731202554;0.5166886593329476;0.865338146686554;0.8470200300216675;0.4520634114742279;0.4640375077724457;-0.2177220582962036;0.6777979731559753;0.31164950132369995;0.5793894529342651
39;5;2;1.4290060092288055;0.3676671293283893;0.865338146686554;0.8470200300216675;0.4520634114742279;0.4640375077724457;0.08785063773393631;0.6517186760902405;-0.27942413091659546;0.45249539613723755
39;5;3;0.9984531317353147;0.3778486082894128;0.865338146686554;0.8470200300216675;0.4520634114742279;0.4640375077724457;-0.7698240280151367;0.7054855823516846;0.6879396438598633;0.4872395098209381
40;5;1;2.197724979333155;0.5128564758478227;0.863727867603302;0.845923662185669;0.4478846788406372;0.4585897624492645;-0.2217317372560501;0.687190592288971;0.31656965613365173;0.5903375148773193
40;5;2;1.4120937162037146;0.36273805871853604;0.863727867603302;0.845923662185669;0.4478846788406372;0.4585897624492645;0.08729948103427887;0.6628592014312744;-0.2918473482131958;0.4661412835121155
40;5;3;0.9852572416492116;0.3765182728467784;0.863727867603302;0.845923662185669;0.4478846788406372;0.4585897624492645;-0.7818222045898438;0.7234401106834412;0.7141350507736206;0.5242854356765747
41;5;1;2.173862614117283;0.5175266232680142;0.8595008254051208;0.8468372821807861;0.4443148970603943;0.45376864075660706;-0.22580192983150482;0.6959554553031921;0.3217485845088959;0.6014026403427124
41;5;2;1.4052673897873253;0.3616720512558831;0.8595008254051208;0.8468372821807861;0.4443148970603943;0.45376864075660706;0.08674675226211548;0.6736248135566711;-0.3040962815284729;0.47851985692977905
41;5;3;0.9775448493615135;0.3748367656678284;0.8595008254051208;0.8468372821807861;0.4443148970603943;0.45376864075660706;-0.7933780550956726;0.7406985759735107;0.7393858432769775;0.5599954724311829
42;5;1;2.1635387675158455;0.5019026829423261;0.8556762933731079;0.8482596278190613;0.440866619348526;0.4495474398136139;-0.22997677326202393;0.7041513919830322;0.3274124562740326;0.6124488711357117
42;5;2;1.3911041177136116;0.36500442428078594;0.8556762933731079;0.8482596278190613;0.440866619348526;0.4495474398136139;0.0863303542137146;0.6840577721595764;-0.3158629238605499;0.48937374353408813
42;5;3;0.9890337093169972;0.3731631999025433;0.8556762933731079;0.8482596278190613;0.440866619348526;0.4495474398136139;-0.8044962286949158;0.7572717070579529;0.7634389400482178;0.5940117239952087
43;5;1;2.1478717552862543;0.4939969075833819;0.8552737236022949;0.8474224805831909;0.4370185136795044;0.4456905126571655;-0.2342042177915573;0.7117477059364319;0.3334580361843109;0.6236463785171509
43;5;2;1.3731854640047176;0.3684638925854342;0.8552737236022949;0.8474224805831909;0.4370185136795044;0.4456905126571655;0.08598817884922028;0.694165050983429;-0.3272276520729065;0.4986846148967743
43;5;3;0.986312056629358;0.37909158248403463;0.8552737236022949;0.8474224805831909;0.4370185136795044;0.4456905126571655;-0.81517493724823;0.7731689810752869;0.7861118316650391;0.6260760426521301
44;5;1;2.1478625417889035;0.49470179225151867;0.8560788631439209;0.848802924156189;0.43291816115379333;0.4419771432876587;-0.23844800889492035;0.7188623547554016;0.3396258056163788;0.6348050832748413
44;5;2;1.3538381780135236;0.3699621451414794;0.8560788631439209;0.848802924156189;0.43291816115379333;0.4419771432876587;0.08576939254999161;0.7039198279380798;-0.3380139470100403;0.5069054961204529
44;5;3;0.9769429870118334;0.379835824950129;0.8560788631439209;0.848802924156189;0.43291816115379333;0.4419771432876587;-0.8254127502441406;0.7884058952331543;0.8072777986526489;0.6560091376304626
45;5;1;2.1415297403973677;0.49125520708917403;0.8564814329147339;0.8490744829177856;0.42860907316207886;0.43886831402778625;-0.2426557093858719;0.7255854606628418;0.3456226885318756;0.6456605195999146
45;5;2;1.3649854086198259;0.3721310260889199;0.8564814329147339;0.8490744829177856;0.42860907316207886;0.43886831402778625;0.08564285188913345;0.7132560610771179;-0.3481944501399994;0.5147060751914978
45;5;3;0.9723107881008533;0.38190572705420056;0.8564814329147339;0.8490744829177856;0.42860907316207886;0.43886831402778625;-0.8351995348930359;0.802982747554779;0.8268706798553467;0.6837177872657776
46;5;1;2.1461359735494083;0.4895558354015481;0.8599034547805786;0.8496769666671753;0.42473104596138;0.4363575577735901;-0.24677322804927826;0.731957197189331;0.3511838912963867;0.6561189889907837
46;5;2;1.350849431392831;0.3707071556041681;0.8599034547805786;0.8496769666671753;0.42473104596138;0.4363575577735901;0.08558791875839233;0.7221207618713379;-0.3577520549297333;0.5224941968917847
46;5;3;0.9671278470638169;0.37935797936324445;0.8599034547805786;0.8496769666671753;0.42473104596138;0.4363575577735901;-0.8445188403129578;0.8168848156929016;0.8448765277862549;0.7091817259788513
47;5;1;2.1325661563171945;0.48257130695214734;0.8619163036346436;0.8506944179534912;0.42174234986305237;0.4343126118183136;-0.2507493495941162;0.7379957437515259;0.35610926151275635;0.666204035282135
47;5;2;1.3409299915366315;0.36860172317464857;0.8619163036346436;0.8506944179534912;0.42174234986305237;0.4343126118183136;0.08561433851718903;0.7304820418357849;-0.36662495136260986;0.5304388403892517
47;5;3;0.9500865722527854;0.38044769762825625;0.8619163036346436;0.8506944179534912;0.42174234986305237;0.4343126118183136;-0.8533532023429871;0.8300890326499939;0.8613123893737793;0.7324255704879761
48;5;1;2.1154175723771775;0.47619684551364827;0.8599033951759338;0.8516721725463867;0.4198008179664612;0.4325326979160309;-0.2545822560787201;0.7436962127685547;0.3603779673576355;0.6758641004562378
48;5;2;1.343129449365935;0.3694497589106933;0.8599033951759338;0.8516721725463867;0.4198008179664612;0.4325326979160309;0.08573794364929199;0.7383132576942444;-0.3747665584087372;0.5386648774147034
48;5;3;0.9400660482238097;0.38214429374355463;0.8599033951759338;0.8516721725463867;0.4198008179664612;0.4325326979160309;-0.8616899251937866;0.8425728678703308;0.8762164115905762;0.7535030245780945
49;5;1;2.122568692746274;0.4723787144198335;0.8586956262588501;0.8511141538619995;0.4183398485183716;0.4308381676673889;-0.25822001695632935;0.7489421367645264;0.36413025856018066;0.6853157877922058
49;5;2;1.338561296644829;0.36839776283590364;0.8586956262588501;0.8511141538619995;0.4183398485183716;0.4308381676673889;0.08583644777536392;0.7456184029579163;-0.38244539499282837;0.5468950867652893
49;5;3;0.9309210500247707;0.3816150965127032;0.8586956262588501;0.8511141538619995;0.4183398485183716;0.4308381676673889;-0.8695214986801147;0.8543180227279663;0.8896472454071045;0.772497296333313
50;5;1;2.1054090733622486;0.467804323964077;0.852858304977417;0.8521562814712524;0.41756772994995117;0.42931830883026123;-0.2617103159427643;0.7536914944648743;0.36751818656921387;0.6946220397949219
50;5;2;1.3407823860318242;0.367713432063304;0.852858304977417;0.8521562814712524;0.41756772994995117;0.42931830883026123;0.08591865003108978;0.7524242401123047;-0.38969630002975464;0.5548346042633057
50;5;3;0.9266825309895559;0.3791854110836703;0.852858304977417;0.8521562814712524;0.41756772994995117;0.42931830883026123;-0.8768505454063416;0.8653203845024109;0.9016592502593994;0.7894846200942993
51;5;1;2.070945816173764;0.45918556574082814;0.854468584060669;0.8527513742446899;0.4167311489582062;0.4281063675880432;-0.26504433155059814;0.7578927278518677;0.37060877680778503;0.7040091753005981
51;5;2;1.3408979488493618;0.3687512269518667;0.854468584060669;0.8527513742446899;0.4167311489582062;0.4281063675880432;0.0860053300857544;0.7587690949440002;-0.39654862880706787;0.5621314644813538
51;5;3;0.9206184998717628;0.37853464925464175;0.854468584060669;0.8527513742446899;0.4167311489582062;0.4281063675880432;-0.8836847543716431;0.8755847215652466;0.9123059511184692;0.8045413494110107
52;5;1;2.05488225863201;0.45267305082962217;0.8556763529777527;0.8535489439964294;0.41618362069129944;0.42707473039627075;-0.26825451850891113;0.7615289092063904;0.373555988073349;0.7135266065597534
52;5;2;1.3293737205121712;0.36670210714877083;0.8556763529777527;0.8535489439964294;0.41618362069129944;0.42707473039627075;0.08613415062427521;0.7646947503089905;-0.402989000082016;0.568509042263031
52;5;3;0.9189032672325386;0.3794888352514838;0.8556763529777527;0.8535489439964294;0.41618362069129944;0.42707473039627075;-0.8900378942489624;0.8851279020309448;0.9216381311416626;0.8177391886711121
53;5;1;2.0626165469805544;0.4563351833073712;0.8548711538314819;0.856418251991272;0.41547098755836487;0.4261225759983063;-0.2713412642478943;0.7647307515144348;0.376360148191452;0.7231329083442688
53;5;2;1.3388207108186503;0.3682373432113364;0.8548711538314819;0.856418251991272;0.41547098755836487;0.4261225759983063;0.08648944646120071;0.7702595591545105;-0.4087013900279999;0.5737543106079102
53;5;3;0.9253723603017461;0.37866851977576177;0.8548711538314819;0.856418251991272;0.41547098755836487;0.4261225759983063;-0.8959288597106934;0.8939770460128784;0.9297099113464355;0.8291543126106262
54;5;1;2.0665965951316547;0.45361585771292745;0.85326087474823;0.8583739995956421;0.4144415259361267;0.425130695104599;-0.27429524064064026;0.7675890922546387;0.3789748549461365;0.7327640652656555
54;5;2;1.3356778700682632;0.3689219181107677;0.85326087474823;0.8583739995956421;0.4144415259361267;0.425130695104599;0.08715120702981949;0.7754878401756287;-0.41356250643730164;0.5778719782829285
54;5;3;0.9265951837902353;0.38055065848444336;0.85326087474823;0.8583739995956421;0.4144415259361267;0.425130695104599;-0.901373565196991;0.9021573662757874;0.9366077184677124;0.8389094471931458
55;5;1;2.0699493989916116;0.458664435713815;0.854468584060669;0.8570603132247925;0.41279086470603943;0.4238537847995758;-0.2770445942878723;0.7700261473655701;0.381420373916626;0.7424631714820862
55;5;2;1.3298291176860486;0.36835291116928603;0.854468584060669;0.8570603132247925;0.41279086470603943;0.4238537847995758;0.08788447082042694;0.7803549766540527;-0.4179936349391937;0.5810696482658386
55;5;3;0.9237749834960738;0.37678993528381;0.854468584060669;0.8570603132247925;0.41279086470603943;0.4238537847995758;-0.9063839912414551;0.9096892476081848;0.9424630403518677;0.8471900820732117
56;5;1;2.0813999032992223;0.4594372266888085;0.8576892018318176;0.8571985960006714;0.41075336933135986;0.4223995506763458;-0.2795533537864685;0.7720599174499512;0.38376638293266296;0.752155065536499
56;5;2;1.3269607195223516;0.3717352557009179;0.8576892018318176;0.8571985960006714;0.41075336933135986;0.4223995506763458;0.08858534693717957;0.7848622798919678;-0.42219802737236023;0.5834642648696899
56;5;3;0.92517374788327;0.38095810896831894;0.8576892018318176;0.8571985960006714;0.41075336933135986;0.4223995506763458;-0.9109781980514526;0.9166024327278137;0.9474084377288818;0.8541837930679321
57;5;1;2.0794238874287236;0.4566256276711407;0.8588969707489014;0.8588629364967346;0.4084930419921875;0.4207128882408142;-0.2818171977996826;0.7738077044487;0.38600820302963257;0.7616598010063171
57;5;2;1.3176412564246265;0.37294881592777873;0.8588969707489014;0.8588629364967346;0.4084930419921875;0.4207128882408142;0.08926372975111008;0.7890231609344482;-0.4261626601219177;0.5852604508399963
57;5;3;0.9185452342923632;0.38409106510517743;0.8588969707489014;0.8588629364967346;0.4084930419921875;0.4207128882408142;-0.915183424949646;0.9229408502578735;0.951567530632019;0.860065758228302
58;5;1;2.0709278380767353;0.45518801731353076;0.8558776378631592;0.8594160079956055;0.4056291878223419;0.4189837872982025;-0.28383922576904297;0.7753042578697205;0.3879530429840088;0.7708771824836731
58;5;2;1.3106806147101162;0.3784577476510873;0.8558776378631592;0.8594160079956055;0.4056291878223419;0.4189837872982025;0.08981521427631378;0.7928007245063782;-0.4300461411476135;0.5870896577835083
58;5;3;0.9133465225857638;0.3865932462813988;0.8558776378631592;0.8594160079956055;0.4056291878223419;0.4189837872982025;-0.9190303683280945;0.9287514090538025;0.9550610780715942;0.8650063872337341
59;5;1;2.0791791050724004;0.44960926922926703;0.8578904867172241;0.860388994216919;0.4035186767578125;0.4173446297645569;-0.2856345474720001;0.7766395807266235;0.3894690275192261;0.7796183228492737
59;5;2;1.3121854664959436;0.37936682400177935;0.8578904867172241;0.860388994216919;0.4035186767578125;0.4173446297645569;0.09017203003168106;0.796177864074707;-0.4339497983455658;0.5894390940666199
59;5;3;0.9289056106192914;0.38938074253064237;0.8578904867172241;0.860388994216919;0.4035186767578125;0.4173446297645569;-0.9225541949272156;0.9340865612030029;0.9579845666885376;0.8691408038139343
60;5;1;2.0868280371908314;0.4442190411318858;0.8667472004890442;0.8612433671951294;0.40203291177749634;0.4157748818397522;-0.28720366954803467;0.777970552444458;0.3904416263103485;0.787667989730835
60;5;2;1.3089501396317607;0.3844198963992542;0.8667472004890442;0.8612433671951294;0.40203291177749634;0.4157748818397522;0.09034208953380585;0.799160897731781;-0.43785709142684937;0.5926796793937683
60;5;3;0.9242914836590597;0.3880132743199618;0.8667472004890442;0.8612433671951294;0.40203291177749634;0.4157748818397522;-0.9257969856262207;0.9390069246292114;0.9603927135467529;0.8725463151931763
61;5;1;2.0890850661486082;0.44717796213270233;0.8671497702598572;0.8619644045829773;0.40106475353240967;0.4139011800289154;-0.28861507773399353;0.779306948184967;0.39099666476249695;0.795154869556427
61;5;2;1.3138087348008636;0.38408067333723794;0.8671497702598572;0.8619644045829773;0.40106475353240967;0.4139011800289154;0.09033684432506561;0.8018204569816589;-0.4417904019355774;0.5966519117355347
61;5;3;0.9313843554855028;0.3887926839831093;0.8671497702598572;0.8619644045829773;0.40106475353240967;0.4139011800289154;-0.9288116693496704;0.9435895085334778;0.9622925519943237;0.8752330541610718
62;5;1;2.105263197871648;0.45680667668992037;0.8683575391769409;0.8633397817611694;0.40047428011894226;0.411886602640152;-0.28989237546920776;0.7807474136352539;0.39126184582710266;0.8021722435951233
62;5;2;1.3135639911809491;0.39253403160932;0.8683575391769409;0.8633397817611694;0.40047428011894226;0.411886602640152;0.0902789905667305;0.8042531609535217;-0.44563302397727966;0.6010537147521973
62;5;3;0.9250284193057476;0.3928557310011942;0.8683575391769409;0.8633397817611694;0.40047428011894226;0.411886602640152;-0.9316562414169312;0.9479199051856995;0.9636522531509399;0.8771559596061707
63;5;1;2.1149025259933296;0.4628960073601247;0.8627214431762695;0.8635966181755066;0.4003888964653015;0.4098691940307617;-0.2911190390586853;0.7823353409767151;0.3916878402233124;0.8086546659469604
63;5;2;1.3339130964403534;0.3965000381724453;0.8627214431762695;0.8635966181755066;0.4003888964653015;0.4098691940307617;0.09020140022039413;0.806560754776001;-0.44939714670181274;0.6054642200469971
63;5;3;0.9412083211516915;0.397043920015558;0.8627214431762695;0.8635966181755066;0.4003888964653015;0.4098691940307617;-0.9343850612640381;0.9520792365074158;0.9644342660903931;0.8782621026039124
64;5;1;2.1246247334220953;0.4705706420158364;0.8599033951759338;0.8658264875411987;0.40014874935150146;0.4078109562397003;-0.2923571765422821;0.7842500805854797;0.3924317955970764;0.8144556879997253
64;5;2;1.3347077801177765;0.39544767116558477;0.8599033951759338;0.8658264875411987;0.40014874935150146;0.4078109562397003;0.0902843102812767;0.8088319301605225;-0.45282575488090515;0.6096426844596863
64;5;3;0.9518072871171714;0.4010466526236276;0.8599033951759338;0.8658264875411987;0.40014874935150146;0.4078109562397003;-0.9370452165603638;0.956139087677002;0.9646159410476685;0.8785190582275391
65;5;1;2.1447443126816594;0.47094487651818806;0.8635265827178955;0.870478630065918;0.3999316990375519;0.4057426154613495;-0.293662965297699;0.7866826057434082;0.39369019865989685;0.8196067810058594
65;5;2;1.3453157286003359;0.393504196625758;0.8635265827178955;0.870478630065918;0.3999316990375519;0.4057426154613495;0.09087463468313217;0.8111971616744995;-0.45539578795433044;0.6128731966018677
65;5;3;0.9402580451234055;0.4054723109420566;0.8635265827178955;0.870478630065918;0.3999316990375519;0.4057426154613495;-0.9396647214889526;0.9601438641548157;0.9642292261123657;0.8779719471931458
66;5;1;2.1516467258897416;0.4918114494782442;0.8663446307182312;0.8735257983207703;0.3986884653568268;0.4034477174282074;-0.2950616776943207;0.7895786166191101;0.3956288695335388;0.8243330121040344
66;5;2;1.3478790301415744;0.39429499142105273;0.8663446307182312;0.8735257983207703;0.3986884653568268;0.4034477174282074;0.0920615866780281;0.8137132525444031;-0.4570434093475342;0.6145818829536438
66;5;3;0.9541632668703963;0.4090200090671261;0.8663446307182312;0.8735257983207703;0.3986884653568268;0.4034477174282074;-0.9422404170036316;0.9640911221504211;0.9634270668029785;0.8768377304077148
67;5;1;2.134129250515331;0.4855339976497497;0.8667472004890442;0.8740641474723816;0.3975588083267212;0.4008500874042511;-0.2964645028114319;0.7927585244178772;0.3982820212841034;0.8285931348800659
67;5;2;1.3305446019907343;0.3921245097707402;0.8667472004890442;0.8740641474723816;0.3975588083267212;0.4008500874042511;0.09350915253162384;0.8162817358970642;-0.4583244323730469;0.6151193380355835
67;5;3;0.9482813683686997;0.4109922741301837;0.8667472004890442;0.8740641474723816;0.3975588083267212;0.4008500874042511;-0.9447399377822876;0.9679343104362488;0.9624836444854736;0.8755033016204834
68;5;1;2.1272352319340264;0.4957030926266768;0.8655394315719604;0.8782373070716858;0.3969459533691406;0.3977600336074829;-0.29774680733680725;0.7962711453437805;0.40123626589775085;0.8322198390960693
68;5;2;1.3599084316918457;0.4057365102217445;0.8655394315719604;0.8782373070716858;0.3969459533691406;0.3977600336074829;0.09515747427940369;0.8187758326530457;-0.45926952362060547;0.6153101921081543
68;5;3;0.9711889997056078;0.410184083906596;0.8655394315719604;0.8782373070716858;0.3969459533691406;0.3977600336074829;-0.9471250772476196;0.9716160297393799;0.9617174863815308;0.8744198083877563
69;5;1;2.1327901713913215;0.5094083768491773;0.8663446307182312;0.8816128969192505;0.39740249514579773;0.39412856101989746;-0.29879188537597656;0.8000150918960571;0.4040818214416504;0.8353041410446167
69;5;2;1.375569052032092;0.4123040899034711;0.8663446307182312;0.8816128969192505;0.39740249514579773;0.39412856101989746;0.09678404033184052;0.8210622668266296;-0.460201233625412;0.6158806681632996
69;5;3;0.9505423181683019;0.4172416304888378;0.8663446307182312;0.8816128969192505;0.39740249514579773;0.39412856101989746;-0.9493575096130371;0.9750775694847107;0.9614633321762085;0.8740603923797607
70;5;1;2.1319070751513554;0.5090360444587265;0.8659420013427734;0.8877639770507812;0.3991553485393524;0.3898257315158844;-0.2995537221431732;0.8040827512741089;0.40663719177246094;0.8377004265785217
70;5;2;1.3924716248645428;0.4203107200054621;0.8659420013427734;0.8877639770507812;0.3991553485393524;0.3898257315158844;0.098442442715168;0.8230783343315125;-0.4610353410243988;0.6171943545341492
70;5;3;0.9558652248953852;0.4237067093599669;0.8659420013427734;0.8877639770507812;0.3991553485393524;0.3898257315158844;-0.9514150023460388;0.9782832860946655;0.9620072841644287;0.8748298287391663
71;5;1;2.136737850183305;0.505942681964231;0.8735910058021545;0.8903123140335083;0.40156951546669006;0.38535940647125244;-0.30010122060775757;0.8082607388496399;0.4091595709323883;0.8395063877105713
71;5;2;1.3823318397283133;0.4206229153932073;0.8735910058021545;0.8903123140335083;0.40156951546669006;0.38535940647125244;0.09985201060771942;0.8247973918914795;-0.46227511763572693;0.6191312074661255
71;5;3;0.9581952582765263;0.42496006855322266;0.8735910058021545;0.8903123140335083;0.40156951546669006;0.38535940647125244;-0.9532841444015503;0.9812119603157043;0.9635766744613647;0.8770492672920227
72;5;1;2.1209121657308785;0.5105741136151538;0.874194860458374;0.8935002088546753;0.4020666480064392;0.3807485103607178;-0.30036690831184387;0.8124622106552124;0.4119051992893219;0.8410311937332153
72;5;2;1.3992717677236026;0.42143375801586247;0.874194860458374;0.8935002088546753;0.4020666480064392;0.3807485103607178;0.10094551742076874;0.8262808918952942;-0.4641048312187195;0.6211196184158325
72;5;3;0.9667228773822831;0.4346834108018762;0.874194860458374;0.8935002088546753;0.4020666480064392;0.3807485103607178;-0.9549738764762878;0.9838780760765076;0.9662857055664062;0.8808802366256714
73;5;1;2.1534225070074804;0.5330686434712213;0.873792290687561;0.8978240489959717;0.40419456362724304;0.3757876455783844;-0.3004066050052643;0.8168795108795166;0.41474175453186035;0.8420510292053223
73;5;2;1.3998453943674871;0.4287846495426435;0.873792290687561;0.8978240489959717;0.40419456362724304;0.3757876455783844;0.10185795277357101;0.8275483846664429;-0.46629929542541504;0.6234617233276367
73;5;3;0.9811317026697015;0.44500862336415414;0.873792290687561;0.8978240489959717;0.40419456362724304;0.3757876455783844;-0.9565173983573914;0.9863333702087402;0.970149040222168;0.8863440155982971
74;5;1;2.219449735978186;0.5688741814712319;0.8778179883956909;0.9014317393302917;0.4039602279663086;0.37013721466064453;-0.3002094328403473;0.8217068910598755;0.41762199997901917;0.8425306081771851
74;5;2;1.3977016591630633;0.43750826383823416;0.8778179883956909;0.9014317393302917;0.4039602279663086;0.37013721466064453;0.1027359887957573;0.8286672830581665;-0.468670129776001;0.6261681318283081
74;5;3;0.9988401813775445;0.45136783948634207;0.8778179883956909;0.9014317393302917;0.4039602279663086;0.37013721466064453;-0.95796799659729;0.9886606335639954;0.9751100540161133;0.8933597803115845
75;5;1;2.265705761239378;0.579598606664109;0.8782206177711487;0.9051332473754883;0.4029480516910553;0.3638206422328949;-0.299835205078125;0.8270266056060791;0.42067572474479675;0.8426137566566467
75;5;2;1.422918226727405;0.4431770070924368;0.8782206177711487;0.9051332473754883;0.4029480516910553;0.3638206422328949;0.10364717245101929;0.8297516703605652;-0.47116273641586304;0.6288949847221375
75;5;3;0.9822582310571493;0.4595674093099391;0.8782206177711487;0.9051332473754883;0.4029480516910553;0.3638206422328949;-0.9593912363052368;0.990962564945221;0.9810675382614136;0.901785135269165
76;5;1;2.243303327080941;0.575344903544269;0.8836553692817688;0.9095138311386108;0.3987675905227661;0.35797426104545593;-0.29937687516212463;0.8329307436943054;0.4240041673183441;0.8424649238586426
76;5;2;1.413058876885028;0.44813396315582343;0.8836553692817688;0.9095138311386108;0.3987675905227661;0.35797426104545593;0.10481417179107666;0.830930233001709;-0.47349226474761963;0.6311588883399963
76;5;3;0.9885278069447025;0.47326514210769544;0.8836553692817688;0.9095138311386108;0.3987675905227661;0.35797426104545593;-0.9608464241027832;0.9933337569236755;0.9878904819488525;0.9114342331886292
77;5;1;2.273860829051344;0.5816451863243808;0.8820450901985168;0.9118942618370056;0.3908166289329529;0.3524656593799591;-0.29889270663261414;0.8394427299499512;0.4277363717556;0.8421560525894165
77;5;2;1.3938365121488259;0.4424784980777492;0.8820450901985168;0.9118942618370056;0.3908166289329529;0.3524656593799591;0.10634230077266693;0.8322882652282715;-0.4755484461784363;0.6326372623443604
77;5;3;1.004841442481494;0.4908223045411475;0.8820450901985168;0.9118942618370056;0.3908166289329529;0.3524656593799591;-0.9623764753341675;0.9958423376083374;0.9954742193222046;0.9221590757369995
78;5;1;2.3287060291651107;0.6064736154236936;0.8856682777404785;0.9142006635665894;0.3824826776981354;0.3468071222305298;-0.29825344681739807;0.8464781641960144;0.43170472979545593;0.842064380645752
78;5;2;1.4122883154796018;0.45983421006880754;0.8856682777404785;0.9142006635665894;0.3824826776981354;0.3468071222305298;0.10816481709480286;0.8338517546653748;-0.477456659078598;0.6333126425743103
78;5;3;0.9877111911066647;0.5076720865970534;0.8856682777404785;0.9142006635665894;0.3824826776981354;0.3468071222305298;-0.9640061259269714;0.9985272288322449;1.0037775039672852;0.933901846408844
79;5;1;2.3446870183693047;0.6316908939117933;0.8876811861991882;0.9152822494506836;0.37261703610420227;0.34127503633499146;-0.29746055603027344;0.8538389801979065;0.435701847076416;0.8423848152160645
79;5;2;1.4342297083792026;0.47572087697171916;0.8876811861991882;0.9152822494506836;0.37261703610420227;0.34127503633499146;0.11002298444509506;0.8355779647827148;-0.4795634150505066;0.6335905194282532
79;5;3;0.9848062393789601;0.5069915269951357;0.8876811861991882;0.9152822494506836;0.37261703610420227;0.34127503633499146;-0.9657422304153442;1.0013946294784546;1.0128034353256226;0.9466662406921387
80;5;1;2.3136088780534996;0.6314022201940546;0.8917069435119629;0.9171193838119507;0.36459746956825256;0.33690571784973145;-0.2965492904186249;0.8614282011985779;0.4390760064125061;0.8430740237236023
80;5;2;1.454239037357958;0.4926471381190227;0.8917069435119629;0.9171193838119507;0.36459746956825256;0.33690571784973145;0.11180112510919571;0.837347149848938;-0.48195403814315796;0.6345387101173401
80;5;3;0.9714477979838776;0.5182979109161052;0.8917069435119629;0.9171193838119507;0.36459746956825256;0.33690571784973145;-0.9675790071487427;1.0044281482696533;1.0225352048873901;0.9604292511940002
81;5;1;2.340885268190034;0.6332802346672652;0.8953300714492798;0.9179589748382568;0.35848677158355713;0.3335500955581665;-0.29546013474464417;0.8691785335540771;0.44192075729370117;0.8441282510757446
81;5;2;1.4715976356234277;0.5178071211121078;0.8953300714492798;0.9179589748382568;0.35848677158355713;0.3335500955581665;0.1134868860244751;0.8391699194908142;-0.48461347818374634;0.636012077331543
81;5;3;0.9819676889445317;0.5251285392724139;0.8953300714492798;0.9179589748382568;0.35848677158355713;0.3335500955581665;-0.969511866569519;1.0076148509979248;1.032891869544983;0.9750756025314331
82;5;1;2.340841783707705;0.621355294997195;0.8973430395126343;0.9160230159759521;0.35459643602371216;0.33010798692703247;-0.2940371036529541;0.8769031763076782;0.44428619742393494;0.8458412289619446
82;5;2;1.4747788596969666;0.5258734964092926;0.8973430395126343;0.9160230159759521;0.35459643602371216;0.33010798692703247;0.11476767808198929;0.8410546183586121;-0.487998902797699;0.6379817724227905
82;5;3;1.0046803907795496;0.5363827688983935;0.8973430395126343;0.9160230159759521;0.35459643602371216;0.33010798692703247;-0.9715558886528015;1.0109738111495972;1.0437326431274414;0.9904069304466248
83;5;1;2.3391246684286315;0.6219847599686439;0.9001610279083252;0.9179639220237732;0.3527064025402069;0.32608240842819214;-0.2923593521118164;0.8847313523292542;0.4461679458618164;0.8481460213661194
83;5;2;1.4666448330164377;0.5207534038882913;0.9001610279083252;0.9179639220237732;0.3527064025402069;0.32608240842819214;0.11584301292896271;0.8430856466293335;-0.49178338050842285;0.6403167247772217
83;5;3;1.020593778793737;0.5450166140853776;0.9001610279083252;0.9179639220237732;0.3527064025402069;0.32608240842819214;-0.9737634062767029;1.0145807266235352;1.054827094078064;1.0060968399047852
84;5;1;2.3516823606038244;0.6329891302550124;0.9005635976791382;0.9203047752380371;0.3526601195335388;0.32304859161376953;-0.2905891239643097;0.892855167388916;0.44760534167289734;0.8507722616195679
84;5;2;1.4395755570583288;0.529021872283661;0.9005635976791382;0.9203047752380371;0.3526601195335388;0.32304859161376953;0.11703882366418839;0.8453484177589417;-0.4954530596733093;0.6428738236427307
84;5;3;1.017035268507331;0.5446259758798644;0.9005635976791382;0.9203047752380371;0.3526601195335388;0.32304859161376953;-0.9761860370635986;1.018512487411499;1.0659019947052002;1.0217591524124146
85;5;1;2.375378986272236;0.6260690220893528;0.8860708475112915;0.9222456812858582;0.351308673620224;0.3210487961769104;-0.2889123558998108;0.9013680219650269;0.4488186836242676;0.8535227179527283
85;5;2;1.4245060633167697;0.5357198623604229;0.8860708475112915;0.9222456812858582;0.351308673620224;0.3210487961769104;0.11867301911115646;0.8479307293891907;-0.4985252320766449;0.6451907157897949
85;5;3;1.0174556887825252;0.5388065611253339;0.8860708475112915;0.9222456812858582;0.351308673620224;0.3210487961769104;-0.9788510799407959;1.0228122472763062;1.076728343963623;1.0370699167251587
86;5;1;2.3617456567401796;0.6327253690173071;0.8864734172821045;0.9227741956710815;0.3488624393939972;0.31968578696250916;-0.28737255930900574;0.9102610349655151;0.4497762620449066;0.8562824130058289
86;5;2;1.4512886426441725;0.5432897380700723;0.8864734172821045;0.9227741956710815;0.3488624393939972;0.31968578696250916;0.12087927758693695;0.8508166670799255;-0.5007967948913574;0.6472530364990234
86;5;3;1.014230229317337;0.5520198944964463;0.8864734172821045;0.9227741956710815;0.3488624393939972;0.31968578696250916;-0.9817456007003784;1.0274629592895508;1.0872012376785278;1.0518807172775269
87;5;1;2.3716722107449524;0.6365460033584327;0.8927133083343506;0.9246607422828674;0.3475326597690582;0.31835028529167175;-0.28589436411857605;0.9193875789642334;0.45051679015159607;0.859189510345459
87;5;2;1.4548982054714035;0.5436669828697092;0.8927133083343506;0.9246607422828674;0.3475326597690582;0.31835028529167175;0.1236807256937027;0.8539595603942871;-0.5022552609443665;0.6488699913024902
87;5;3;1.0254681890995458;0.547437110902568;0.8927133083343506;0.9246607422828674;0.3475326597690582;0.31835028529167175;-0.984817385673523;1.0323878526687622;1.0973612070083618;1.066249132156372
88;5;1;2.407095233554207;0.6377880726065595;0.8939211368560791;0.925199031829834;0.3457425534725189;0.3169899582862854;-0.284461110830307;0.9285275936126709;0.45080095529556274;0.8621853590011597
88;5;2;1.4610976203283368;0.5331865122392863;0.8939211368560791;0.925199031829834;0.3457425534725189;0.3169899582862854;0.12689757347106934;0.8571882247924805;-0.5031552910804749;0.6506098508834839
88;5;3;1.0319687355951102;0.5485176106026364;0.8939211368560791;0.925199031829834;0.3457425534725189;0.3169899582862854;-0.9879786372184753;1.0374550819396973;1.1073894500732422;1.0804311037063599
89;5;1;2.415821578611146;0.635906613177438;0.8943237066268921;0.9250558018684387;0.3450843393802643;0.3156396448612213;-0.28302356600761414;0.9372548460960388;0.45054253935813904;0.8654404878616333
89;5;2;1.4674938648564222;0.5389725527364693;0.8943237066268921;0.9250558018684387;0.3450843393802643;0.3156396448612213;0.13004502654075623;0.8603166341781616;-0.5042054653167725;0.6529312133789062
89;5;3;1.0198652949817673;0.5465295330925417;0.8943237066268921;0.9250558018684387;0.3450843393802643;0.3156396448612213;-0.9911231994628906;1.0425058603286743;1.1175376176834106;1.0947827100753784
90;5;1;2.392158366031076;0.6307659957293312;0.9001610279083252;0.925366997718811;0.3444720506668091;0.3147873282432556;-0.2815488576889038;0.9452674388885498;0.4497678875923157;0.8691086769104004
90;5;2;1.4628320888016262;0.538041874540439;0.9001610279083252;0.925366997718811;0.3444720506668091;0.3147873282432556;0.13288414478302002;0.8632211685180664;-0.5057806372642517;0.6559093594551086
90;5;3;1.017776038124703;0.5442742492695656;0.9001610279083252;0.925366997718811;0.3444720506668091;0.3147873282432556;-0.9941560626029968;1.0474015474319458;1.1280105113983154;1.1095936298370361
91;5;1;2.3977023572641736;0.6228733869259999;0.8969404697418213;0.9244483709335327;0.3447180986404419;0.3141934275627136;-0.2800061106681824;0.9523046016693115;0.4485641121864319;0.8732945322990417
91;5;2;1.4515412697818366;0.5386318984374263;0.8969404697418213;0.9244483709335327;0.3447180986404419;0.3141934275627136;0.13508838415145874;0.8658137321472168;-0.5083807706832886;0.6596325039863586
91;5;3;1.026986183049594;0.5483424104721082;0.8969404697418213;0.9244483709335327;0.3447180986404419;0.3141934275627136;-0.9970129728317261;1.052054762840271;1.1389102935791016;1.1250083446502686
92;5;1;2.398093063028578;0.6242604650019272;0.8973430395126343;0.9246705770492554;0.3454572260379791;0.31363072991371155;-0.27846652269363403;0.9583888649940491;0.4472079277038574;0.8778754472732544
92;5;2;1.4581046015586976;0.5451914569650436;0.8973430395126343;0.9246705770492554;0.3454572260379791;0.31363072991371155;0.13677537441253662;0.8681222796440125;-0.5118739008903503;0.6637206077575684
92;5;3;1.0292325602046972;0.5522868746636074;0.8973430395126343;0.9246705770492554;0.3454572260379791;0.31363072991371155;-0.9996795058250427;1.0564554929733276;1.1501867771148682;1.1409556865692139
93;5;1;2.4172784300744974;0.634224363918908;0.8981481790542603;0.9245619773864746;0.3463115096092224;0.3131348490715027;-0.27703699469566345;0.96357661485672;0.44595393538475037;0.8827310800552368
93;5;2;1.466236874867107;0.5506716629016273;0.8981481790542603;0.9245619773864746;0.3463115096092224;0.3131348490715027;0.13801464438438416;0.8702077865600586;-0.5161824226379395;0.6678656935691833
93;5;3;1.031416709186045;0.5526256971150487;0.8981481790542603;0.9245619773864746;0.3463115096092224;0.3131348490715027;-1.0021768808364868;1.0606456995010376;1.1616885662078857;1.157221794128418
94;5;1;2.419146239771849;0.6375718858545056;0.8993558883666992;0.9250459671020508;0.34689632058143616;0.3124254643917084;-0.27571606636047363;0.9680843353271484;0.44508811831474304;0.8878051042556763
94;5;2;1.474693252927472;0.5479922472288337;0.8993558883666992;0.9250459671020508;0.34689632058143616;0.3124254643917084;0.13911066949367523;0.8722001910209656;-0.5208867788314819;0.6714383363723755
94;5;3;1.020651737969735;0.555085346760205;0.8993558883666992;0.9250459671020508;0.34689632058143616;0.3124254643917084;-1.0045535564422607;1.0647038221359253;1.1731966733932495;1.1734966039657593
95;5;1;2.4198530319040366;0.641221938977643;0.9059984087944031;0.9251940846443176;0.34649157524108887;0.31149253249168396;-0.27450594305992126;0.972130298614502;0.4446764588356018;0.8929355144500732
95;5;2;1.471269647279029;0.5480615838166636;0.9059984087944031;0.9251940846443176;0.34649157524108887;0.31149253249168396;0.14025039970874786;0.8741759061813354;-0.5256933569908142;0.6743279695510864
95;5;3;1.0170105581751958;0.553802676890967;0.9059984087944031;0.9251940846443176;0.34649157524108887;0.31149253249168396;-1.0068609714508057;1.0687013864517212;1.1845091581344604;1.1894948482513428
96;5;1;2.4242333532204388;0.6492749150838577;0.906803548336029;0.9245940446853638;0.3450601100921631;0.31052353978157043;-0.2733916938304901;0.9758465886116028;0.4444712698459625;0.8979504108428955
96;5;2;1.4671899673746553;0.5461795442319293;0.906803548336029;0.9245940446853638;0.3450601100921631;0.31052353978157043;0.14139418303966522;0.8761224746704102;-0.5305870771408081;0.677073061466217
96;5;3;1.009543229831162;0.5508955080359561;0.906803548336029;0.9245940446853638;0.3450601100921631;0.31052353978157043;-1.0091369152069092;1.0726784467697144;1.195483922958374;1.2050155401229858
97;5;1;2.424498146429179;0.6489012656135138;0.9150563478469849;0.9258361458778381;0.3434990346431732;0.30973830819129944;-0.27236130833625793;0.9794700145721436;0.4442838728427887;0.9025954008102417
97;5;2;1.4690013908153619;0.5490790101579144;0.9150563478469849;0.9258361458778381;0.3434990346431732;0.30973830819129944;0.14275595545768738;0.8780455589294434;-0.5351945161819458;0.6799319386482239
97;5;3;1.0006851054396133;0.5473329131262501;0.9150563478469849;0.9258361458778381;0.3434990346431732;0.30973830819129944;-1.011408805847168;1.0766557455062866;1.2060164213180542;1.2199106216430664
98;5;1;2.437056016055913;0.6620403161020674;0.9146537780761719;0.925774335861206;0.342253178358078;0.30922791361808777;-0.2714284360408783;0.9831045866012573;0.4438786506652832;0.9066470265388489
98;5;2;1.4704865102928544;0.5443731064139756;0.9146537780761719;0.925774335861206;0.342253178358078;0.30922791361808777;0.14432723820209503;0.8798998594284058;-0.5394681692123413;0.6833876967430115
98;5;3;0.9951054108596269;0.5512314976468877;0.9146537780761719;0.925774335861206;0.342253178358078;0.30922791361808777;-1.0136867761611938;1.0806283950805664;1.2160600423812866;1.2341145277023315
99;5;1;2.4374833616443174;0.6622394638538074;0.9146537780761719;0.9257892370223999;0.34203532338142395;0.30866169929504395;-0.2705950438976288;0.9867829084396362;0.4431852400302887;0.9100314974784851
99;5;2;1.4704971703642808;0.5443731064139756;0.9146537780761719;0.9257892370223999;0.34203532338142395;0.30866169929504395;0.14606943726539612;0.8816657662391663;-0.5434464812278748;0.6876157522201538
99;5;3;0.987431037045968;0.5474454317221955;0.9146537780761719;0.9257892370223999;0.34203532338142395;0.30866169929504395;-1.0159730911254883;1.0845904350280762;1.225592017173767;1.2475947141647339
100;5;1;2.447056564877853;0.6584690107791857;0.9146537780761719;0.9261990785598755;0.342960000038147;0.30783170461654663;-0.26984378695487976;0.9905278086662292;0.4423445761203766;0.9128237962722778
100;5;2;1.4766513150582687;0.5495508162061293;0.9146537780761719;0.9261990785598755;0.342960000038147;0.30783170461654663;0.14804008603096008;0.8833776116371155;-0.5470809936523438;0.6923282146453857
100;5;3;0.9908100701350486;0.5480947992749137;0.9146537780761719;0.9261990785598755;0.342960000038147;0.30783170461654663;-1.0182710886001587;1.0885498523712158;1.234594464302063;1.2603261470794678
101;5;1;2.4591153744682277;0.650235774073538;0.9142512083053589;0.9265028238296509;0.3446802496910095;0.3068736791610718;-0.26914697885513306;0.9942837953567505;0.44160863757133484;0.9152350425720215
101;5;2;1.4744817056636599;0.5493135755520027;0.9142512083053589;0.9265028238296509;0.3446802496910095;0.3068736791610718;0.15023773908615112;0.8850837349891663;-0.5504404902458191;0.6970363259315491
101;5;3;0.9914200852061175;0.5498669382353225;0.9142512083053589;0.9265028238296509;0.3446802496910095;0.3068736791610718;-1.0205764770507812;1.0925123691558838;1.2430764436721802;1.2723214626312256
102;5;1;2.474552518252935;0.6540533457472888;0.9138486385345459;0.9276831150054932;0.34663376212120056;0.3059719204902649;-0.26848360896110535;0.9980210065841675;0.44113394618034363;0.9174479842185974
102;5;2;1.4723792225047552;0.5544757954879671;0.9138486385345459;0.9276831150054932;0.34663376212120056;0.3059719204902649;0.1527576595544815;0.8868110775947571;-0.5534576177597046;0.7013004422187805
102;5;3;0.9963177763328606;0.5476119751597572;0.9138486385345459;0.9276831150054932;0.34663376212120056;0.3059719204902649;-1.0228703022003174;1.096463680267334;1.251095175743103;1.2836617231369019
103;5;1;2.4901049929606467;0.6593017802202921;0.9064009189605713;0.9290314316749573;0.3479578197002411;0.30507975816726685;-0.2678455412387848;1.0016424655914307;0.44089531898498535;0.9196503758430481
103;5;2;1.4806592976123802;0.5524600431092792;0.9064009189605713;0.9290314316749573;0.3479578197002411;0.30507975816726685;0.15560826659202576;0.8885266780853271;-0.5561766624450684;0.7049900889396667
103;5;3;0.9926279360080574;0.550330235509354;0.9064009189605713;0.9290314316749573;0.3479578197002411;0.30507975816726685;-1.0251131057739258;1.1003543138504028;1.2587815523147583;1.2945318222045898
104;5;1;2.4864061586207313;0.6556648968051109;0.9053945541381836;0.9298462867736816;0.34874227643013;0.30404043197631836;-0.26716718077659607;1.0049991607666016;0.44079428911209106;0.9219527244567871
104;5;2;1.4794037044659225;0.5530557534393359;0.9053945541381836;0.9298462867736816;0.34874227643013;0.30404043197631836;0.1586165875196457;0.8901452422142029;-0.558866024017334;0.7082833051681519
104;5;3;0.993619112901575;0.5463050504650826;0.9053945541381836;0.9298462867736816;0.34874227643013;0.30404043197631836;-1.0272496938705444;1.1041045188903809;1.2663301229476929;1.3052071332931519
105;5;1;2.4788396193788254;0.6701414846566927;0.911433219909668;0.9307748079299927;0.349032998085022;0.3029184937477112;-0.2663755416870117;1.0079447031021118;0.4406428337097168;0.9243929982185364
105;5;2;1.4930657174356536;0.5544282895479276;0.911433219909668;0.9307748079299927;0.349032998085022;0.3029184937477112;0.16155262291431427;0.8915544152259827;-0.5618511438369751;0.7115925550460815
105;5;3;1.0007474117300914;0.5509981025117403;0.911433219909668;0.9307748079299927;0.349032998085022;0.3029184937477112;-1.0292242765426636;1.107627272605896;1.27394700050354;1.31597900390625
106;5;1;2.491214587114971;0.6710700520815722;0.9114331603050232;0.9312044382095337;0.34922152757644653;0.3017166554927826;-0.2653738260269165;1.010361909866333;0.4403548240661621;0.9270316362380981
106;5;2;1.5048411764440157;0.5576038219344142;0.9114331603050232;0.9312044382095337;0.34922152757644653;0.3017166554927826;0.16418537497520447;0.8926842212677002;-0.5654544830322266;0.715148389339447
106;5;3;1.0072148399243153;0.5517395503390943;0.9114331603050232;0.9312044382095337;0.34922152757644653;0.3017166554927826;-1.0309995412826538;1.1108613014221191;1.281785488128662;1.3270642757415771
107;5;1;2.5278418268288894;0.6919896798878078;0.9106279611587524;0.9316835403442383;0.34940478205680847;0.3004429042339325;-0.26409992575645447;1.0122501850128174;0.4399136006832123;0.929847240447998
107;5;2;1.4954142488281184;0.5586545058545327;0.9106279611587524;0.9316835403442383;0.34940478205680847;0.3004429042339325;0.1664302945137024;0.8935180306434631;-0.5697914361953735;0.7190471291542053
107;5;3;1.0145027427310849;0.555509224951547;0.9106279611587524;0.9316835403442383;0.34940478205680847;0.3004429042339325;-1.032571792602539;1.1137951612472534;1.2898972034454346;1.338536024093628
108;5;1;2.564604965381906;0.6945395909527425;0.9110305309295654;0.9325304627418518;0.34952130913734436;0.2989289164543152;-0.2625668942928314;1.0137205123901367;0.43927809596061707;0.9327665567398071
108;5;2;1.4955735640544354;0.5601186341148345;0.9110305309295654;0.9325304627418518;0.34952130913734436;0.2989289164543152;0.16837146878242493;0.8940851092338562;-0.574748158454895;0.7233583331108093
108;5;3;1.0065590132106133;0.5584285724127231;0.9110305309295654;0.9325304627418518;0.34952130913734436;0.2989289164543152;-1.0339751243591309;1.1164748668670654;1.2982239723205566;1.3503118753433228
109;5;1;2.588112889747216;0.6997109173997478;0.9106279611587524;0.9335947632789612;0.3497881591320038;0.2972549498081207;-0.26081323623657227;1.0149879455566406;0.4384990632534027;0.9356979727745056
109;5;2;1.4979044384724922;0.5629290802675708;0.9106279611587524;0.9335947632789612;0.3497881591320038;0.2972549498081207;0.17025582492351532;0.8944752812385559;-0.5799854397773743;0.7279207706451416
109;5;3;1.0028966702139712;0.558101229246315;0.9106279611587524;0.9335947632789612;0.3497881591320038;0.2972549498081207;-1.0352727174758911;1.1189919710159302;1.3066215515136719;1.3621878623962402
110;5;1;2.6102167834603147;0.6988029292786591;0.9102253913879395;0.9342763423919678;0.35017451643943787;0.29545074701309204;-0.25885090231895447;1.0162642002105713;0.4377538859844208;0.9385724663734436
110;5;2;1.502564207800904;0.5646043778619769;0.9102253913879395;0.9342763423919678;0.35017451643943787;0.29545074701309204;0.1722877025604248;0.8948097229003906;-0.585229754447937;0.7324033975601196
110;5;3;1.0052899439982568;0.5612787124847629;0.9102253913879395;0.9342763423919678;0.35017451643943787;0.29545074701309204;-1.0365368127822876;1.1214536428451538;1.3149220943450928;1.3739265203475952
111;5;1;2.6206506559598033;0.704447908995042;0.9094202518463135;0.935189962387085;0.3501354157924652;0.29359081387519836;-0.256691038608551;1.017724633216858;0.4371536374092102;0.9413149356842041
111;5;2;1.506767130055417;0.5625261497009961;0.9094202518463135;0.935189962387085;0.3501354157924652;0.29359081387519836;0.17461977899074554;0.8951824307441711;-0.5902721285820007;0.7366254925727844
111;5;3;1.0083315078802721;0.5637441045900808;0.9094202518463135;0.935189962387085;0.3501354157924652;0.29359081387519836;-1.0378291606903076;1.123950481414795;1.3229917287826538;1.3853387832641602
112;5;1;2.6528989437645354;0.7031909202568905;0.9098228812217712;0.9359356760978699;0.3493553400039673;0.29162847995758057;-0.2543359100818634;1.0194921493530273;0.43676692247390747;0.9437978863716125
112;5;2;1.5088139639913312;0.564982003458657;0.9098228812217712;0.9359356760978699;0.3493553400039673;0.29162847995758057;0.17731410264968872;0.8956447243690491;-0.5950179696083069;0.7405780553817749
112;5;3;1.0026810047902748;0.5657957641245823;0.9098228812217712;0.9359356760978699;0.3493553400039673;0.29162847995758057;-1.0391907691955566;1.1265389919281006;1.3307682275772095;1.3963364362716675
113;5;1;2.6690048091430025;0.7108350200875329;0.9166666269302368;0.9366813898086548;0.34764304757118225;0.2895354628562927;-0.25177016854286194;1.0216100215911865;0.43653741478919983;0.9459075927734375
113;5;2;1.509588825898117;0.5670054512268403;0.9166666269302368;0.9366813898086548;0.34764304757118225;0.2895354628562927;0.1803218573331833;0.8961932063102722;-0.5995185375213623;0.7444814443588257
113;5;3;0.9966208569812238;0.5686646294087687;0.9166666269302368;0.9366813898086548;0.34764304757118225;0.2895354628562927;-1.0406373739242554;1.129234790802002;1.3382728099822998;1.406949520111084
114;5;1;2.6811305959805987;0.7139114354878782;0.9172704815864563;0.9382494688034058;0.3442915678024292;0.2872656583786011;-0.24893920123577118;1.0240660905838013;0.43646836280822754;0.9476732015609741
114;5;2;1.5060038482408356;0.5700272694872441;0.9172704815864563;0.9382494688034058;0.3442915678024292;0.2872656583786011;0.18361042439937592;0.8968268632888794;-0.6038227677345276;0.7483333945274353
114;5;3;1.0002182622588274;0.5816697423785446;0.9172704815864563;0.9382494688034058;0.3442915678024292;0.2872656583786011;-1.042165756225586;1.1320279836654663;1.3455851078033447;1.4172906875610352
115;5;1;2.727166648643923;0.7204042973907594;0.9303542375564575;0.9392618536949158;0.3391331732273102;0.2847779393196106;-0.24576972424983978;1.0267213582992554;0.43626686930656433;0.9491998553276062
115;5;2;1.492824798967236;0.5698750540115207;0.9303542375564575;0.9392618536949158;0.3391331732273102;0.2847779393196106;0.18689283728599548;0.8974741101264954;-0.6083272695541382;0.7526286840438843
115;5;3;1.0015456833716154;0.5825303264462862;0.9303542375564575;0.9392618536949158;0.3391331732273102;0.2847779393196106;-1.0437583923339844;1.1348881721496582;1.3528307676315308;1.4275375604629517
116;5;1;2.750596037134631;0.7274546930141961;0.9315619468688965;0.940829873085022;0.33329516649246216;0.2821173071861267;-0.24221782386302948;1.02955961227417;0.4359923303127289;0.9504898190498352
116;5;2;1.4985089820035293;0.5692273093852283;0.9315619468688965;0.940829873085022;0.33329516649246216;0.2821173071861267;0.19012969732284546;0.8981355428695679;-0.6131086349487305;0.7572919130325317
116;5;3;1.0050317042913859;0.5848012764163992;0.9315619468688965;0.940829873085022;0.33329516649246216;0.2821173071861267;-1.045405387878418;1.1378040313720703;1.3601057529449463;1.4378259181976318
117;5;1;2.763399865314872;0.7401047463433521;0.9337761998176575;0.9424201250076294;0.3272821605205536;0.27903667092323303;-0.23827765882015228;1.0325926542282104;0.4357643127441406;0.9515401721000671
117;5;2;1.5254693967258577;0.5839814794037972;0.9337761998176575;0.9424201250076294;0.3272821605205536;0.27903667092323303;0.1933152973651886;0.8988410830497742;-0.6181963086128235;0.7621505856513977
117;5;3;1.0155870455471856;0.598287403172896;0.9337761998176575;0.9424201250076294;0.3272821605205536;0.27903667092323303;-1.0471100807189941;1.1407890319824219;1.367471694946289;1.4482429027557373
118;5;1;2.7771796161619626;0.7489516553876197;0.9357890486717224;0.9445931911468506;0.32074669003486633;0.27560096979141235;-0.23405419290065765;1.0358630418777466;0.4355657994747162;0.952217161655426
118;5;2;1.5334170077448857;0.5947707637393975;0.9357890486717224;0.9445931911468506;0.32074669003486633;0.27560096979141235;0.1964472234249115;0.8995996117591858;-0.623592734336853;0.7673485279083252
118;5;3;1.01027075833482;0.600549774336796;0.9357890486717224;0.9445931911468506;0.32074669003486633;0.27560096979141235;-1.0488873720169067;1.1438730955123901;1.3749641180038452;1.4588388204574585
119;5;1;2.8098126145338256;0.7646981266277999;0.9367954730987549;0.9478304386138916;0.31401878595352173;0.2718041241168976;-0.22951951622962952;1.0395134687423706;0.4356139302253723;0.9525352716445923
119;5;2;1.5354959291650898;0.5977259001246975;0.9367954730987549;0.9478304386138916;0.31401878595352173;0.2718041241168976;0.19981178641319275;0.9004876613616943;-0.6289697885513306;0.7724616527557373
119;5;3;1.011022314022049;0.6150758059783796;0.9367954730987549;0.9478304386138916;0.31401878595352173;0.2718041241168976;-1.0507636070251465;1.1471071243286133;1.3825860023498535;1.4696178436279297
120;5;1;2.8487788294099516;0.7707512080443637;0.9420289993286133;0.9526382684707642;0.3063342273235321;0.26717546582221985;-0.22468934953212738;1.0436984300613403;0.4361282289028168;0.9525213241577148
120;5;2;1.5289407764952454;0.594436741625727;0.9420289993286133;0.9526382684707642;0.3063342273235321;0.26717546582221985;0.20380742847919464;0.9015790224075317;-0.6338391304016113;0.7770469188690186
120;5;3;1.017514221709968;0.6292254491575613;0.9420289993286133;0.9526382684707642;0.3063342273235321;0.26717546582221985;-1.0527596473693848;1.150529146194458;1.3903852701187134;1.4806475639343262
121;5;1;2.8687099016684456;0.7702479681657088;0.9500805139541626;0.9568237066268921;0.295583575963974;0.2615521550178528;-0.2196849137544632;1.048402190208435;0.43693238496780396;0.951953649520874
121;5;2;1.5522009162983315;0.6099626079452127;0.9500805139541626;0.9568237066268921;0.295583575963974;0.2615521550178528;0.20831993222236633;0.9028180837631226;-0.6383399367332458;0.7816062569618225
121;5;3;1.0136421947497674;0.6272269096132588;0.9500805139541626;0.9568237066268921;0.295583575963974;0.2615521550178528;-1.0548627376556396;1.1541193723678589;1.398546576499939;1.4921894073486328
122;5;1;2.913320696758694;0.7824608698689817;0.9541062116622925;0.9610438942909241;0.28383320569992065;0.25508496165275574;-0.21457676589488983;1.0535138845443726;0.43766069412231445;0.9506961107254028
122;5;2;1.5755625112908653;0.6133749342722759;0.9541062116622925;0.9610438942909241;0.28383320569992065;0.25508496165275574;0.21304360032081604;0.9041060209274292;-0.6429004073143005;0.7868067622184753
122;5;3;1.0072492915507407;0.6388514126533673;0.9541062116622925;0.9610438942909241;0.28383320569992065;0.25508496165275574;-1.0570396184921265;1.1578291654586792;1.4073317050933838;1.5046133995056152
123;5;1;2.958276751498074;0.7801202074557523;0.9581320285797119;0.9656516313552856;0.2708556354045868;0.24788235127925873;-0.20925548672676086;1.0590195655822754;0.4386870861053467;0.9490031599998474
123;5;2;1.591810002291024;0.6238136223405633;0.9581320285797119;0.9656516313552856;0.2708556354045868;0.24788235127925873;0.21811531484127045;0.9055197238922119;-0.647392988204956;0.7918446063995361
123;5;3;1.0084201040786063;0.6538482532086203;0.9581320285797119;0.9656516313552856;0.2708556354045868;0.24788235127925873;-1.0592641830444336;1.161637306213379;1.416972279548645;1.518247365951538
124;5;1;2.95969694008296;0.7763764324528353;0.9637681245803833;0.9709557294845581;0.25504568219184875;0.23879875242710114;-0.2037581205368042;1.0649632215499878;0.4401884973049164;0.9467377662658691
124;5;2;1.6257749203128506;0.6369069497801401;0.9637681245803833;0.9709557294845581;0.25504568219184875;0.23879875242710114;0.2235703319311142;0.9070788025856018;-0.6517917513847351;0.7964820861816406
124;5;3;1.014632569198933;0.6691648688706686;0.9637681245803833;0.9709557294845581;0.25504568219184875;0.23879875242710114;-1.061510443687439;1.1655205488204956;1.4277570247650146;1.5334992408752441
125;5;1;3.0014838707223497;0.7857858232210848;0.9698067307472229;0.976254940032959;0.2401391863822937;0.22960026562213898;-0.19824205338954926;1.0711171627044678;0.44177180528640747;0.9436159133911133
125;5;2;1.6269456128305029;0.6383911269125204;0.9698067307472229;0.976254940032959;0.2401391863822937;0.22960026562213898;0.2286239117383957;0.9086807370185852;-0.6570605039596558;0.8015953302383423
125;5;3;1.011964382031893;0.6865491929171967;0.9698067307472229;0.976254940032959;0.2401391863822937;0.22960026562213898;-1.063724398612976;1.1694083213806152;1.4400403499603271;1.5508705377578735
126;5;1;2.9772833580903724;0.7929991617044791;0.9742351174354553;0.9811935424804688;0.22871115803718567;0.22059348225593567;-0.19291989505290985;1.0774226188659668;0.44347259402275085;0.9393990635871887
126;5;2;1.6349554722640134;0.674475137038272;0.9742351174354553;0.9811935424804688;0.22871115803718567;0.22059348225593567;0.23294565081596375;0.9103202223777771;-0.6635409593582153;0.8072949647903442
126;5;3;1.014820978975699;0.7350275824976684;0.9742351174354553;0.9811935424804688;0.22871115803718567;0.22059348225593567;-1.0658817291259766;1.173281192779541;1.4540224075317383;1.5706441402435303
127;5;1;3.0058200730620532;0.7990579684662968;0.977858304977417;0.9847691059112549;0.22022734582424164;0.21232634782791138;-0.1882685422897339;1.0839321613311768;0.44553375244140625;0.9336217641830444
127;5;2;1.6394874710689464;0.6810058032035244;0.977858304977417;0.9847691059112549;0.22022734582424164;0.21232634782791138;0.23632143437862396;0.9120500683784485;-0.6713448762893677;0.8137125968933105
127;5;3;1.0131315893522306;0.7633292578826376;0.977858304977417;0.9847691059112549;0.22022734582424164;0.21232634782791138;-1.0680186748504639;1.1772124767303467;1.4696379899978638;1.5927278995513916
128;5;1;3.069849479688579;0.809854234521632;0.979066014289856;0.9865717887878418;0.21283942461013794;0.20542483031749725;-0.18477880954742432;1.090788722038269;0.448331356048584;0.926176905632019
128;5;2;1.6424330226748491;0.6706990691364028;0.979066014289856;0.9865717887878418;0.21283942461013794;0.20542483031749725;0.23883381485939026;0.9140375852584839;-0.6802170276641846;0.820479154586792
128;5;3;0.9860428539186357;0.7742664252724651;0.979066014289856;0.9865717887878418;0.21283942461013794;0.20542483031749725;-1.07025146484375;1.1813933849334717;1.4864954948425293;1.6165680885314941
129;5;1;3.0699076145521946;0.8011217675073334;0.9806762933731079;0.9875841736793518;0.2067657858133316;0.19986942410469055;-0.1828819066286087;1.0983669757843018;0.45274314284324646;0.9168541431427002
129;5;2;1.6296529333551684;0.6621785081848977;0.9806762933731079;0.9875841736793518;0.2067657858133316;0.19986942410469055;0.24101795256137848;0.916553258895874;-0.6892766952514648;0.826557993888855
129;5;3;0.9731750299776598;0.7806945202474225;0.9806762933731079;0.9875841736793518;0.2067657858133316;0.19986942410469055;-1.0727465152740479;1.1860805749893188;1.5039974451065063;1.6413195133209229
130;5;1;3.0856580568212246;0.7902499977865114;0.9838969111442566;0.9884336590766907;0.19997775554656982;0.19488461315631866;-0.18279428780078888;1.106815218925476;0.459160178899765;0.9056933522224426
130;5;2;1.6269427111121049;0.6758610734502266;0.9838969111442566;0.9884336590766907;0.19997775554656982;0.19488461315631866;0.24324224889278412;0.9197091460227966;-0.6979317665100098;0.8316650390625
130;5;3;0.9718642631880678;0.7914921238566102;0.9838969111442566;0.9884336590766907;0.19997775554656982;0.19488461315631866;-1.0756266117095947;1.19143545627594;1.52165949344635;1.666297435760498
131;5;1;3.103314472865577;0.7897376218653056;0.9863123893737793;0.9889276027679443;0.19099470973014832;0.18989938497543335;-0.18415673077106476;1.116005539894104;0.46684274077415466;0.8933277726173401
131;5;2;1.6116647220992526;0.6776207789358746;0.9863123893737793;0.9889276027679443;0.19099470973014832;0.18989938497543335;0.24553745985031128;0.9234054684638977;-0.7060633897781372;0.8363311886787415
131;5;3;0.9543614853799269;0.7886775436448863;0.9863123893737793;0.9889276027679443;0.19099470973014832;0.18989938497543335;-1.0789105892181396;1.1974303722381592;1.5392975807189941;1.6912413835525513
132;5;1;3.113086265158322;0.7913181768610409;0.989130437374115;0.9893621206283569;0.1796826869249344;0.18508948385715485;-0.18646354973316193;1.12563157081604;0.4745906889438629;0.8803785443305969
132;5;2;1.6065149363100861;0.687469412673329;0.989130437374115;0.9893621206283569;0.1796826869249344;0.18508948385715485;0.24756674468517303;0.927414059638977;-0.7140530347824097;0.8415020108222961
132;5;3;0.9640369405150357;0.7919878320630751;0.989130437374115;0.9893621206283569;0.1796826869249344;0.18508948385715485;-1.0825282335281372;1.2038874626159668;1.5569771528244019;1.716244101524353
133;5;1;3.1203043252253533;0.8002910027493018;0.9907407164573669;0.9894856214523315;0.16815078258514404;0.18106938898563385;-0.18921653926372528;1.1353378295898438;0.4812220633029938;0.8674398064613342
133;5;2;1.6025138793163096;0.7083842620223559;0.9907407164573669;0.9894856214523315;0.16815078258514404;0.18106938898563385;0.24892261624336243;0.9314853549003601;-0.7224582433700562;0.8482722640037537
133;5;3;0.9644434957853196;0.7924801190015258;0.9907407164573669;0.9894856214523315;0.16815078258514404;0.18106938898563385;-1.086399793624878;1.2106223106384277;1.5747761726379395;1.7414157390594482
134;5;1;3.1619067228942326;0.8136011459499519;0.9923510551452637;0.9895645976066589;0.16006381809711456;0.17733155190944672;-0.19191007316112518;1.1450153589248657;0.48618659377098083;0.8554080128669739
134;5;2;1.587084662440824;0.7148888694258964;0.9923510551452637;0.9895645976066589;0.16006381809711456;0.17733155190944672;0.2498309314250946;0.9355726838111877;-0.7309970259666443;0.8566247224807739
134;5;3;0.9364753492883828;0.7978305995834938;0.9923510551452637;0.9895645976066589;0.16006381809711456;0.17733155190944672;-1.090507984161377;1.2175781726837158;1.592584490776062;1.766600489616394
135;5;1;3.129821138695206;0.8158969896983965;0.9935587644577026;0.9895004034042358;0.15522485971450806;0.1742270290851593;-0.1941608041524887;1.1546844244003296;0.4892463684082031;0.8452344536781311
135;5;2;1.592893032051978;0.701197231674497;0.9935587644577026;0.9895004034042358;0.15522485971450806;0.1742270290851593;0.2506462335586548;0.939775288105011;-0.7393225431442261;0.8658861517906189
135;5;3;0.9230141985227611;0.8023050597786998;0.9935587644577026;0.9895004034042358;0.15522485971450806;0.1742270290851593;-1.0948870182037354;1.2248154878616333;1.6101207733154297;1.7914005517959595
136;5;1;3.1252360341663072;0.8248344995219581;0.9935587644577026;0.9894411563873291;0.15370650589466095;0.17132161557674408;-0.19598452746868134;1.1645290851593018;0.49114665389060974;0.8370033502578735
136;5;2;1.6155487021686366;0.6888585201198785;0.9935587644577026;0.9894411563873291;0.15370650589466095;0.17132161557674408;0.2519628703594208;0.9442538619041443;-0.7467421889305115;0.8749645352363586
136;5;3;0.9195709999717687;0.791680023196732;0.9935587644577026;0.9894411563873291;0.15370650589466095;0.17132161557674408;-1.0995728969573975;1.2324223518371582;1.6270846128463745;1.8153910636901855
137;5;1;3.1128683880868397;0.8329280920424997;0.9935587644577026;0.9889571070671082;0.1523486226797104;0.16829895973205566;-0.19732113182544708;1.1744004487991333;0.4921393394470215;0.8311282396316528
137;5;2;1.595626589372638;0.6836814224183287;0.9935587644577026;0.9889571070671082;0.1523486226797104;0.16829895973205566;0.25380024313926697;0.9490447044372559;-0.7532856464385986;0.8833724856376648
137;5;3;0.9243339229319067;0.7929846419181366;0.9935587644577026;0.9889571070671082;0.1523486226797104;0.16829895973205566;-1.1045259237289429;1.240373969078064;1.6434030532836914;1.8384687900543213
138;5;1;3.1313000738300136;0.8309208164088755;0.9935588240623474;0.9895942211151123;0.14991864562034607;0.16517828404903412;-0.19819879531860352;1.1841789484024048;0.49245429039001465;0.8271962404251099
138;5;2;1.6084950262927213;0.6833354476299256;0.9935588240623474;0.9895942211151123;0.14991864562034607;0.16517828404903412;0.25592952966690063;0.9540737867355347;-0.7591954469680786;0.8910441994667053
138;5;3;0.9161940271599036;0.7960547526264818;0.9935588240623474;0.9895942211151123;0.14991864562034607;0.16517828404903412;-1.109636664390564;1.248529076576233;1.6592230796813965;1.8608417510986328
139;5;1;3.1048566547285743;0.8240751112069296;0.9931562542915344;0.9897818565368652;0.1474287211894989;0.162013441324234;-0.19874706864356995;1.1936477422714233;0.49219074845314026;0.8244842886924744
139;5;2;1.6179742561660726;0.6899366994071281;0.9931562542915344;0.9897818565368652;0.1474287211894989;0.162013441324234;0.25789564847946167;0.959164023399353;-0.7650046348571777;0.8984242081642151
139;5;3;0.9084138033645566;0.7970592266580465;0.9931562542915344;0.9897818565368652;0.1474287211894989;0.162013441324234;-1.1147613525390625;1.2566802501678467;1.6748141050338745;1.8828907012939453
140;5;1;3.121851929401142;0.8305382810434265;0.9927536249160767;0.9899300336837769;0.14574915170669556;0.1590701937675476;-0.19903233647346497;1.2027018070220947;0.49129611253738403;0.8222585320472717
140;5;2;1.6173421641688224;0.6869415308758691;0.9927536249160767;0.9899300336837769;0.14574915170669556;0.1590701937675476;0.2592974901199341;0.9641657471656799;-0.7711657285690308;0.9058981537818909
140;5;3;0.9088325217542126;0.8001474396977843;0.9927536249160767;0.9899300336837769;0.14574915170669556;0.1590701937675476;-1.1197819709777832;1.2646514177322388;1.6903992891311646;1.9049315452575684
141;5;1;3.136915638838908;0.8314387664083993;0.9919484853744507;0.9901029467582703;0.14595302939414978;0.15634363889694214;-0.199203759431839;1.2113643884658813;0.49011585116386414;0.8198007941246033
141;5;2;1.6184111179296012;0.6962681431296995;0.9919484853744507;0.9901029467582703;0.14595302939414978;0.15634363889694214;0.26001831889152527;0.9690344333648682;-0.7778043150901794;0.9134747982025146
141;5;3;0.9074722303682208;0.7969292940663077;0.9919484853744507;0.9901029467582703;0.14595302939414978;0.15634363889694214;-1.1246522665023804;1.2723748683929443;1.7060285806655884;1.927034616470337
142;5;1;3.126795169609224;0.8107115061522041;0.9907407760620117;0.9902511239051819;0.14713355898857117;0.15377521514892578;-0.19942918419837952;1.2197943925857544;0.4890756607055664;0.8166226744651794
142;5;2;1.6106387321279554;0.7102586584900625;0.9907407760620117;0.9902511239051819;0.14713355898857117;0.15377521514892578;0.2602425515651703;0.9738187789916992;-0.7846498489379883;0.9209532737731934
142;5;3;0.9101455976412307;0.7992789790457606;0.9907407760620117;0.9902511239051819;0.14713355898857117;0.15377521514892578;-1.1293987035751343;1.2798912525177002;1.721579909324646;1.9490275382995605
143;5;1;3.1195930885581538;0.8200850950533924;0.989935576915741;0.9903349876403809;0.14850135147571564;0.15127499401569366;-0.19974803924560547;1.2283029556274414;0.4886208474636078;0.812418520450592
143;5;2;1.6091321337492284;0.711244059890896;0.989935576915741;0.9903349876403809;0.14850135147571564;0.15127499401569366;0.2604386806488037;0.9786381721496582;-0.7911100387573242;0.9277649521827698
143;5;3;0.9009374660820937;0.7976066905015544;0.989935576915741;0.9903349876403809;0.14850135147571564;0.15127499401569366;-1.1340869665145874;1.2872987985610962;1.7368485927581787;1.9706207513809204
144;5;1;3.100630788982177;0.8177958527337728;0.9899356365203857;0.9905720949172974;0.14889678359031677;0.14885716140270233;-0.20016753673553467;1.2369683980941772;0.4890645146369934;0.80740886926651
144;5;2;1.60665436245519;0.7077155291918866;0.9899356365203857;0.9905720949172974;0.14889678359031677;0.14885716140270233;0.26094985008239746;0.9835594296455383;-0.7967948913574219;0.9336041808128357
144;5;3;0.9020643465092988;0.8010671255766948;0.9899356365203857;0.9905720949172974;0.14889678359031677;0.14885716140270233;-1.1387684345245361;1.2946686744689941;1.7516813278198242;1.9915974140167236
145;5;1;3.083596530233952;0.8165514089042034;0.9895329475402832;0.9908289909362793;0.1475997269153595;0.14650149643421173;-0.2005513459444046;1.2458422183990479;0.4901808798313141;0.8017276525497437
145;5;2;1.5969895606504672;0.7001674497275685;0.9895329475402832;0.9908289909362793;0.1475997269153595;0.14650149643421173;0.2618556618690491;0.9885651469230652;-0.8016456961631775;0.9384792447090149
145;5;3;0.8977219922654536;0.7999724285162317;0.9895329475402832;0.9908289909362793;0.1475997269153595;0.14650149643421173;-1.1434457302093506;1.3019928932189941;1.7660636901855469;2.011937141418457
146;5;1;3.1156268511771357;0.8069301422373769;0.9891303777694702;0.990972101688385;0.14540256559848785;0.14408980309963226;-0.20074620842933655;1.2547101974487305;0.4915625751018524;0.7959046959877014
146;5;2;1.595137576376021;0.7056461612482923;0.9891303777694702;0.990972101688385;0.14540256559848785;0.14408980309963226;0.26301971077919006;0.9935411810874939;-0.8059080839157104;0.9427912831306458
146;5;3;0.8966596106832085;0.8039323966199512;0.9891303777694702;0.990972101688385;0.14540256559848785;0.14408980309963226;-1.1480791568756104;1.3091965913772583;1.7800976037979126;2.0317840576171875
147;5;1;3.119479134668228;0.8080040416269325;0.9903380870819092;0.9911943674087524;0.1428615003824234;0.14187124371528625;-0.20065465569496155;1.2633565664291382;0.4930407702922821;0.7902348637580872
147;5;2;1.5975280379607755;0.7175592691207542;0.9903380870819092;0.9911943674087524;0.1428615003824234;0.14187124371528625;0.2643401324748993;0.9983582496643066;-0.8097802400588989;0.9469113945960999
147;5;3;0.8964222711199685;0.8111037959195087;0.9903380870819092;0.9911943674087524;0.1428615003824234;0.14187124371528625;-1.1526105403900146;1.3161835670471191;1.793927788734436;2.0513429641723633
148;5;1;3.1325634161386278;0.8133326225146487;0.9899355173110962;0.9914067983627319;0.1396501064300537;0.13980208337306976;-0.20013032853603363;1.2715635299682617;0.49406033754348755;0.7851744294166565
148;5;2;1.604891630865784;0.7252001309483536;0.9899355173110962;0.9914067983627319;0.1396501064300537;0.13980208337306976;0.2655503749847412;1.0028941631317139;-0.8136791586875916;0.9512556791305542
148;5;3;0.8913831057981296;0.8102450748165966;0.9899355173110962;0.9914067983627319;0.1396501064300537;0.13980208337306976;-1.1569805145263672;1.322863221168518;1.8076984882354736;2.070817708969116
149;5;1;3.15799340720106;0.8198890411751911;0.9899355173110962;0.9917129278182983;0.13769203424453735;0.137823224067688;-0.19915711879730225;1.2792130708694458;0.4945748448371887;0.7809028625488281
149;5;2;1.6032658212149435;0.7272772289289029;0.9899355173110962;0.9917129278182983;0.13769203424453735;0.137823224067688;0.266541063785553;1.007110357284546;-0.8178080320358276;0.9558992981910706
149;5;3;0.8935510860144555;0.8073818223055811;0.9899355173110962;0.9917129278182983;0.13769203424453735;0.137823224067688;-1.1611597537994385;1.329203724861145;1.8214682340621948;2.0902910232543945
150;5;1;3.1785101042601607;0.8063200983992589;0.9899355173110962;0.9918561577796936;0.13699378073215485;0.1359994113445282;-0.19779913127422333;1.2863216400146484;0.49476930499076843;0.7775259017944336
150;5;2;1.6169288610442027;0.7305790810715145;0.9899355173110962;0.9918561577796936;0.13699378073215485;0.1359994113445282;0.2673833966255188;1.0110653638839722;-0.8221205472946167;0.9605064988136292
150;5;3;0.8810977034523404;0.8073240302280227;0.9899355173110962;0.9918561577796936;0.13699378073215485;0.1359994113445282;-1.1651558876037598;1.335236668586731;1.8351969718933105;2.109706401824951
151;5;1;3.1778100835579597;0.8009272966516008;0.9903380870819092;0.9919697046279907;0.13704608380794525;0.13430392742156982;-0.196212038397789;1.2929952144622803;0.495030015707016;0.7748621106147766
151;5;2;1.616151436873495;0.7346676990950063;0.9903380870819092;0.9919697046279907;0.13704608380794525;0.13430392742156982;0.26825299859046936;1.0148491859436035;-0.8264212012290955;0.9647060632705688
151;5;3;0.8785726125788296;0.8046668068900518;0.9903380870819092;0.9919697046279907;0.13704608380794525;0.13430392742156982;-1.1690024137496948;1.3410303592681885;1.848784327507019;2.1289217472076416
152;5;1;3.160347396795551;0.7963301572820898;0.9895329475402832;0.9920339584350586;0.1371709257364273;0.13277818262577057;-0.19461050629615784;1.2993214130401611;0.49577054381370544;0.7726630568504333
152;5;2;1.5986138343753256;0.7414687381159419;0.9895329475402832;0.9920339584350586;0.1371709257364273;0.13277818262577057;0.2693309783935547;1.018534541130066;-0.8304644823074341;0.9682743549346924
152;5;3;0.8791333985435408;0.8053528825394083;0.9895329475402832;0.9920339584350586;0.1371709257364273;0.13277818262577057;-1.1727335453033447;1.3466441631317139;1.8621363639831543;2.1478044986724854
153;5;1;3.169341725953533;0.8087028847077402;0.9895329475402832;0.9920684695243835;0.13677293062210083;0.13137580454349518;-0.19313493371009827;1.3052964210510254;0.49714070558547974;0.7707563042640686
153;5;2;1.606473815320041;0.7463604122869447;0.9895329475402832;0.9920684695243835;0.13677293062210083;0.13137580454349518;0.2706012725830078;1.0221350193023682;-0.834235668182373;0.9712936878204346
153;5;3;0.8819955741700802;0.806412031354844;0.9895329475402832;0.9920684695243835;0.13677293062210083;0.13137580454349518;-1.1763616800308228;1.3520922660827637;1.8752251863479614;2.1663148403167725
154;5;1;3.17163684037713;0.8094743125822736;0.9899355173110962;0.992038905620575;0.13579833507537842;0.13011036813259125;-0.19186897575855255;1.3108346462249756;0.4990575313568115;0.7690991163253784
154;5;2;1.5916251950073903;0.7530592806171308;0.9899355173110962;0.992038905620575;0.13579833507537842;0.13011036813259125;0.2719619870185852;1.025598406791687;-0.8378259539604187;0.9741275310516357
154;5;3;0.8776806858402972;0.8041004570203774;0.9899355173110962;0.992038905620575;0.13579833507537842;0.13011036813259125;-1.1798760890960693;1.3573452234268188;1.888087272644043;2.184504508972168
155;5;1;3.171626731720915;0.8055602306208876;0.9899355173110962;0.9921178817749023;0.1347590833902359;0.1290547400712967;-0.19085876643657684;1.3158187866210938;0.5012680292129517;0.767661452293396
155;5;2;1.584467709716801;0.758340011351589;0.9899355173110962;0.9921178817749023;0.1347590833902359;0.1290547400712967;0.27317163348197937;1.02885103225708;-0.8414884805679321;0.9772469997406006
155;5;3;0.8737049778965993;0.807252269628101;0.9899355173110962;0.9921178817749023;0.1347590833902359;0.1290547400712967;-1.1832536458969116;1.3623542785644531;1.9007896184921265;2.2024683952331543
156;5;1;3.1637439661127553;0.8058886133277294;0.9899355173110962;0.9921870231628418;0.13420343399047852;0.12815338373184204;-0.19015224277973175;1.320207953453064;0.5036134123802185;0.7663700580596924
156;5;2;1.5759648988947745;0.7658267335990288;0.9899355173110962;0.9921870231628418;0.13420343399047852;0.12815338373184204;0.2740948498249054;1.031856656074524;-0.8453567028045654;0.9809022545814514
156;5;3;0.8778560529150559;0.8178406217457943;0.9899355173110962;0.9921870231628418;0.13420343399047852;0.12815338373184204;-1.1864831447601318;1.3670955896377563;1.9133663177490234;2.220254421234131
157;5;1;3.1533351065504727;0.8061032334654659;0.989935576915741;0.9921722412109375;0.1342802345752716;0.12726543843746185;-0.18980948626995087;1.3240495920181274;0.5061658024787903;0.7651216983795166
157;5;2;1.5686935781280358;0.7660127614059689;0.989935576915741;0.9921722412109375;0.1342802345752716;0.12726543843746185;0.2747519314289093;1.0346417427062988;-0.8493883609771729;0.9850245714187622
157;5;3;0.8768903144569711;0.8169220370283523;0.989935576915741;0.9921722412109375;0.1342802345752716;0.12726543843746185;-1.1895763874053955;1.371590495109558;1.925790548324585;2.2378249168395996
158;5;1;3.150307821844784;0.7990144858999964;0.989935576915741;0.9922266006469727;0.13472047448158264;0.12634442746639252;-0.18987444043159485;1.3274800777435303;0.5091509819030762;0.7637229561805725
158;5;2;1.567777705973561;0.7662075626014979;0.989935576915741;0.9922266006469727;0.13472047448158264;0.12634442746639252;0.27528488636016846;1.0372761487960815;-0.8534083366394043;0.9893218278884888
158;5;3;0.8742020421077887;0.8170519825615159;0.989935576915741;0.9922266006469727;0.13472047448158264;0.12634442746639252;-1.1925623416900635;1.3758952617645264;1.9379924535751343;2.2550811767578125
159;5;1;3.149532504356091;0.7989424756075314;0.989533007144928;0.992256224155426;0.1349954903125763;0.12533466517925262;-0.19040203094482422;1.3306320905685425;0.51291424036026;0.7619234323501587
159;5;2;1.564802444545168;0.7611183896577276;0.989533007144928;0.992256224155426;0.1349954903125763;0.12533466517925262;0.2758519947528839;1.039832353591919;-0.8572393655776978;0.9934614300727844
159;5;3;0.8753415403479297;0.8176356246734144;0.989533007144928;0.992256224155426;0.1349954903125763;0.12533466517925262;-1.1954693794250488;1.380067229270935;1.9499071836471558;2.2719309329986572
160;5;1;3.1454594370690687;0.8146513807625597;0.989533007144928;0.9923401474952698;0.13443279266357422;0.12424549460411072;-0.1913001537322998;1.3335398435592651;0.517299473285675;0.7599800229072571
160;5;2;1.564501007942197;0.764206712854187;0.989533007144928;0.9923401474952698;0.13443279266357422;0.12424549460411072;0.2764347791671753;1.0423511266708374;-0.860932469367981;0.9972283244132996
160;5;3;0.8749392873483561;0.8071916335695404;0.989533007144928;0.9923401474952698;0.13443279266357422;0.12424549460411072;-1.1983062028884888;1.3841313123703003;1.9615230560302734;2.288358449935913
161;5;1;3.1502605715466263;0.8129952801057998;0.989533007144928;0.9924437999725342;0.13299283385276794;0.1231706440448761;-0.19245271384716034;1.3361653089523315;0.5221035480499268;0.7581511735916138
161;5;2;1.5661870192040297;0.760671986948894;0.989533007144928;0.9924437999725342;0.13299283385276794;0.1231706440448761;0.27694374322891235;1.044824242591858;-0.8646130561828613;1.0006682872772217
161;5;3;0.873320491395841;0.8090538402147942;0.989533007144928;0.9924437999725342;0.13299283385276794;0.1231706440448761;-1.2010669708251953;1.3880811929702759;1.972870111465454;2.304405689239502
162;5;1;3.156413094914874;0.812400605194096;0.9899356365203857;0.9926611185073853;0.1310180276632309;0.12213270366191864;-0.19373762607574463;1.3384820222854614;0.5270571112632751;0.7566531300544739
162;5;2;1.5670733523695644;0.7611940119423912;0.9899356365203857;0.9926611185073853;0.1310180276632309;0.12213270366191864;0.2773188352584839;1.0472233295440674;-0.868363082408905;1.0039249658584595
162;5;3;0.8676370280171559;0.8096276985036002;0.9899356365203857;0.9926611185073853;0.1310180276632309;0.12213270366191864;-1.203743815422058;1.391900658607483;1.9839887619018555;2.320129632949829
163;5;1;3.15002345039827;0.8092610086088667;0.9903382062911987;0.9927895069122314;0.1289931982755661;0.12115887552499771;-0.19503580033779144;1.3404932022094727;0.5319107174873352;0.7556316256523132
163;5;2;1.5714918286736728;0.7615528381031118;0.9903382062911987;0.9927895069122314;0.1289931982755661;0.12115887552499771;0.277533620595932;1.0495259761810303;-0.8722139596939087;1.007163166999817
163;5;3;0.866733525936521;0.8123864995048575;0.9903382062911987;0.9927895069122314;0.1289931982755661;0.12115887552499771;-1.2063368558883667;1.3955813646316528;1.99490225315094;2.3355636596679688
164;5;1;3.158868212257704;0.8077723984572787;0.9899356365203857;0.9928932785987854;0.127352774143219;0.12022527307271957;-0.19629476964473724;1.3422361612319946;0.5365473031997681;0.7550610303878784
164;5;2;1.5679713224649987;0.7633084116393123;0.9899356365203857;0.9928932785987854;0.127352774143219;0.12022527307271957;0.27759498357772827;1.051726222038269;-0.8761460185050964;1.0105341672897339
164;5;3;0.8698592536032539;0.8178026299630639;0.9899356365203857;0.9928932785987854;0.127352774143219;0.12022527307271957;-1.2088590860366821;1.3991345167160034;2.0056028366088867;2.350696563720703
165;5;1;3.152381911353287;0.8059603365428432;0.9903382062911987;0.9929623603820801;0.12631410360336304;0.11941450834274292;-0.19751088321208954;1.3438197374343872;0.5409887433052063;0.7548097968101501
165;5;2;1.5653720747773185;0.7595826977092952;0.9903382062911987;0.9929623603820801;0.12631410360336304;0.11941450834274292;0.27768969535827637;1.0538372993469238;-0.8799247145652771;1.0140711069107056
165;5;3;0.8705281481385736;0.81403988846919;0.9903382062911987;0.9929623603820801;0.12631410360336304;0.11941450834274292;-1.211333990097046;1.402592420578003;2.0160505771636963;2.365471839904785
166;5;1;3.1498856778971085;0.8036205994568251;0.9903382062911987;0.9929624199867249;0.12587660551071167;0.11868050694465637;-0.19866549968719482;1.3453463315963745;0.5452858805656433;0.7547556757926941
166;5;2;1.5517198122303677;0.75640330464365;0.9903382062911987;0.9929624199867249;0.12587660551071167;0.11868050694465637;0.2779182195663452;1.0558972358703613;-0.883427619934082;1.017654538154602
166;5;3;0.8695917090731777;0.8181388497280637;0.9903382062911987;0.9929624199867249;0.12587660551071167;0.11868050694465637;-1.2137823104858398;1.405989646911621;2.0262060165405273;2.379833936691284
167;5;1;3.1431610573133444;0.8082143014719234;0.9903382062911987;0.9930167198181152;0.12584714591503143;0.11792546510696411;-0.19980381429195404;1.3469032049179077;0.549723207950592;0.7545623183250427
167;5;2;1.5496174936214873;0.7557935699961669;0.9903382062911987;0.9930167198181152;0.12584714591503143;0.11792546510696411;0.2783606946468353;1.05794358253479;-0.8865658044815063;1.021098017692566
167;5;3;0.87343141152886;0.8171965695805794;0.9903382062911987;0.9930167198181152;0.12584714591503143;0.11792546510696411;-1.216214656829834;1.4093520641326904;2.036050319671631;2.3937559127807617
168;5;1;3.150051991396734;0.8035679550311796;0.9903382062911987;0.9931550025939941;0.12576361000537872;0.11716395616531372;-0.20094433426856995;1.3484852313995361;0.5543628334999084;0.7541667819023132
168;5;2;1.5587732384459834;0.7566615887472614;0.9903382062911987;0.9931550025939941;0.12576361000537872;0.11716395616531372;0.2789888083934784;1.0599790811538696;-0.8893918395042419;1.0243189334869385
168;5;3;0.8684332432134934;0.8183576137327679;0.9903382062911987;0.9931550025939941;0.12576361000537872;0.11716395616531372;-1.2186208963394165;1.4126752614974976;2.0456135272979736;2.407280445098877
169;5;1;3.1475723225001095;0.7994254093175179;0.9899356365203857;0.9932636618614197;0.12546277046203613;0.1164461225271225;-0.20206427574157715;1.3500384092330933;0.5590812563896179;0.75368332862854
169;5;2;1.5719080791375424;0.7619904422620705;0.9899356365203857;0.9932636618614197;0.12546277046203613;0.1164461225271225;0.279706746339798;1.0619807243347168;-0.8920388221740723;1.0273022651672363
169;5;3;0.8666385505012748;0.8261049483949452;0.9899356365203857;0.9932636618614197;0.12546277046203613;0.1164461225271225;-1.2209742069244385;1.415927767753601;2.0549654960632324;2.420506000518799
170;5;1;3.153239083023351;0.7982814687677839;0.9899355173110962;0.9932982325553894;0.12499063462018967;0.11578181385993958;-0.2031584531068802;1.351475477218628;0.5638001561164856;0.7531817555427551
170;5;2;1.575107577472573;0.7624638701937356;0.9899355173110962;0.9932982325553894;0.12499063462018967;0.11578181385993958;0.2804042100906372;1.0639050006866455;-0.8946623802185059;1.0301413536071777
170;5;3;0.8638896049964631;0.8218863366914952;0.9899355173110962;0.9932982325553894;0.12499063462018967;0.11578181385993958;-1.2232437133789062;1.4190698862075806;2.0641870498657227;2.4335474967956543
171;5;1;3.150193000644017;0.7999321663465713;0.9899355173110962;0.9934069514274597;0.12445914000272751;0.11515340209007263;-0.2041529417037964;1.352707862854004;0.5682658553123474;0.7529332637786865
171;5;2;1.5753710356769064;0.7657338393469453;0.9899355173110962;0.9934069514274597;0.12445914000272751;0.11515340209007263;0.2808775305747986;1.065731406211853;-0.897513747215271;1.0328826904296875
171;5;3;0.8646801924674481;0.8223834368669514;0.9899355173110962;0.9934069514274597;0.12445914000272751;0.11515340209007263;-1.2254068851470947;1.4220703840255737;2.0733423233032227;2.4464948177337646
172;5;1;3.151762799061852;0.7999321663465713;0.9899355173110962;0.9934908151626587;0.12403019517660141;0.11455631256103516;-0.2050410956144333;1.3537570238113403;0.5724530816078186;0.7529531121253967
172;5;2;1.5839405184447433;0.766045477321609;0.9899355173110962;0.9934908151626587;0.12403019517660141;0.11455631256103516;0.2811415493488312;1.0674690008163452;-0.9005739092826843;1.0355124473571777
172;5;3;0.8640942936119815;0.82108874338749;0.9899355173110962;0.9934908151626587;0.12403019517660141;0.11455631256103516;-1.2274689674377441;1.4249376058578491;2.0824294090270996;2.459345817565918
173;5;1;3.146137667641632;0.8003724001146688;0.9899355173110962;0.9935253858566284;0.12370580434799194;0.11395333707332611;-0.20586323738098145;1.354714035987854;0.5765020251274109;0.7530770897865295
173;5;2;1.5929572330277706;0.7703492000909642;0.9899355173110962;0.9935253858566284;0.12370580434799194;0.11395333707332611;0.2813054621219635;1.069157600402832;-0.9037021398544312;1.0379647016525269
173;5;3;0.8652635922928047;0.8216288169145027;0.9899355173110962;0.9935253858566284;0.12370580434799194;0.11395333707332611;-1.2294607162475586;1.427715539932251;2.0913891792297363;2.4720170497894287
174;5;1;3.133431727995177;0.7947428024865921;0.9899355173110962;0.9935698509216309;0.12334947288036346;0.11336258798837662;-0.20663467049598694;1.3557038307189941;0.5805092453956604;0.7531717419624329
174;5;2;1.5886744141145899;0.7785205602137015;0.9899355173110962;0.9935698509216309;0.12334947288036346;0.11336258798837662;0.2815203070640564;1.070847749710083;-0.9067045450210571;1.0401482582092285
174;5;3;0.8642722883600937;0.8204926738804428;0.9899355173110962;0.9935698509216309;0.12334947288036346;0.11336258798837662;-1.2314214706420898;1.4304585456848145;2.100144147872925;2.484398365020752
175;5;1;3.128774757165125;0.7986607342388439;0.9899355173110962;0.9935846328735352;0.12283432483673096;0.11283676326274872;-0.20739559829235077;1.3568426370620728;0.5846165418624878;0.7530186772346497
175;5;2;1.5937168743346248;0.7754854407804213;0.9899355173110962;0.9935846328735352;0.12283432483673096;0.11283676326274872;0.28199338912963867;1.0725624561309814;-0.9093235731124878;1.042068362236023
175;5;3;0.8662021628042762;0.8228778873836449;0.9899355173110962;0.9935846328735352;0.12283432483673096;0.11283676326274872;-1.2333835363388062;1.433208703994751;2.108633518218994;2.4964041709899902
176;5;1;3.122130353774006;0.7983794193712139;0.9899355173110962;0.9936192631721497;0.12215493619441986;0.11233609914779663;-0.2081247866153717;1.358127474784851;0.5887146592140198;0.7526896595954895
176;5;2;1.6012362413277623;0.7729026988188998;0.9899355173110962;0.9936192631721497;0.12215493619441986;0.11233609914779663;0.28269636631011963;1.0742965936660767;-0.911583423614502;1.0438191890716553
176;5;3;0.8673451326297119;0.8232101951259063;0.9899355173110962;0.9936192631721497;0.12215493619441986;0.11233609914779663;-1.2353525161743164;1.4359688758850098;2.1168575286865234;2.5080344676971436
177;5;1;3.128713809549164;0.8019495395077216;0.9903380870819092;0.9937229156494141;0.12138307094573975;0.11187513917684555;-0.20875373482704163;1.3594645261764526;0.5925467610359192;0.7524630427360535
177;5;2;1.6046281744533264;0.7740638067423964;0.9903380870819092;0.9937229156494141;0.12138307094573975;0.11187513917684555;0.28341570496559143;1.0760293006896973;-0.9137298464775085;1.0455241203308105
177;5;3;0.8676838273511436;0.8215820411521331;0.9903380870819092;0.9937229156494141;0.12138307094573975;0.11187513917684555;-1.2373136281967163;1.4387139081954956;2.124861240386963;2.5193536281585693
178;5;1;3.136319481598716;0.8005666480196014;0.9899355173110962;0.9937130808830261;0.1207985058426857;0.11145398765802383;-0.2092718631029129;1.360784649848938;0.5959976315498352;0.752474844455719
178;5;2;1.6177435650540763;0.7739212713964316;0.9899355173110962;0.9937130808830261;0.1207985058426857;0.11145398765802383;0.2840559780597687;1.0777335166931152;-0.9158791303634644;1.0473148822784424
178;5;3;0.8672181057974768;0.8168718963369286;0.9899355173110962;0.9937130808830261;0.1207985058426857;0.11145398765802383;-1.2392547130584717;1.4414249658584595;2.1326818466186523;2.5304136276245117
179;5;1;3.1371746059394283;0.7984228663357937;0.9899355173110962;0.9937723875045776;0.12061181664466858;0.11105106770992279;-0.20971103012561798;1.362079381942749;0.5991260409355164;0.7527059316635132
179;5;2;1.618706959956909;0.7736312149080207;0.9899355173110962;0.9937723875045776;0.12061181664466858;0.11105106770992279;0.28461143374443054;1.0794159173965454;-0.9180425405502319;1.0491554737091064
179;5;3;0.8657592716143725;0.822496478733127;0.9899355173110962;0.9937723875045776;0.12061181664466858;0.11105106770992279;-1.2411751747131348;1.4441055059432983;2.140324354171753;2.5412216186523438
180;5;1;3.1357554030891555;0.7982770893410738;0.9899355173110962;0.9937921762466431;0.12075065076351166;0.11064543575048447;-0.21014909446239471;1.3633677959442139;0.602263331413269;0.7529137134552002
180;5;2;1.6142357120014932;0.7735622556169326;0.9899355173110962;0.9937921762466431;0.12075065076351166;0.11064543575048447;0.2851356565952301;1.0811036825180054;-0.9201643466949463;1.0509262084960938
180;5;3;0.8657592716143725;0.822496478733127;0.9899355173110962;0.9937921762466431;0.12075065076351166;0.11064543575048447;-1.2430853843688965;1.4467763900756836;2.147768259048462;2.5517492294311523
181;5;1;3.1296481663535856;0.7932828350652334;0.9899355173110962;0.9938266277313232;0.12087249755859375;0.11023889482021332;-0.21061888337135315;1.3646751642227173;0.6054704785346985;0.7530741095542908
181;5;2;1.6168941119415319;0.7734947486427064;0.9899355173110962;0.9938266277313232;0.12087249755859375;0.11023889482021332;0.2856685519218445;1.0828158855438232;-0.9222044348716736;1.052537202835083
181;5;3;0.8640205183338177;0.8229499905468343;0.9899355173110962;0.9938266277313232;0.12087249755859375;0.11023889482021332;-1.2449924945831299;1.449453592300415;2.155000686645508;2.5619771480560303
182;5;1;3.128423138130886;0.791571775300592;0.9899355173110962;0.9938662052154541;0.12096467614173889;0.10983256250619888;-0.21111004054546356;1.3659971952438354;0.6088549494743347;0.7531181573867798
182;5;2;1.6153305800259776;0.7725811696805689;0.9899355173110962;0.9938662052154541;0.12096467614173889;0.10983256250619888;0.28620651364326477;1.0845551490783691;-0.9241706132888794;1.0539814233779907
182;5;3;0.859097936419638;0.8193241467756178;0.9899355173110962;0.9938662052154541;0.12096467614173889;0.10983256250619888;-1.2468973398208618;1.4521393775939941;2.1620256900787354;2.5719120502471924
183;5;1;3.121878719826846;0.7834715175571825;0.9899355173110962;0.9938958287239075;0.12086660414934158;0.10942628979682922;-0.21161237359046936;1.3672987222671509;0.6123194098472595;0.7531375288963318
183;5;2;1.6175421790847997;0.7738523121053444;0.9899355173110962;0.9938958287239075;0.12086660414934158;0.10942628979682922;0.28669682145118713;1.0863033533096313;-0.9261242747306824;1.0553385019302368
183;5;3;0.8576448036024207;0.8243811327488308;0.9899355173110962;0.9938958287239075;0.12086660414934158;0.10942628979682922;-1.2487921714782715;1.4548205137252808;2.168869733810425;2.5815908908843994
184;5;1;3.1211347224533004;0.7820413688394616;0.9903380870819092;0.9938957691192627;0.12068038433790207;0.10904285311698914;-0.2121003121137619;1.3685369491577148;0.6157329082489014;0.7532477974891663
184;5;2;1.622696934430219;0.7745513650321483;0.9903380870819092;0.9938957691192627;0.12068038433790207;0.10904285311698914;0.28707289695739746;1.088037371635437;-0.9281413555145264;1.0567277669906616
184;5;3;0.8579537192076394;0.8254178506118874;0.9903380870819092;0.9938957691192627;0.12068038433790207;0.10904285311698914;-1.2506680488586426;1.4574801921844482;2.1755621433258057;2.5910556316375732
185;5;1;3.123623863135788;0.7794080808203647;0.9903380870819092;0.9939402937889099;0.12061069160699844;0.10868283361196518;-0.2125696986913681;1.3697059154510498;0.6190339922904968;0.7534784078598022
185;5;2;1.62483277441107;0.7788369039692524;0.9903380870819092;0.9939402937889099;0.12061069160699844;0.10868283361196518;0.2873339056968689;1.0897446870803833;-0.9302212595939636;1.0582164525985718
185;5;3;0.8580688470667948;0.8354802305900919;0.9903380870819092;0.9939402937889099;0.12061069160699844;0.10868283361196518;-1.2525233030319214;1.4601126909255981;2.1821162700653076;2.6003246307373047
186;5;1;3.1208439354070725;0.7792621526564689;0.9903380870819092;0.9939649105072021;0.12074562907218933;0.10834206640720367;-0.21301987767219543;1.3708269596099854;0.6222127676010132;0.7538239359855652
186;5;2;1.6264713883326438;0.780432884942472;0.9903380870819092;0.9939649105072021;0.12074562907218933;0.10834206640720367;0.2875058054924011;1.0914324522018433;-0.9323338270187378;1.0597950220108032
186;5;3;0.8554781708037043;0.8311328154794295;0.9903380870819092;0.9939649105072021;0.12074562907218933;0.10834206640720367;-1.254363775253296;1.4627258777618408;2.1885244846343994;2.609387159347534
187;5;1;3.119102272876196;0.7787544119141447;0.9903380870819092;0.9940093755722046;0.12107234448194504;0.10800109058618546;-0.2134421169757843;1.371944546699524;0.6253930926322937;0.754172146320343
187;5;2;1.6262187426237702;0.7804014516636051;0.9903380870819092;0.9940093755722046;0.12107234448194504;0.10800109058618546;0.2876562178134918;1.0931190252304077;-0.9344034194946289;1.0613975524902344
187;5;3;0.8537546205193731;0.8312897332643803;0.9903380870819092;0.9940093755722046;0.12107234448194504;0.10800109058618546;-1.2562010288238525;1.4653379917144775;2.1947662830352783;2.6182143688201904
188;5;1;3.1220365325356125;0.7782854809397959;0.9903380870819092;0.99402916431427;0.1214502602815628;0.10767073184251785;-0.21384625136852264;1.3730961084365845;0.6286129951477051;0.7544902563095093
188;5;2;1.6276805597067314;0.780432884942472;0.9903380870819092;0.99402916431427;0.1214502602815628;0.10767073184251785;0.28784051537513733;1.0948214530944824;-0.9363725185394287;1.06294584274292
188;5;3;0.8477471516500765;0.8317317858384645;0.9903380870819092;0.99402916431427;0.1214502602815628;0.10767073184251785;-1.2580431699752808;1.4679627418518066;2.2008275985717773;2.626786231994629
189;5;1;3.1260356531135365;0.7772584205551354;0.9903380870819092;0.9940489530563354;0.12179423868656158;0.10735712945461273;-0.2142380326986313;1.374290108680725;0.6318547129631042;0.7547968626022339
189;5;2;1.629679409968757;0.7860432257345633;0.9903380870819092;0.9940489530563354;0.12179423868656158;0.10735712945461273;0.28807246685028076;1.0965431928634644;-0.9382315874099731;1.064406156539917
189;5;3;0.8500366078940962;0.8322081498200786;0.9903380870819092;0.9940489530563354;0.12179423868656158;0.10735712945461273;-1.2598905563354492;1.4706017971038818;2.206712245941162;2.635108470916748
190;5;1;3.1213523688836897;0.7737786134612659;0.9907407164573669;0.994078516960144;0.1221013218164444;0.10705798864364624;-0.2146088182926178;1.3755080699920654;0.6350635290145874;0.7551379799842834
190;5;2;1.6289752266236794;0.7860123970170942;0.9907407164573669;0.994078516960144;0.1221013218164444;0.10705798864364624;0.28832316398620605;1.0982741117477417;-0.9400190114974976;1.0657986402511597
190;5;3;0.8499498714854017;0.8323896929052301;0.9907407164573669;0.994078516960144;0.1221013218164444;0.10705798864364624;-1.2617356777191162;1.4732441902160645;2.21244215965271;2.643211841583252
191;5;1;3.1176624597969846;0.7713097055852858;0.9907407164573669;0.9940884113311768;0.12239015102386475;0.10677525401115417;-0.21494953334331512;1.3767030239105225;0.6381561160087585;0.7556092143058777
191;5;2;1.6336999389654308;0.7860123970170942;0.9907407164573669;0.9940884113311768;0.12239015102386475;0.10677525401115417;0.288530558347702;1.099994421005249;-0.9418109655380249;1.0672039985656738
191;5;3;0.8482135028708644;0.832887205955775;0.9907407164573669;0.9940884113311768;0.12239015102386475;0.10677525401115417;-1.2635679244995117;1.475874423980713;2.218045473098755;2.6511361598968506
192;5;1;3.105007695215842;0.7722568447028175;0.9907407164573669;0.9941180944442749;0.12279382348060608;0.10651014000177383;-0.21527068316936493;1.3778656721115112;0.6410691142082214;0.7562485933303833
192;5;2;1.6360219215184593;0.7860123970170942;0.9907407164573669;0.9941180944442749;0.12279382348060608;0.10651014000177383;0.2886795699596405;1.1016974449157715;-0.9436279535293579;1.0686309337615967
192;5;3;0.851710944438901;0.8374065192333047;0.9907407164573669;0.9941180944442749;0.12279382348060608;0.10651014000177383;-1.2653816938400269;1.4784841537475586;2.223538875579834;2.658904790878296
193;5;1;3.104158281222767;0.7723849109327992;0.9907407164573669;0.9941378235816956;0.1233377456665039;0.10625827312469482;-0.21557335555553436;1.3790093660354614;0.6438551545143127;0.7570019960403442
193;5;2;1.6393348031181398;0.7860123970170938;0.9907407164573669;0.9941378235816956;0.1233377456665039;0.10625827312469482;0.2887938916683197;1.1033873558044434;-0.9454474449157715;1.0700448751449585
193;5;3;0.851710944438901;0.8374065192333047;0.9907407164573669;0.9941378235816956;0.1233377456665039;0.10625827312469482;-1.2671780586242676;1.4810761213302612;2.2289223670959473;2.666518449783325
194;5;1;3.101394240772664;0.7718803452149245;0.9907407164573669;0.9941723942756653;0.12393483519554138;0.1060170978307724;-0.21588025987148285;1.380159616470337;0.6465637683868408;0.7578102946281433
194;5;2;1.6376476889106186;0.7897357799013243;0.9907407164573669;0.9941723942756653;0.12393483519554138;0.1060170978307724;0.2889149487018585;1.1050752401351929;-0.9472266435623169;1.0713913440704346
194;5;3;0.851710944438901;0.8374065192333047;0.9907407164573669;0.9941723942756653;0.12393483519554138;0.1060170978307724;-1.2689622640609741;1.4836591482162476;2.2341864109039307;2.6739628314971924
195;5;1;3.097385738375581;0.771771646799337;0.990338146686554;0.9941723942756653;0.12447866052389145;0.10578940808773041;-0.2162151336669922;1.3813502788543701;0.6492453813552856;0.7585915923118591
195;5;2;1.6396015029456468;0.7894064305899913;0.990338146686554;0.9941723942756653;0.12447866052389145;0.10578940808773041;0.28909164667129517;1.1067720651626587;-0.9489116668701172;1.0726033449172974
195;5;3;0.8482237149848526;0.8339121926147381;0.990338146686554;0.9941723942756653;0.12447866052389145;0.10578940808773041;-1.2707382440567017;1.486240029335022;2.239323854446411;2.6812281608581543
196;5;1;3.0966005326756045;0.771426674867457;0.990338146686554;0.9941773414611816;0.12483195960521698;0.10557763278484344;-0.21659541130065918;1.382576584815979;0.651785671710968;0.7594300508499146
196;5;2;1.6403380740064515;0.7894064305899908;0.990338146686554;0.9941773414611816;0.12483195960521698;0.10557763278484344;0.2892973721027374;1.1084760427474976;-0.9505314230918884;1.0736900568008423
196;5;3;0.8482302682398943;0.8330763906032415;0.990338146686554;0.9941773414611816;0.12483195960521698;0.10557763278484344;-1.2725043296813965;1.4888148307800293;2.2443418502807617;2.6883246898651123
197;5;1;3.089734297556644;0.769287868583783;0.990338146686554;0.9941921234130859;0.12505117058753967;0.1053861528635025;-0.21701036393642426;1.3838114738464355;0.6541494727134705;0.7603651285171509
197;5;2;1.641531713023526;0.7866396564943776;0.990338146686554;0.9941921234130859;0.12505117058753967;0.1053861528635025;0.2894981801509857;1.1101741790771484;-0.9521244764328003;1.0747323036193848
197;5;3;0.8403904585836539;0.8357372460417216;0.990338146686554;0.9941921234130859;0.12505117058753967;0.1053861528635025;-1.2742575407028198;1.4913774728775024;2.2492499351501465;2.695265769958496
198;5;1;3.082296346477949;0.7698210701095842;0.990338146686554;0.9942168593406677;0.12523967027664185;0.10520238429307938;-0.21746115386486053;1.3850593566894531;0.6563305258750916;0.7613866925239563
198;5;2;1.6371560402012006;0.7860487509026028;0.990338146686554;0.9942168593406677;0.12523967027664185;0.10520238429307938;0.2897050976753235;1.111863613128662;-0.9536768198013306;1.0757423639297485
198;5;3;0.839626796313584;0.835696757014524;0.990338146686554;0.9942168593406677;0.12523967027664185;0.10520238429307938;-1.2759976387023926;1.4939260482788086;2.2540504932403564;2.702054738998413
199;5;1;3.0744472108378993;0.7697689344632694;0.990338146686554;0.9942317008972168;0.1254037767648697;0.10502743721008301;-0.21794633567333221;1.3863309621810913;0.6583561301231384;0.762458086013794
199;5;2;1.6469762274204625;0.7873415923276461;0.990338146686554;0.9942317008972168;0.1254037767648697;0.10502743721008301;0.28993791341781616;1.1135460138320923;-0.9551653861999512;1.0767182111740112
199;5;3;0.839626796313584;0.835696757014524;0.990338146686554;0.9942317008972168;0.1254037767648697;0.10502743721008301;-1.2777273654937744;1.4964630603790283;2.2587409019470215;2.7086880207061768
0;6;1;2.544133969749227;0.5007661490664841;0.5499194860458374;0.5314493775367737;0.7002931833267212;0.7263166308403015;0.08247467130422592;0.4636358618736267;-0.0031445862259715796;0.2507592439651489
0;6;2;2.2637512297642264;0.349186365185826;0.5499194860458374;0.5314493775367737;0.7002931833267212;0.7263166308403015;0.006891932338476181;0.25807279348373413;0.21718356013298035;0.043534811586141586
0;6;3;1.1866416051235014;0.15930877215749195;0.5499194860458374;0.5314493775367737;0.7002931833267212;0.7263166308403015;-0.13089227676391602;0.3801976144313812;0.04795895516872406;0.48090800642967224
1;6;1;2.524897803307577;0.4995217348567351;0.5519323348999023;0.5325753688812256;0.6971539258956909;0.7216898202896118;0.08277767151594162;0.4640587866306305;-0.006479358766227961;0.24692626297473907
1;6;2;2.2905210667437963;0.35626760947873315;0.5519323348999023;0.5325753688812256;0.6971539258956909;0.7216898202896118;0.0072502559050917625;0.2575588524341583;0.21224775910377502;0.02786860242486
1;6;3;1.178962377935676;0.14578504348308963;0.5519323348999023;0.5325753688812256;0.6971539258956909;0.7216898202896118;-0.12764772772789001;0.3780610263347626;0.06615477800369263;0.4551752805709839
2;6;1;2.5094003397583453;0.4915343438105815;0.5571658611297607;0.5346224904060364;0.6920310854911804;0.7138051986694336;0.08323458582162857;0.46464502811431885;-0.011140230111777782;0.2416325807571411
2;6;2;2.336673940502118;0.3903493549193451;0.5571658611297607;0.5346224904060364;0.6920310854911804;0.7138051986694336;0.007848507724702358;0.25686976313591003;0.20611605048179626;0.017624519765377045
2;6;3;1.186662324956317;0.14819848663803326;0.5571658611297607;0.5346224904060364;0.6920310854911804;0.7138051986694336;-0.123416006565094;0.37550026178359985;0.09070912003517151;0.4204501807689667
3;6;1;2.4689469240505435;0.4891389473928003;0.5636070966720581;0.5402846336364746;0.6864603757858276;0.7042913436889648;0.08385614305734634;0.46537062525749207;-0.016815830022096634;0.23528198897838593
3;6;2;2.3529417644596675;0.40919771326158205;0.5636070966720581;0.5402846336364746;0.6864603757858276;0.7042913436889648;0.008726833388209343;0.25609633326530457;0.19958482682704926;0.03903379291296005
3;6;3;1.1574558212137713;0.14853002250587366;0.5636070966720581;0.5402846336364746;0.6864603757858276;0.7042913436889648;-0.11868166923522949;0.37301626801490784;0.11946479976177216;0.3797834813594818
4;6;1;2.465338297183731;0.48261989518937565;0.5684379935264587;0.543477475643158;0.6818850040435791;0.694939136505127;0.08464431762695312;0.46621373295783997;-0.02317238226532936;0.22833849489688873
4;6;2;2.3864082515749;0.42870006522489046;0.5684379935264587;0.543477475643158;0.6818850040435791;0.694939136505127;0.009874599054455757;0.2553402781486511;0.1932762861251831;0.07295514643192291
4;6;3;1.1713616862826361;0.14364246017606508;0.5684379935264587;0.543477475643158;0.6818850040435791;0.694939136505127;-0.11391359567642212;0.37103939056396484;0.15020041167736053;0.3363167941570282
5;6;1;2.443007504471397;0.47548619458275176;0.5857487916946411;0.5512657761573792;0.6793554425239563;0.687066376209259;0.08560661226511002;0.4671688675880432;-0.029887890443205833;0.22117435932159424
5;6;2;2.306040815615531;0.4088014951650729;0.5857487916946411;0.5512657761573792;0.6793554425239563;0.687066376209259;0.011278758756816387;0.25469064712524414;0.1877116560935974;0.11076834052801132
5;6;3;1.143697305888832;0.13595059733508075;0.5857487916946411;0.5512657761573792;0.6793554425239563;0.687066376209259;-0.10952848196029663;0.3698679208755493;0.1807641237974167;0.29309317469596863
6;6;1;2.3798851631868434;0.47062750499079886;0.5942028760910034;0.5625407695770264;0.6794317960739136;0.6814441084861755;0.08673621714115143;0.46824508905410767;-0.036628421396017075;0.21416319906711578
6;6;2;2.2961605210087246;0.43473014342258764;0.5942028760910034;0.5625407695770264;0.6794317960739136;0.6814441084861755;0.01291077584028244;0.25424158573150635;0.18324337899684906;0.14967650175094604
6;6;3;1.1067120859811004;0.14709009151050534;0.5942028760910034;0.5625407695770264;0.6794317960739136;0.6814441084861755;-0.10586872696876526;0.36964163184165955;0.20920442044734955;0.2528725266456604
7;6;1;2.360233661889783;0.4712909276234125;0.6099033951759338;0.5782530903816223;0.6816232204437256;0.6787074208259583;0.08801406621932983;0.4695340692996979;-0.04304852709174156;0.20760396122932434
7;6;2;2.3909800689791982;0.45029429616213346;0.6099033951759338;0.5782530903816223;0.6816232204437256;0.6787074208259583;0.014681920409202576;0.2541578710079193;0.17992648482322693;0.18691733479499817
7;6;3;1.025388251936425;0.14414169524015819;0.6099033951759338;0.5782530903816223;0.6816232204437256;0.6787074208259583;-0.1032111644744873;0.37030884623527527;0.2338782548904419;0.21797844767570496
8;6;1;2.3668615876637107;0.46942825256701326;0.6296296119689941;0.5991461277008057;0.6855087280273438;0.6785265207290649;0.08942708373069763;0.47118160128593445;-0.04882494732737541;0.20172275602817535
8;6;2;2.4005270715690026;0.46304520556994344;0.6296296119689941;0.5991461277008057;0.6855087280273438;0.6785265207290649;0.01644199527800083;0.2546539604663849;0.17754799127578735;0.22005850076675415
8;6;3;0.9947338390814382;0.15164324702878185;0.6296296119689941;0.5991461277008057;0.6855087280273438;0.6785265207290649;-0.10177357494831085;0.3716711401939392;0.25353142619132996;0.19018468260765076
9;6;1;2.3583848772465705;0.45608565848406357;0.6368759870529175;0.6172611117362976;0.6900831460952759;0.679762601852417;0.09097758680582047;0.47331517934799194;-0.053774118423461914;0.19659683108329773
9;6;2;2.375681768324055;0.4469981031067194;0.6368759870529175;0.6172611117362976;0.6900831460952759;0.679762601852417;0.018084300681948662;0.25590112805366516;0.17595216631889343;0.2474946230649948
9;6;3;0.9726078849148525;0.14882513452897683;0.6368759870529175;0.6172611117362976;0.6900831460952759;0.679762601852417;-0.10170990228652954;0.3734867572784424;0.26735591888427734;0.17063386738300323
10;6;1;2.35226343272776;0.45357714978784713;0.6372785568237305;0.6366996765136719;0.6940507888793945;0.6809626221656799;0.0926489382982254;0.47605618834495544;-0.057778336107730865;0.19227680563926697
10;6;2;2.3602795248539223;0.4400963992231972;0.6372785568237305;0.6366996765136719;0.6940507888793945;0.6809626221656799;0.019529130309820175;0.2580609619617462;0.17508918046951294;0.2681509256362915
10;6;3;0.990250002860031;0.15820970827729575;0.6372785568237305;0.6366996765136719;0.6940507888793945;0.6809626221656799;-0.10309368371963501;0.37558791041374207;0.27500995993614197;0.159809410572052
11;6;1;2.328317247558492;0.4493243096591204;0.6372785568237305;0.6517305374145508;0.695585310459137;0.6808106303215027;0.09446832537651062;0.4794559180736542;-0.0607672818005085;0.1887907236814499
11;6;2;2.097663158344269;0.37609046121134604;0.6372785568237305;0.6517305374145508;0.695585310459137;0.6808106303215027;0.02079523541033268;0.26121774315834045;0.17473307251930237;0.2822147607803345
11;6;3;0.9949809510413239;0.16059504127428736;0.6372785568237305;0.6517305374145508;0.695585310459137;0.6808106303215027;-0.10591190308332443;0.3779730796813965;0.27661675214767456;0.1575370877981186
12;6;1;2.2838591596535345;0.4561167793368579;0.647141695022583;0.6679787039756775;0.6941817998886108;0.6787463426589966;0.09647665172815323;0.4835606813430786;-0.06272410601377487;0.1861429661512375
12;6;2;1.9933320528423089;0.35986306247875754;0.647141695022583;0.6679787039756775;0.6941817998886108;0.6787463426589966;0.021939512342214584;0.2654494047164917;0.17514169216156006;0.2898441553115845
12;6;3;0.9944241157587825;0.1586767393744699;0.647141695022583;0.6679787039756775;0.6941817998886108;0.6787463426589966;-0.11005967855453491;0.3808281123638153;0.2727181315422058;0.16305053234100342
13;6;1;2.292102435916526;0.45218574644229026;0.6555957794189453;0.6829724907875061;0.6898848414421082;0.6746407747268677;0.0987045019865036;0.4883817434310913;-0.06372281163930893;0.18429774045944214
13;6;2;1.9348735552389513;0.34543730906068904;0.6555957794189453;0.6829724907875061;0.6898848414421082;0.6746407747268677;0.023038281127810478;0.2707803249359131;0.17636971175670624;0.29197749495506287
13;6;3;1.0131957334744568;0.1635817461908009;0.6555957794189453;0.6829724907875061;0.6898848414421082;0.6746407747268677;-0.11535825580358505;0.3844980299472809;0.26419079303741455;0.17511002719402313
14;6;1;2.280860453872986;0.4403903100279649;0.6600241661071777;0.6953833103179932;0.6831244230270386;0.6689044237136841;0.10115784406661987;0.4939101040363312;-0.06389710307121277;0.18321728706359863
14;6;2;1.8808796755663115;0.34144416703529146;0.6600241661071777;0.6953833103179932;0.6831244230270386;0.6689044237136841;0.024198047816753387;0.2771936058998108;0.1785736083984375;0.28975629806518555
14;6;3;1.0492557707323904;0.1825156297866588;0.6600241661071777;0.6953833103179932;0.6831244230270386;0.6689044237136841;-0.12157236039638519;0.3894215226173401;0.2521657943725586;0.1921159327030182
15;6;1;2.2842856906186935;0.43319321185085613;0.6644524335861206;0.7054334878921509;0.6747178435325623;0.6622312068939209;0.10382439196109772;0.5001126527786255;-0.06347456574440002;0.18283943831920624
15;6;2;1.8791566010362146;0.3438786039151722;0.6644524335861206;0.7054334878921509;0.6747178435325623;0.6622312068939209;0.025515025481581688;0.2846281826496124;0.18181882798671722;0.2845565676689148
15;6;3;1.0840657506228562;0.18707989156094929;0.6644524335861206;0.7054334878921509;0.6747178435325623;0.6622312068939209;-0.12842996418476105;0.3960452973842621;0.23794320225715637;0.21222972869873047
16;6;1;2.278449686261916;0.4401618246545125;0.6690821647644043;0.7135576009750366;0.6657173037528992;0.655360758304596;0.10670751333236694;0.5069039463996887;-0.06283994764089584;0.18299615383148193
16;6;2;1.8708225952012558;0.35311085181165147;0.6690821647644043;0.7135576009750366;0.6657173037528992;0.655360758304596;0.027086691930890083;0.2929442226886749;0.18598255515098572;0.27817225456237793
16;6;3;1.1291760419954855;0.20447996320324346;0.6690821647644043;0.7135576009750366;0.6657173037528992;0.655360758304596;-0.1356392502784729;0.4047413766384125;0.22290313243865967;0.23349960148334503
17;6;1;2.25800194149107;0.4361327087642026;0.6739130616188049;0.7201532125473022;0.6568765044212341;0.649047315120697;0.10976650565862656;0.5141826868057251;-0.0624728687107563;0.18344776332378387
17;6;2;1.8474981638521024;0.35404415234553266;0.6739130616188049;0.7201532125473022;0.6568765044212341;0.649047315120697;0.02898154780268669;0.30195751786231995;0.19074717164039612;0.2725306451320648
17;6;3;1.1665969957366817;0.22423121319116524;0.6739130616188049;0.7201532125473022;0.6568765044212341;0.649047315120697;-0.1429043710231781;0.4157356917858124;0.20840664207935333;0.2540007531642914
18;6;1;2.282946990582748;0.4361989003174731;0.6743156313896179;0.7244819402694702;0.6488643288612366;0.6435582041740417;0.11294068396091461;0.5218825340270996;-0.06288514286279678;0.18390606343746185
18;6;2;1.8908752651602665;0.3801186520155042;0.6743156313896179;0.7244819402694702;0.6488643288612366;0.6435582041740417;0.031218577176332474;0.31151121854782104;0.19568036496639252;0.26912763714790344
18;6;3;1.176541825269383;0.2417240804642673;0.6743156313896179;0.7244819402694702;0.6488643288612366;0.6435582041740417;-0.14994212985038757;0.4290880858898163;0.19569820165634155;0.271973192691803
19;6;1;2.2718383967428677;0.4309328165662851;0.6775362491607666;0.7278920412063599;0.6417859792709351;0.6388146281242371;0.11617463082075119;0.5298968553543091;-0.06465285271406174;0.18405713140964508
19;6;2;1.9167952023258747;0.370262752183784;0.6775362491607666;0.7278920412063599;0.6417859792709351;0.6388146281242371;0.033814094960689545;0.3214087188243866;0.2004236876964569;0.26937973499298096
19;6;3;1.2039974638233728;0.25989866335421485;0.6775362491607666;0.7278920412063599;0.6417859792709351;0.6388146281242371;-0.15650039911270142;0.4447123408317566;0.18581537902355194;0.28594961762428284
20;6;1;2.2955501051004727;0.4313965676717624;0.6817632913589478;0.7313368320465088;0.6355345249176025;0.6342758536338806;0.1194007396697998;0.5381484627723694;-0.06830183416604996;0.18355105817317963
20;6;2;1.8808500020350474;0.3656239494390854;0.6817632913589478;0.7313368320465088;0.6355345249176025;0.6342758536338806;0.0367707833647728;0.3314843773841858;0.2047463357448578;0.27419692277908325
20;6;3;1.2465615272177875;0.2646529288827817;0.6817632913589478;0.7313368320465088;0.6355345249176025;0.6342758536338806;-0.16238367557525635;0.46243396401405334;0.1795051246881485;0.2948736548423767
21;6;1;2.270012742664985;0.4270212914449907;0.6837761402130127;0.7352359294891357;0.629588782787323;0.6292092204093933;0.12255827337503433;0.5465847253799438;-0.07426121085882187;0.1821020245552063
21;6;2;1.8839821268330175;0.36544239033953296;0.6837761402130127;0.7352359294891357;0.629588782787323;0.6292092204093933;0.040084823966026306;0.3416209816932678;0.2085239589214325;0.28406834602355957
21;6;3;1.2616355779523198;0.26481399325935717;0.6837761402130127;0.7352359294891357;0.629588782787323;0.6292092204093933;-0.16747687757015228;0.4820593595504761;0.17715910077095032;0.2981914281845093
22;6;1;2.2679576363242644;0.41498939355273023;0.6876006722450256;0.7399795055389404;0.6233777403831482;0.6228662133216858;0.12559865415096283;0.5552036762237549;-0.0826449990272522;0.1796054095029831
22;6;2;1.8603984728577618;0.3580245397602875;0.6876006722450256;0.7399795055389404;0.6233777403831482;0.6228662133216858;0.043719638139009476;0.3517858684062958;0.2116509974002838;0.29908493161201477
22;6;3;1.2632322625965546;0.2773337415755215;0.6876006722450256;0.7399795055389404;0.6233777403831482;0.6228662133216858;-0.17176178097724915;0.5034343004226685;0.17877788841724396;0.2959021329879761
23;6;1;2.246332193633066;0.41427474191865965;0.6936392784118652;0.7447996139526367;0.6166822910308838;0.6148204207420349;0.12851057946681976;0.5640507340431213;-0.09336502850055695;0.1760258674621582
23;6;2;1.8515935429207673;0.3594778926224085;0.6936392784118652;0.7447996139526367;0.6166822910308838;0.6148204207420349;0.0476507693529129;0.3620138168334961;0.2141987383365631;0.31894034147262573
23;6;3;1.2740029197265255;0.28577769320270274;0.6936392784118652;0.7447996139526367;0.6166822910308838;0.6148204207420349;-0.17532436549663544;0.526466429233551;0.1839742511510849;0.2885533571243286
24;6;1;2.190307268416631;0.4147201191391785;0.6960546970367432;0.7509433031082153;0.6094950437545776;0.6050664782524109;0.13128234446048737;0.5732647776603699;-0.10593702644109726;0.17156077921390533
24;6;2;1.789703464390823;0.36118696730647804;0.6960546970367432;0.7509433031082153;0.6094950437545776;0.6050664782524109;0.05183529108762741;0.37244465947151184;0.2162993848323822;0.34273824095726013
24;6;3;1.2709927099641583;0.30097230100933814;0.6960546970367432;0.7509433031082153;0.6094950437545776;0.6050664782524109;-0.17835161089897156;0.5511122345924377;0.19201001524925232;0.27718907594680786
25;6;1;2.1522479033041755;0.40288176818278476;0.7041062712669373;0.758445143699646;0.6020525097846985;0.5941131114959717;0.13390879333019257;0.5830380916595459;-0.11976822465658188;0.16652800142765045
25;6;2;1.7525883466789196;0.3656435017183348;0.7041062712669373;0.758445143699646;0.6020525097846985;0.5941131114959717;0.05624198913574219;0.38327300548553467;0.2181578129529953;0.36919280886650085
25;6;3;1.2544470376505652;0.31808292143261774;0.7041062712669373;0.758445143699646;0.6020525097846985;0.5941131114959717;-0.18111106753349304;0.57733154296875;0.20188185572624207;0.263228178024292
26;6;1;2.1199291364749637;0.40346475443184904;0.7121578454971313;0.7636233568191528;0.5949677228927612;0.5826395153999329;0.1364617794752121;0.5935825705528259;-0.1341676265001297;0.16124270856380463
26;6;2;1.740303818134774;0.3594576161698204;0.7121578454971313;0.7636233568191528;0.5949677228927612;0.5826395153999329;0.06086321920156479;0.3947024643421173;0.22004996240139008;0.39678916335105896
26;6;3;1.203205694972496;0.3211162513462402;0.7121578454971313;0.7636233568191528;0.5949677228927612;0.5826395153999329;-0.1839195191860199;0.6050395965576172;0.21243807673454285;0.24829943478107452
27;6;1;2.0898504653135017;0.4145794223694912;0.7208131551742554;0.7694583535194397;0.5887404680252075;0.5712111592292786;0.13902102410793304;0.605128288269043;-0.14839200675487518;0.1561322808265686
27;6;2;1.676503723434081;0.3593889731146489;0.7208131551742554;0.7694583535194397;0.5887404680252075;0.5712111592292786;0.06569083034992218;0.4069423973560333;0.22221152484416962;0.4238089621067047
27;6;3;1.178198309075742;0.3263274860389038;0.7208131551742554;0.7694583535194397;0.5887404680252075;0.5712111592292786;-0.18710359930992126;0.6340780258178711;0.22252030670642853;0.2340410053730011
28;6;1;2.0488855632359275;0.4238651534865867;0.7292673587799072;0.777288556098938;0.5829288959503174;0.5601792931556702;0.14164447784423828;0.6179246306419373;-0.16154518723487854;0.15165361762046814
28;6;2;1.6362201941169694;0.37248082785328984;0.7292673587799072;0.777288556098938;0.5829288959503174;0.5601792931556702;0.07072138041257858;0.42017292976379395;0.22492317855358124;0.44845137000083923
28;6;3;1.1497858251373287;0.33330098269937025;0.7292673587799072;0.777288556098938;0.5829288959503174;0.5601792931556702;-0.19095012545585632;0.6642161011695862;0.2311224341392517;0.22187575697898865
29;6;1;2.0167509213414068;0.4259900481024945;0.7310788631439209;0.7836619019508362;0.5768976807594299;0.5492660403251648;0.14437392354011536;0.6321622729301453;-0.1730734258890152;0.14800918102264404
29;6;2;1.6176949326574572;0.37657329248757954;0.7310788631439209;0.7836619019508362;0.5768976807594299;0.5492660403251648;0.07594173401594162;0.4345090091228485;0.22782546281814575;0.46968552470207214
29;6;3;1.134236326863875;0.33832178637663635;0.7310788631439209;0.7836619019508362;0.5768976807594299;0.5492660403251648;-0.19565856456756592;0.6951918601989746;0.23754660785198212;0.2127906084060669
30;6;1;1.9852914012075784;0.42837133411616435;0.7342995405197144;0.7895044088363647;0.5691217184066772;0.5377358198165894;0.14725211262702942;0.64793461561203;-0.18255500495433807;0.14537061750888824
30;6;2;1.59437057214536;0.3871286786661807;0.7342995405197144;0.7895044088363647;0.5691217184066772;0.5377358198165894;0.08132394403219223;0.44998040795326233;0.23107725381851196;0.48666486144065857
30;6;3;1.097621126626918;0.3522331076422498;0.7342995405197144;0.7895044088363647;0.5691217184066772;0.5377358198165894;-0.20129823684692383;0.7267917990684509;0.24154549837112427;0.20713533461093903
31;6;1;1.968426804836108;0.4306840524325213;0.7455716729164124;0.7940331101417542;0.5600752234458923;0.5253676772117615;0.1502445787191391;0.6651725172996521;-0.18991892039775848;0.14378973841667175
31;6;2;1.6016390827841915;0.38504685415496676;0.7455716729164124;0.7940331101417542;0.5600752234458923;0.5253676772117615;0.08684160560369492;0.4664822518825531;0.23476159572601318;0.4993247389793396
31;6;3;1.0882150770539942;0.3604382268796549;0.7455716729164124;0.7940331101417542;0.5600752234458923;0.5253676772117615;-0.20780214667320251;0.7588244676589966;0.24328011274337769;0.20468220114707947
32;6;1;1.9655768529976374;0.4331089666330823;0.7520128488540649;0.7979346513748169;0.5496150851249695;0.5122036933898926;0.15316210687160492;0.6836255788803101;-0.19571244716644287;0.14294575154781342
32;6;2;1.619316665733069;0.3831498389952701;0.7520128488540649;0.7979346513748169;0.5496150851249695;0.5122036933898926;0.09245941787958145;0.48376646637916565;0.23882460594177246;0.5084609985351562
32;6;3;1.0897190581270602;0.3689996656642949;0.7520128488540649;0.7979346513748169;0.5496150851249695;0.5122036933898926;-0.21496689319610596;0.7911109924316406;0.2432866245508194;0.20467299222946167
33;6;1;2.0039708839874457;0.43349040951384943;0.7552334666252136;0.8024708032608032;0.5380652546882629;0.4988037347793579;0.1557534635066986;0.7028698921203613;-0.20094983279705048;0.14224237203598022
33;6;2;1.6498348506184435;0.3920644361071468;0.7552334666252136;0.8024708032608032;0.5380652546882629;0.4988037347793579;0.09813043475151062;0.5014633536338806;0.2429981529712677;0.5156440734863281
33;6;3;1.1241550982604167;0.3768260493106639;0.7552334666252136;0.8024708032608032;0.5380652546882629;0.4988037347793579;-0.22248582541942596;0.8234605193138123;0.24235780537128448;0.20598654448986053
34;6;1;1.994783696412707;0.4280370860352378;0.7600643634796143;0.807965099811554;0.5267250537872314;0.4860515892505646;0.1577407568693161;0.7223796844482422;-0.2068546861410141;0.14113205671310425
34;6;2;1.6508842302688773;0.3911767277262501;0.7600643634796143;0.807965099811554;0.5267250537872314;0.4860515892505646;0.10379262268543243;0.5191472768783569;0.24684086441993713;0.5228193998336792
34;6;3;1.1180672918940173;0.3784174925328303;0.7600643634796143;0.807965099811554;0.5267250537872314;0.4860515892505646;-0.2300081104040146;0.8556510210037231;0.24135904014110565;0.20739901065826416
35;6;1;1.980889302604175;0.43239332173308753;0.7665056586265564;0.814308762550354;0.5166376233100891;0.4743521213531494;0.158817857503891;0.7416948676109314;-0.21448485553264618;0.13912257552146912
35;6;2;1.6765604522217679;0.3974271426844793;0.7665056586265564;0.814308762550354;0.5166376233100891;0.4743521213531494;0.10937048494815826;0.5364360213279724;0.2501518130302429;0.5315120220184326
35;6;3;1.1354320030428182;0.3829026593746736;0.7665056586265564;0.814308762550354;0.5166376233100891;0.4743521213531494;-0.23721478879451752;0.8874411582946777;0.2410244345664978;0.20787222683429718
36;6;1;2.01951345626006;0.43794896546444617;0.7783816456794739;0.8209735155105591;0.5075398087501526;0.46341025829315186;0.15877583622932434;0.7604689002037048;-0.22458802163600922;0.13587667047977448
36;6;2;1.6568703601388997;0.4007973931696478;0.7783816456794739;0.8209735155105591;0.5075398087501526;0.46341025829315186;0.11480136215686798;0.5530468225479126;0.25280845165252686;0.5427177548408508
36;6;3;1.0912418171750415;0.39938186863071934;0.7783816456794739;0.8209735155105591;0.5075398087501526;0.46341025829315186;-0.24388399720191956;0.9186081886291504;0.24180951714515686;0.2067619413137436
37;6;1;2.0146875453949606;0.4289915527727146;0.7958937287330627;0.8279765248298645;0.4989379048347473;0.4526156485080719;0.15759168565273285;0.7785055637359619;-0.2373475581407547;0.13148273527622223
37;6;2;1.6802277735792952;0.4115618143717312;0.7958937287330627;0.8279765248298645;0.4989379048347473;0.4526156485080719;0.12004927545785904;0.5688319802284241;0.2547059655189514;0.5568256378173828
37;6;3;1.0971661327244089;0.40451338919410684;0.7958937287330627;0.8279765248298645;0.4989379048347473;0.4526156485080719;-0.2499305009841919;0.948981761932373;0.24381321668624878;0.20392829179763794
38;6;1;2.0018334693344997;0.43359263343739674;0.8051530122756958;0.8351820707321167;0.4900560677051544;0.441677451133728;0.155293270945549;0.7959185242652893;-0.2518390715122223;0.12663619220256805
38;6;2;1.6749952739339449;0.41946927873087336;0.8051530122756958;0.8351820707321167;0.4900560677051544;0.441677451133728;0.12510840594768524;0.5838100910186768;0.25648054480552673;0.5728720426559448
38;6;3;1.0810971615951566;0.4063062017003469;0.8051530122756958;0.8351820707321167;0.4900560677051544;0.441677451133728;-0.2554098963737488;0.9784501791000366;0.24678844213485718;0.19972068071365356
39;6;1;1.9959509925627392;0.4393542673769226;0.816425085067749;0.8435481786727905;0.4811524748802185;0.43115296959877014;0.15225434303283691;0.8128917217254639;-0.2668675482273102;0.1223003938794136
39;6;2;1.6457214647595224;0.41902876154693836;0.816425085067749;0.8435481786727905;0.4811524748802185;0.43115296959877014;0.12998414039611816;0.5980967283248901;0.2585177719593048;0.5895981788635254
39;6;3;1.0706796890901096;0.4086269272824734;0.816425085067749;0.8435481786727905;0.4811524748802185;0.43115296959877014;-0.26046115159988403;1.006940245628357;0.25030001997947693;0.19475455582141876
40;6;1;1.9956406514679257;0.44402506480853177;0.8252817392349243;0.851538896560669;0.4724525809288025;0.42132607102394104;0.14874419569969177;0.8296557068824768;-0.2815200388431549;0.11902578920125961
40;6;2;1.6362003212622316;0.433398743933747;0.8252817392349243;0.851538896560669;0.4724525809288025;0.42132607102394104;0.13469094038009644;0.6118354797363281;0.260988712310791;0.6057805418968201
40;6;3;1.084168823362301;0.4103210376163795;0.8252817392349243;0.851538896560669;0.4724525809288025;0.42132607102394104;-0.265251100063324;1.0343974828720093;0.253864586353302;0.1897134780883789
41;6;1;2.0193738509413537;0.45839749820813314;0.8345410823822021;0.8592876195907593;0.4644457995891571;0.4123130738735199;0.14493392407894135;0.846493661403656;-0.29482895135879517;0.11721272021532059
41;6;2;1.6411132867288867;0.4364030762015463;0.8345410823822021;0.8592876195907593;0.4644457995891571;0.4123130738735199;0.13923440873622894;0.6251745223999023;0.26409417390823364;0.6201751828193665
41;6;3;1.080329522830958;0.4240323888714572;0.8345410823822021;0.8592876195907593;0.4644457995891571;0.4123130738735199;-0.26992958784103394;1.0607774257659912;0.2570640742778778;0.18518874049186707
42;6;1;2.045851121949565;0.459343305245544;0.8379629850387573;0.8677574396133423;0.45692023634910583;0.4040108323097229;0.1411014050245285;0.8635339736938477;-0.30625298619270325;0.11672095209360123
42;6;2;1.6439670414702086;0.4329244531331189;0.8379629850387573;0.8677574396133423;0.45692023634910583;0.4040108323097229;0.1436155140399933;0.638187825679779;0.2677364945411682;0.6322422623634338
42;6;3;1.093223824510047;0.4263186877928109;0.8379629850387573;0.8677574396133423;0.45692023634910583;0.4040108323097229;-0.27458295226097107;1.0860481262207031;0.25965794920921326;0.18152044713497162
43;6;1;2.0271362886996656;0.46713278368269195;0.842391312122345;0.874093770980835;0.44932952523231506;0.3963218331336975;0.13732723891735077;0.8808091878890991;-0.3156592845916748;0.11715548485517502
43;6;2;1.6477101839484236;0.44065750321170505;0.842391312122345;0.874093770980835;0.44932952523231506;0.3963218331336975;0.1478377878665924;0.6508862972259521;0.2721521854400635;0.6416233777999878
43;6;3;1.0975755380944268;0.43232661415782125;0.842391312122345;0.874093770980835;0.44932952523231506;0.3963218331336975;-0.2792229652404785;1.1101903915405273;0.26160871982574463;0.17876164615154266
44;6;1;2.0743030948169467;0.47620437858185394;0.8442028760910034;0.8832179307937622;0.44189780950546265;0.38862013816833496;0.13383600115776062;0.8981814980506897;-0.32327204942703247;0.1175481453537941
44;6;2;1.6696445571379153;0.446280708961603;0.8442028760910034;0.8832179307937622;0.44189780950546265;0.38862013816833496;0.15188482403755188;0.6631914377212524;0.27700066566467285;0.6490458846092224
44;6;3;1.0932619009269997;0.44688471004637087;0.8442028760910034;0.8832179307937622;0.44189780950546265;0.38862013816833496;-0.28377765417099;1.1332200765609741;0.26309287548065186;0.17666271328926086
45;6;1;2.0871765553326123;0.48590565928509477;0.8452093601226807;0.8905445337295532;0.4346710741519928;0.3809812366962433;0.13071587681770325;0.9154823422431946;-0.32931336760520935;0.1174478754401207
45;6;2;1.6917867648391143;0.4633907250590936;0.8452093601226807;0.8905445337295532;0.4346710741519928;0.3809812366962433;0.15573714673519135;0.6750010848045349;0.2823137938976288;0.6552230715751648
45;6;3;1.113619336362638;0.4486960603118191;0.8452093601226807;0.8905445337295532;0.4346710741519928;0.3809812366962433;-0.288119912147522;1.155177354812622;0.2644173502922058;0.1747896671295166
46;6;1;2.1488753010995296;0.5068242256049178;0.8514492511749268;0.8969770669937134;0.42844080924987793;0.3731341063976288;0.12782064080238342;0.9324355125427246;-0.33493658900260925;0.11547953635454178
46;6;2;1.6769818143726924;0.47089782362844135;0.8514492511749268;0.8969770669937134;0.42844080924987793;0.3731341063976288;0.15936695039272308;0.6861853003501892;0.2878338098526001;0.6613541841506958
46;6;3;1.0932350166389524;0.457267458974151;0.8514492511749268;0.8969770669937134;0.42844080924987793;0.3731341063976288;-0.2920902371406555;1.1761261224746704;0.2659660279750824;0.17259946465492249
47;6;1;2.176102146131913;0.5196403096782611;0.8550724983215332;0.9036738872528076;0.42175695300102234;0.36419495940208435;0.12506113946437836;0.9489541053771973;-0.3404815196990967;0.11122417449951172
47;6;2;1.6686753285518527;0.4777694447974876;0.8550724983215332;0.9036738872528076;0.42175695300102234;0.36419495940208435;0.16277284920215607;0.6966694593429565;0.29384762048721313;0.6680712699890137
47;6;3;1.0713296137939468;0.46435190210316835;0.8550724983215332;0.9036738872528076;0.42175695300102234;0.36419495940208435;-0.2955584228038788;1.1961668729782104;0.2680702209472656;0.1696237027645111
48;6;1;2.1825515369775177;0.5350385125263233;0.8667471408843994;0.912247359752655;0.41428342461586;0.35391247272491455;0.12242579460144043;0.9649374485015869;-0.346611887216568;0.10438530892133713
48;6;2;1.6516282462009277;0.493779114230223;0.8667471408843994;0.912247359752655;0.41428342461586;0.35391247272491455;0.1659519374370575;0.706427812576294;0.3002316951751709;0.6761341691017151
48;6;3;1.0519279631749612;0.47341871086466947;0.8667471408843994;0.912247359752655;0.41428342461586;0.35391247272491455;-0.2984393239021301;1.215430498123169;0.2709611654281616;0.1655353158712387
49;6;1;2.17589361951316;0.5543159347506967;0.8794283270835876;0.9208999276161194;0.4051741063594818;0.34173691272735596;0.11986172199249268;0.9804620146751404;-0.3534654974937439;0.09539846330881119
49;6;2;1.6513303509031303;0.5124056822480405;0.8794283270835876;0.9208999276161194;0.4051741063594818;0.34173691272735596;0.1689153015613556;0.7155160903930664;0.3069348633289337;0.6858733892440796
49;6;3;1.061995571612015;0.4971924788278912;0.8794283270835876;0.9208999276161194;0.4051741063594818;0.34173691272735596;-0.30071502923965454;1.234078049659729;0.2747238576412201;0.16021405160427094
50;6;1;2.193247752987003;0.5696935503124876;0.8913043737411499;0.9286116361618042;0.39170509576797485;0.3281202018260956;0.1172967478632927;0.9958133697509766;-0.36038997769355774;0.08577270060777664
50;6;2;1.671713274970875;0.5253115937926736;0.8913043737411499;0.9286116361618042;0.39170509576797485;0.3281202018260956;0.17168670892715454;0.7240645885467529;0.3143266439437866;0.696866512298584
50;6;3;1.0418953249652771;0.5172089945498892;0.8913043737411499;0.9286116361618042;0.39170509576797485;0.3281202018260956;-0.3024277687072754;1.2522740364074707;0.2793090343475342;0.1537296324968338
51;6;1;2.2005669245673607;0.583145614586793;0.9041867852210999;0.9393928050994873;0.37507253885269165;0.31282201409339905;0.11460447311401367;1.0111849308013916;-0.36727187037467957;0.07713416963815689
51;6;2;1.689231500682963;0.5550697577507568;0.9041867852210999;0.9393928050994873;0.37507253885269165;0.31282201409339905;0.17428357899188995;0.7322005033493042;0.32233938574790955;0.709072470664978
51;6;3;1.0130972393005946;0.5489865421678535;0.9041867852210999;0.9393928050994873;0.37507253885269165;0.31282201409339905;-0.3036242723464966;1.2701940536499023;0.2846558094024658;0.14616812765598297
52;6;1;2.22199484591831;0.5913826213279494;0.9190820455551147;0.9477391242980957;0.35627737641334534;0.2960872948169708;0.11129339039325714;1.026879072189331;-0.37381529808044434;0.0716049075126648
52;6;2;1.6748329957526789;0.5840054877044119;0.9190820455551147;0.9477391242980957;0.35627737641334534;0.2960872948169708;0.17673438787460327;0.740064799785614;0.33163130283355713;0.7218208909034729
52;6;3;0.9921248347531622;0.5772031596303844;0.9190820455551147;0.9477391242980957;0.35627737641334534;0.2960872948169708;-0.30434590578079224;1.2880123853683472;0.29071661829948425;0.13759684562683105
53;6;1;2.2692849145050884;0.6171292331411111;0.9351851940155029;0.9558138251304626;0.3347826302051544;0.27802932262420654;0.10715427249670029;1.0429714918136597;-0.3803732097148895;0.06987045705318451
53;6;2;1.6811005033672375;0.6107352604207161;0.9351851940155029;0.9558138251304626;0.3347826302051544;0.27802932262420654;0.17905081808567047;0.7477282881736755;0.3418988585472107;0.7355738282203674
53;6;3;0.9730380972020773;0.6011356364073772;0.9351851940155029;0.9558138251304626;0.3347826302051544;0.27802932262420654;-0.304599791765213;1.3059033155441284;0.297529399394989;0.1279621571302414
54;6;1;2.2924947507623648;0.6401137338890224;0.9456521272659302;0.9630860090255737;0.31074604392051697;0.25938305258750916;0.10176637023687363;1.0595202445983887;-0.38721174001693726;0.07166611403226852
54;6;2;1.6936563248418137;0.6355278898992518;0.9456521272659302;0.9630860090255737;0.31074604392051697;0.25938305258750916;0.1812407374382019;0.7552320957183838;0.35290345549583435;0.7508645057678223
54;6;3;0.9670643915024897;0.6336721901635003;0.9456521272659302;0.9630860090255737;0.31074604392051697;0.25938305258750916;-0.30436787009239197;1.3240292072296143;0.3051747679710388;0.11714993417263031
55;6;1;2.2759938191817417;0.6676210891645447;0.9533010721206665;0.9692518711090088;0.28505465388298035;0.2406480759382248;0.09524939209222794;1.0764912366867065;-0.39456960558891296;0.07519243657588959
55;6;2;1.7381472839172698;0.6733579765435946;0.9533010721206665;0.9692518711090088;0.28505465388298035;0.2406480759382248;0.18331165611743927;0.762593686580658;0.3642159402370453;0.7683946490287781
55;6;3;0.964008384293022;0.665650110810192;0.9533010721206665;0.9692518711090088;0.28505465388298035;0.2406480759382248;-0.30362874269485474;1.3425289392471313;0.3137277364730835;0.10505420714616776
56;6;1;2.2839023215780303;0.6838245805535541;0.9617552757263184;0.976279616355896;0.2587738633155823;0.2221715897321701;0.08756639808416367;1.0940043926239014;-0.4019462764263153;0.07893858104944229
56;6;2;1.7379523361842981;0.7202131869977841;0.9617552757263184;0.976279616355896;0.2587738633155823;0.2221715897321701;0.18527451157569885;0.7698458433151245;0.3755185604095459;0.7885598540306091
56;6;3;0.9749828233753455;0.7037143862368938;0.9617552757263184;0.976279616355896;0.2587738633155823;0.2221715897321701;-0.30238768458366394;1.3615130186080933;0.32319194078445435;0.09166983515024185
57;6;1;2.2861175355418863;0.712546230524342;0.9714170694351196;0.9816182851791382;0.23034480214118958;0.20337961614131927;0.07915699481964111;1.1120688915252686;-0.40910205245018005;0.08178306370973587
57;6;2;1.7584586171009287;0.7500298608206477;0.9714170694351196;0.9816182851791382;0.23034480214118958;0.20337961614131927;0.18714988231658936;0.7770287990570068;0.3867766857147217;0.8113850951194763
57;6;3;0.9665081351971985;0.7386065414495735;0.9714170694351196;0.9816182851791382;0.23034480214118958;0.20337961614131927;-0.30066579580307007;1.3810672760009766;0.3335273265838623;0.07705339789390564
58;6;1;2.3450665761288345;0.7355020156769649;0.9798711538314819;0.9856433272361755;0.20190122723579407;0.18594439327716827;0.0706094279885292;1.1305748224258423;-0.415912002325058;0.08354026824235916
58;6;2;1.7652189810556278;0.7775041881275842;0.9798711538314819;0.9856433272361755;0.20190122723579407;0.18594439327716827;0.18895025551319122;0.7841712236404419;0.3978252112865448;0.8367765545845032
58;6;3;0.9607195196924234;0.7708658451120707;0.9798711538314819;0.9856433272361755;0.20190122723579407;0.18594439327716827;-0.2985144853591919;1.4011988639831543;0.34461718797683716;0.061369918286800385
59;6;1;2.3578794932967195;0.7419762467728535;0.9871176481246948;0.9883447885513306;0.17599502205848694;0.17124734818935394;0.06249861791729927;1.1493791341781616;-0.42228642106056213;0.08419244736433029
59;6;2;1.7488750115763754;0.7960404136339534;0.9871176481246948;0.9883447885513306;0.17599502205848694;0.17124734818935394;0.19069062173366547;0.7913159728050232;0.408588171005249;0.8641819357872009
59;6;3;0.9487627261437455;0.8006233598046395;0.9871176481246948;0.9883447885513306;0.17599502205848694;0.17124734818935394;-0.29604029655456543;1.421828269958496;0.35622715950012207;0.04495098441839218
60;6;1;2.3573142619650893;0.7725169808071999;0.9899356365203857;0.9902609586715698;0.15430399775505066;0.15936052799224854;0.055149007588624954;1.1683998107910156;-0.42785167694091797;0.0841541513800621
60;6;2;1.7545019216430413;0.8182061565978342;0.9899356365203857;0.9902609586715698;0.15430399775505066;0.15936052799224854;0.19238513708114624;0.7985206842422485;0.4190747141838074;0.8926887512207031
60;6;3;0.9249294295013879;0.8122054531587763;0.9899356365203857;0.9902609586715698;0.15430399775505066;0.15936052799224854;-0.29339224100112915;1.442808747291565;0.36804676055908203;0.0282355435192585
61;6;1;2.3731510762979564;0.781745261595451;0.9915459156036377;0.9915746450424194;0.13816586136817932;0.14987245202064514;0.048821475356817245;1.187698245048523;-0.4315890371799469;0.08410238474607468
61;6;2;1.8024700068144366;0.823169085019686;0.9915459156036377;0.9915746450424194;0.13816586136817932;0.14987245202064514;0.19404923915863037;0.8058465719223022;0.42933231592178345;0.9212679266929626
61;6;3;0.9198645688051963;0.822502266097568;0.9915459156036377;0.9915746450424194;0.13816586136817932;0.14987245202064514;-0.2907300293445587;1.4639657735824585;0.37975549697875977;0.011676868423819542
62;6;1;2.3607325290905834;0.7779022637506556;0.9931561946868896;0.9922215938568115;0.12613548338413239;0.14242109656333923;0.04371809959411621;1.2072193622589111;-0.43297305703163147;0.08455976843833923
62;6;2;1.7668774746010065;0.8284759919053157;0.9931561946868896;0.9922215938568115;0.12613548338413239;0.14242109656333923;0.19568896293640137;0.8133156299591064;0.43938225507736206;0.949141800403595
62;6;3;0.9014675821809082;0.83480601430198;0.9931561946868896;0.9922215938568115;0.12613548338413239;0.14242109656333923;-0.28816837072372437;1.4851192235946655;0.3911181688308716;0.004392354749143124
63;6;1;2.368544043778485;0.7782781242003973;0.9931561946868896;0.9925228953361511;0.11722694337368011;0.13659799098968506;0.039826083928346634;1.226741909980774;-0.43202462792396545;0.08579234778881073
63;6;2;1.7458469833356558;0.8333035656495529;0.9931561946868896;0.9925228953361511;0.11722694337368011;0.13659799098968506;0.19729647040367126;0.8208652138710022;0.44913145899772644;0.9761057496070862
63;6;3;0.9023056645027214;0.8288602281046675;0.9931561946868896;0.9925228953361511;0.11722694337368011;0.13659799098968506;-0.2857348918914795;1.5060943365097046;0.402045875787735;0.019846487790346146
64;6;1;2.346716934521294;0.7795810174074869;0.9939613342285156;0.9927599430084229;0.11055471003055573;0.1320410519838333;0.03715977817773819;1.245911717414856;-0.42911848425865173;0.0882507711648941
64;6;2;1.7539651339682498;0.8286325920035669;0.9939613342285156;0.9927599430084229;0.11055471003055573;0.1320410519838333;0.1988605260848999;0.8283571004867554;0.4584970474243164;1.0024060010910034
64;6;3;0.9049964341297967;0.8302799758791857;0.9939613342285156;0.9927599430084229;0.11055471003055573;0.1320410519838333;-0.28337782621383667;1.5267341136932373;0.4125800132751465;0.034743987023830414
65;6;1;2.365450510027128;0.7896956072423622;0.9943639039993286;0.992720365524292;0.10576894879341125;0.12879973649978638;0.0355495922267437;1.2643132209777832;-0.42501506209373474;0.09167682379484177
65;6;2;1.7682965395184471;0.826798639133544;0.9943639039993286;0.992720365524292;0.10576894879341125;0.12879973649978638;0.2003600001335144;0.835612952709198;0.46735891699790955;1.0285731554031372
65;6;3;0.9090537177655689;0.8322218572309796;0.9943639039993286;0.992720365524292;0.10576894879341125;0.12879973649978638;-0.2810027599334717;1.5468978881835938;0.4228302538394928;0.04924003779888153
66;6;1;2.392008395370044;0.7916333673638487;0.9951691031455994;0.9925920367240906;0.10263583064079285;0.1266227513551712;0.03477878496050835;1.281556487083435;-0.42057323455810547;0.0956849679350853
66;6;2;1.7588151969651529;0.8248337344406864;0.9951691031455994;0.9925920367240906;0.10263583064079285;0.1266227513551712;0.20177596807479858;0.8424568772315979;0.47562360763549805;1.0551469326019287
66;6;3;0.8976333204038669;0.8264683845257563;0.9951691031455994;0.9925920367240906;0.10263583064079285;0.1266227513551712;-0.27851399779319763;1.5664621591567993;0.432911217212677;0.06349669396877289
67;6;1;2.394878279478137;0.793627717890951;0.9947664737701416;0.9924536943435669;0.10017877072095871;0.1251925379037857;0.034593772143125534;1.297390341758728;-0.41636452078819275;0.09993189573287964
67;6;2;1.7531537597715525;0.8343965822085133;0.9947664737701416;0.9924536943435669;0.10017877072095871;0.1251925379037857;0.20308811962604523;0.8487595319747925;0.48320555686950684;1.0824815034866333
67;6;3;0.8770654514202834;0.8167282852772106;0.9947664737701416;0.9924536943435669;0.10017877072095871;0.1251925379037857;-0.2758525609970093;1.5853232145309448;0.44288894534111023;0.07760731130838394
68;6;1;2.398161621153756;0.7905132857895891;0.9943639039993286;0.9923055768013;0.09872131049633026;0.12404347956180573;0.034809377044439316;1.31177818775177;-0.41233086585998535;0.10431725531816483
68;6;2;1.756763277116928;0.8327071872670007;0.9943639039993286;0.9923055768013;0.09872131049633026;0.12404347956180573;0.2042967975139618;0.8544617295265198;0.49014413356781006;1.1105471849441528
68;6;3;0.8697011997526873;0.8163516466079477;0.9943639039993286;0.9923055768013;0.09872131049633026;0.12404347956180573;-0.27301573753356934;1.6034015417099;0.4527568221092224;0.09156259894371033
69;6;1;2.4177034251794822;0.7867415237186961;0.9939613342285156;0.9921327233314514;0.09806888550519943;0.12282280623912811;0.03517746925354004;1.324770212173462;-0.4085105061531067;0.10838908702135086
69;6;2;1.7630796432280853;0.8330675908660337;0.9939613342285156;0.9921327233314514;0.09806888550519943;0.12282280623912811;0.2054046392440796;0.8595684170722961;0.4964759945869446;1.1390880346298218
69;6;3;0.8650479890675413;0.8163676596067302;0.9939613342285156;0.9921327233314514;0.09806888550519943;0.12282280623912811;-0.2700453996658325;1.6206432580947876;0.46245500445365906;0.1052778959274292
70;6;1;2.434340313061969;0.7894563143399811;0.9935587644577026;0.9920734167098999;0.09788337349891663;0.12153781950473785;0.03552982956171036;1.3365064859390259;-0.40479204058647156;0.11193595081567764
70;6;2;1.7564297653949703;0.8313289602288467;0.9935587644577026;0.9920734167098999;0.09788337349891663;0.12153781950473785;0.20642155408859253;0.864139199256897;0.5022662878036499;1.1676349639892578
70;6;3;0.8654263340526986;0.8110154291799163;0.9935587644577026;0.9920734167098999;0.09788337349891663;0.12153781950473785;-0.26702040433883667;1.637015700340271;0.47188183665275574;0.11860945075750351
71;6;1;2.4519503843344346;0.7900007270134806;0.9931561946868896;0.9920932054519653;0.09774188697338104;0.12004757672548294;0.03577933460474014;1.3471931219100952;-0.4009099006652832;0.11496676504611969
71;6;2;1.7679878128473874;0.8277917991404546;0.9931561946868896;0.9920932054519653;0.09774188697338104;0.12004757672548294;0.20736129581928253;0.868270993232727;0.5076043009757996;1.195605993270874
71;6;3;0.8599740161398657;0.8113794591766967;0.9931561946868896;0.9920932054519653;0.09774188697338104;0.12004757672548294;-0.2640373110771179;1.652505874633789;0.48092007637023926;0.13139145076274872
72;6;1;2.461559881447471;0.7888216545673945;0.9935587644577026;0.9922116994857788;0.09734141826629639;0.11829725652933121;0.03589959070086479;1.3570257425308228;-0.39666780829429626;0.11773320287466049
72;6;2;1.769848357479951;0.8289066949473352;0.9935587644577026;0.9922116994857788;0.09734141826629639;0.11829725652933121;0.20823261141777039;0.8720678091049194;0.5125449299812317;1.2224904298782349
72;6;3;0.855586584649684;0.8083183175008135;0.9935587644577026;0.9922116994857788;0.09734141826629639;0.11829725652933121;-0.2611843943595886;1.6671198606491089;0.48946964740753174;0.14348237216472626
73;6;1;2.458391560933653;0.7925860101532018;0.9935587644577026;0.9924339652061462;0.09652139246463776;0.11629673838615417;0.036000967025756836;1.3661772012710571;-0.39177390933036804;0.1208564043045044
73;6;2;1.7895524803765683;0.8262756736676651;0.9935587644577026;0.9924339652061462;0.09652139246463776;0.11629673838615417;0.20904545485973358;0.8756128549575806;0.5171431303024292;1.2479370832443237
73;6;3;0.8548955077150575;0.8091050774249715;0.9935587644577026;0.9924339652061462;0.09652139246463776;0.11629673838615417;-0.25852152705192566;1.6808791160583496;0.4974713623523712;0.1547985076904297
74;6;1;2.4721132533138617;0.7964287535469818;0.9939613342285156;0.9926907420158386;0.0953051820397377;0.11407162249088287;0.03609810024499893;1.3747408390045166;-0.38616520166397095;0.12483321875333786
74;6;2;1.8163312477224878;0.8273704399302853;0.9939613342285156;0.9926907420158386;0.0953051820397377;0.11407162249088287;0.20980778336524963;0.8789452910423279;0.5214438438415527;1.2718524932861328
74;6;3;0.8577901267445913;0.8098965917086987;0.9939613342285156;0.9926907420158386;0.0953051820397377;0.11407162249088287;-0.25606366991996765;1.6938183307647705;0.5049247741699219;0.16533918678760529
75;6;1;2.4739022241790565;0.799257444901956;0.9939613342285156;0.9929772615432739;0.09386490285396576;0.11168840527534485;0.03630781173706055;1.3827016353607178;-0.38019806146621704;0.12963885068893433
75;6;2;1.842374086161878;0.8316906591557891;0.9939613342285156;0.9929772615432739;0.09386490285396576;0.11168840527534485;0.2105216234922409;0.8820528388023376;0.5254588723182678;1.2944307327270508
75;6;3;0.8479444260528881;0.8129489491443365;0.9939613342285156;0.9929772615432739;0.09386490285396576;0.11168840527534485;-0.25377947092056274;1.7059818506240845;0.5118870735168457;0.1751853972673416
76;6;1;2.495935577322503;0.80655712034795;0.9947664737701416;0.993243932723999;0.09250424802303314;0.10939807444810867;0.03674156591296196;1.3899946212768555;-0.3743365705013275;0.13518871366977692
76;6;2;1.8474901750787502;0.8357201745640173;0.9947664737701416;0.993243932723999;0.09250424802303314;0.10939807444810867;0.21118642389774323;0.8848941922187805;0.5291872620582581;1.3160117864608765
76;6;3;0.8415262848710388;0.8159050040201721;0.9947664737701416;0.993243932723999;0.09250424802303314;0.10939807444810867;-0.2516127824783325;1.7174183130264282;0.5184438228607178;0.18445800244808197
77;6;1;2.5052460981056797;0.8089259427425608;0.9947664737701416;0.9934611916542053;0.09154317528009415;0.10727603733539581;0.037474848330020905;1.39657723903656;-0.36890721321105957;0.1413719356060028
77;6;2;1.8650970641858793;0.8422271908293051;0.9947664737701416;0.9934611916542053;0.09154317528009415;0.10727603733539581;0.2118014246225357;0.8874349594116211;0.5326277017593384;1.3369030952453613
77;6;3;0.8406597381641037;0.8222100754971604;0.9947664737701416;0.9934611916542053;0.09154317528009415;0.10727603733539581;-0.24951229989528656;1.7281770706176758;0.5246713161468506;0.19326509535312653
78;6;1;2.5148148221235083;0.812911121143995;0.9951690435409546;0.9937921166419983;0.09111155569553375;0.10534795373678207;0.03854885324835777;1.4024561643600464;-0.36408400535583496;0.14806680381298065
78;6;2;1.859683314803899;0.8468301735943795;0.9951690435409546;0.9937921166419983;0.09111155569553375;0.10534795373678207;0.21236670017242432;0.8896717429161072;0.535786509513855;1.3572626113891602
78;6;3;0.8378117169131718;0.8246733764027736;0.9951690435409546;0.9937921166419983;0.09111155569553375;0.10534795373678207;-0.24745085835456848;1.7383061647415161;0.5306141376495361;0.20166951417922974
79;6;1;2.5037303305608845;0.8174499337277048;0.9947664737701416;0.9940192103385925;0.0912412703037262;0.10362661629915237;0.039965152740478516;1.4076932668685913;-0.3598850667476654;0.15519730746746063
79;6;2;1.898937214162526;0.8546307564728668;0.9947664737701416;0.9940192103385925;0.0912412703037262;0.10362661629915237;0.21288996934890747;0.8916391730308533;0.5387027263641357;1.377052664756775
79;6;3;0.8337221827023411;0.8198277187100562;0.9947664737701416;0.9940192103385925;0.0912412703037262;0.10362661629915237;-0.24543164670467377;1.7478517293930054;0.5362792611122131;0.20968115329742432
80;6;1;2.5151616675376767;0.8160934416606738;0.9943639039993286;0.994182288646698;0.09192406386137009;0.1021205335855484;0.04168524965643883;1.4123939275741577;-0.3562142848968506;0.1627320498228073
80;6;2;1.9017230203994009;0.8581504162235656;0.9943639039993286;0.994182288646698;0.09192406386137009;0.1021205335855484;0.21337608993053436;0.8934066295623779;0.5414018034934998;1.3960932493209839
80;6;3;0.830748349354181;0.8274051230605419;0.9943639039993286;0.994182288646698;0.09192406386137009;0.1021205335855484;-0.243483766913414;1.7568566799163818;0.5416423082351685;0.21726565062999725
81;6;1;2.5451467392234584;0.8129150614003962;0.9947664737701416;0.99424147605896;0.09309714287519455;0.10085393488407135;0.043650127947330475;1.4166994094848633;-0.35282525420188904;0.17063015699386597
81;6;2;1.9114513257112673;0.857324669127522;0.9947664737701416;0.99424147605896;0.09309714287519455;0.10085393488407135;0.2138311117887497;0.8950619697570801;0.5439139604568481;1.4141173362731934
81;6;3;0.8331356781954709;0.8291509856478192;0.9947664737701416;0.99424147605896;0.09309714287519455;0.10085393488407135;-0.24165096879005432;1.7653608322143555;0.5466622114181519;0.22436490654945374
82;6;1;2.5610678808625558;0.8127610693343188;0.9951690435409546;0.9942464828491211;0.09465564787387848;0.09984640777111053;0.04576683044433594;1.4207357168197632;-0.34951138496398926;0.1788611263036728
82;6;2;1.9109684398456483;0.8561241727011741;0.9951690435409546;0.9942464828491211;0.09465564787387848;0.09984640777111053;0.21425852179527283;0.8966876268386841;0.5462602376937866;1.4308816194534302
82;6;3;0.8360816947209395;0.8311236563223265;0.9951690435409546;0.9942464828491211;0.09465564787387848;0.09984640777111053;-0.23997336626052856;1.7733997106552124;0.551302433013916;0.23092709481716156
83;6;1;2.553232302392809;0.821113057682215;0.9955716729164124;0.9942266941070557;0.0964583083987236;0.09908371418714523;0.04794425889849663;1.4245951175689697;-0.34613022208213806;0.1872958093881607
83;6;2;1.9309892852847357;0.8597704106443551;0.9955716729164124;0.9942266941070557;0.0964583083987236;0.09908371418714523;0.21466407179832458;0.8983379006385803;0.5484717488288879;1.4462432861328125
83;6;3;0.8317202669913204;0.832230357127516;0.9955716729164124;0.9942266941070557;0.0964583083987236;0.09908371418714523;-0.23847264051437378;1.7810057401657104;0.555547833442688;0.23693108558654785
84;6;1;2.5797500807501814;0.8231297072468307;0.9955716729164124;0.9942710995674133;0.09835071116685867;0.09850208461284637;0.05007040500640869;1.428299903869629;-0.3427315354347229;0.19583237171173096
84;6;2;1.9269111077946395;0.8583130617467445;0.9955716729164124;0.9942710995674133;0.09835071116685867;0.09850208461284637;0.21504798531532288;0.9000247120857239;0.5505511164665222;1.4602450132369995
84;6;3;0.8271606250415715;0.8404564316409457;0.9955716729164124;0.9942710995674133;0.09835071116685867;0.09850208461284637;-0.23714135587215424;1.7882078886032104;0.5594169497489929;0.2424027919769287
85;6;1;2.6038122377287953;0.8248667474952622;0.9951690435409546;0.9942365884780884;0.10018876940011978;0.09813246876001358;0.052010249346494675;1.4318150281906128;-0.33958640694618225;0.20418690145015717
85;6;2;1.9416525438319194;0.86406320211657;0.9951690435409546;0.9942365884780884;0.10018876940011978;0.09813246876001358;0.21540842950344086;0.9017204642295837;0.5524953603744507;1.4730840921401978
85;6;3;0.8373107464147589;0.8457320848505605;0.9951690435409546;0.9942365884780884;0.10018876940011978;0.09813246876001358;-0.23594588041305542;1.795032024383545;0.5629572868347168;0.24740953743457794
86;6;1;2.6073752102216012;0.8265858550882683;0.9951690435409546;0.9942662119865417;0.10187646746635437;0.09792879968881607;0.053714752197265625;1.4350944757461548;-0.33688056468963623;0.21213577687740326
86;6;2;1.9466047993978837;0.8643771914070291;0.9951690435409546;0.9942662119865417;0.10187646746635437;0.09792879968881607;0.21574322879314423;0.9033793807029724;0.5542988777160645;1.485023021697998
86;6;3;0.8374834292895494;0.8447562581522348;0.9951690435409546;0.9942662119865417;0.10187646746635437;0.09792879968881607;-0.23484228551387787;1.8015013933181763;0.5662277936935425;0.2520347535610199
87;6;1;2.6023886135152132;0.8264611831206592;0.9951690435409546;0.9942662119865417;0.10332479327917099;0.09771450608968735;0.05524129793047905;1.4381184577941895;-0.3344932496547699;0.21973276138305664
87;6;2;1.962048587047918;0.8622880925115419;0.9951690435409546;0.9942662119865417;0.10332479327917099;0.09771450608968735;0.21605148911476135;0.9049606919288635;0.5559622049331665;1.4962965250015259
87;6;3;0.8328809729864712;0.8325530372560221;0.9951690435409546;0.9942662119865417;0.10332479327917099;0.09771450608968735;-0.23379239439964294;1.80763840675354;0.5692816376686096;0.25635355710983276
88;6;1;2.605125311810445;0.8264637150784999;0.9943639039993286;0.9942711591720581;0.10445649176836014;0.0974663719534874;0.056597232818603516;1.4408595561981201;-0.33253034949302673;0.2268708497285843
88;6;2;1.9640989547112664;0.8617456756295083;0.9943639039993286;0.9942711591720581;0.10445649176836014;0.0974663719534874;0.21633270382881165;0.9064316153526306;0.5574854612350464;1.5071059465408325
88;6;3;0.8294115463290179;0.8337921591395396;0.9943639039993286;0.9942711591720581;0.10445649176836014;0.0974663719534874;-0.2327643632888794;1.8134654760360718;0.5721644163131714;0.2604304850101471
89;6;1;2.6017911025668443;0.825596814962025;0.9943639039993286;0.9943303465843201;0.10525507479906082;0.09721162170171738;0.057796478271484375;1.4433128833770752;-0.33104705810546875;0.2335280328989029
89;6;2;1.9730531021376905;0.8623542858288764;0.9943639039993286;0.9943303465843201;0.10525507479906082;0.09721162170171738;0.21658770740032196;0.9077810049057007;0.558874249458313;1.517560601234436
89;6;3;0.827554020871351;0.8299470362479826;0.9943639039993286;0.9943303465843201;0.10525507479906082;0.09721162170171738;-0.23174236714839935;1.819003939628601;0.5749037265777588;0.26430436968803406
90;6;1;2.621149884002288;0.8210946507300427;0.9943639039993286;0.9943156242370605;0.10571307688951492;0.09692874550819397;0.05887787416577339;1.4455077648162842;-0.32999515533447266;0.23975607752799988
90;6;2;1.9940138301179173;0.8598906708105107;0.9943639039993286;0.9943156242370605;0.10571307688951492;0.09692874550819397;0.21681943535804749;0.909024178981781;0.5601441860198975;1.5276566743850708
90;6;3;0.8220501272760279;0.8320971524810896;0.9943639039993286;0.9943156242370605;0.10571307688951492;0.09692874550819397;-0.23072950541973114;1.8242746591567993;0.5775055885314941;0.2679840326309204
91;6;1;2.6198669648138173;0.8208647342159194;0.9943639039993286;0.9943403005599976;0.10588173568248749;0.09664923697710037;0.05982551723718643;1.4474910497665405;-0.3293886184692383;0.24553941190242767
91;6;2;1.9993944740633074;0.8600250500255102;0.9943639039993286;0.9943403005599976;0.10588173568248749;0.09664923697710037;0.2170311063528061;0.9101956486701965;0.5613101720809937;1.5373131036758423
91;6;3;0.8233861812540271;0.8314216168756889;0.9943639039993286;0.9943403005599976;0.10588173568248749;0.09664923697710037;-0.22974276542663574;1.829297423362732;0.579961359500885;0.2714569568634033
92;6;1;2.624984513084212;0.8143657098872836;0.9947664737701416;0.994409441947937;0.10583104193210602;0.09636034816503525;0.06070263311266899;1.449332356452942;-0.3290420472621918;0.2510182857513428
92;6;2;2.0050363284381705;0.8600760101648306;0.9947664737701416;0.994409441947937;0.10583104193210602;0.09636034816503525;0.21722674369812012;0.9113438725471497;0.5623905658721924;1.5463913679122925
92;6;3;0.8237162345950946;0.8308725107091868;0.9947664737701416;0.994409441947937;0.10583104193210602;0.09636034816503525;-0.22880953550338745;1.8340908288955688;0.5822510719299316;0.27469512820243835
93;6;1;2.6168554412655345;0.8141568860487558;0.9943639039993286;0.9944489598274231;0.1055191233754158;0.09605652093887329;0.061562228947877884;1.4510966539382935;-0.32879647612571716;0.2563158869743347
93;6;2;2.0098472072981206;0.8585142935149808;0.9943639039993286;0.9944489598274231;0.1055191233754158;0.09605652093887329;0.21741056442260742;0.912514865398407;0.5634036064147949;1.5547592639923096
93;6;3;0.8237162345950946;0.8308725107091868;0.9943639039993286;0.9944489598274231;0.1055191233754158;0.09605652093887329;-0.22795680165290833;1.8386720418930054;0.5843559503555298;0.2776718735694885
94;6;1;2.610072057612318;0.8126224824580284;0.9947664737701416;0.9944686889648438;0.1050470620393753;0.09574302285909653;0.062450505793094635;1.4528281688690186;-0.32855138182640076;0.2615034580230713
94;6;2;2.012503742863478;0.8581870353695771;0.9947664737701416;0.9944686889648438;0.1050470620393753;0.09574302285909653;0.21758601069450378;0.9137381315231323;0.5643646717071533;1.5623468160629272
94;6;3;0.8223287549904903;0.8322335369415017;0.9947664737701416;0.9944686889648438;0.1050470620393753;0.09574302285909653;-0.22720091044902802;1.8430577516555786;0.5862687826156616;0.28037697076797485
95;6;1;2.6196078258986226;0.8123387795212738;0.9947664737701416;0.9945378303527832;0.10449018329381943;0.09542689472436905;0.06341984122991562;1.454551339149475;-0.32823655009269714;0.2665277123451233
95;6;2;2.0092803165051176;0.8573306873656552;0.9947664737701416;0.9945378303527832;0.10449018329381943;0.09542689472436905;0.21776285767555237;0.9150166511535645;0.5653104782104492;1.5691652297973633
95;6;3;0.8233052890183492;0.8314102631505147;0.9947664737701416;0.9945378303527832;0.10449018329381943;0.09542689472436905;-0.22654220461845398;1.8472627401351929;0.5879994034767151;0.28282448649406433
96;6;1;2.609373501483452;0.8132630835075858;0.9947664737701416;0.994611918926239;0.10389073938131332;0.09511759877204895;0.0645468458533287;1.4562891721725464;-0.3277272880077362;0.271106094121933
96;6;2;2.002617061688559;0.8551523031426327;0.9947664737701416;0.994611918926239;0.10389073938131332;0.09511759877204895;0.2179412692785263;0.9163304567337036;0.5662436485290527;1.5753346681594849
96;6;3;0.828060377098522;0.8307200010677342;0.9947664737701416;0.994611918926239;0.10389073938131332;0.09511759877204895;-0.22596512734889984;1.851300597190857;0.5895743370056152;0.28505179286003113
97;6;1;2.6131346279814114;0.8129425914981772;0.9947664737701416;0.9946613311767578;0.10315265506505966;0.09484689682722092;0.06581628322601318;1.4579967260360718;-0.32716622948646545;0.27520057559013367
97;6;2;2.0156358808331865;0.8546797739514251;0.9947664737701416;0.9946613311767578;0.10315265506505966;0.09484689682722092;0.21812011301517487;0.9176405668258667;0.567162275314331;1.5810431241989136
97;6;3;0.8307861699957071;0.8300730392611109;0.9947664737701416;0.9946613311767578;0.10315265506505966;0.09484689682722092;-0.2254423350095749;1.85518217086792;0.5910317301750183;0.287112832069397
98;6;1;2.6118106855212844;0.8127679316257259;0.9951690435409546;0.9946860074996948;0.1022537425160408;0.09458694607019424;0.06718998402357101;1.4596277475357056;-0.3266984522342682;0.2787740230560303
98;6;2;2.0205191269255938;0.8534538868282779;0.9951690435409546;0.9946860074996948;0.1022537425160408;0.09458694607019424;0.21829794347286224;0.9189072251319885;0.5680631995201111;1.5864777565002441
98;6;3;0.8324336403178156;0.8357099018553216;0.9951690435409546;0.9946860074996948;0.1022537425160408;0.09458694607019424;-0.22494614124298096;1.8589173555374146;0.5924090147018433;0.2890606224536896
99;6;1;2.6137100571610423;0.8143887063876658;0.9947664737701416;0.9947402477264404;0.1014685407280922;0.09434821456670761;0.06861381977796555;1.461153268814087;-0.32642611861228943;0.28182098269462585
99;6;2;2.0397013008501403;0.8535217256928527;0.9947664737701416;0.9947402477264404;0.1014685407280922;0.09434821456670761;0.21847380697727203;0.9201043248176575;0.5689446926116943;1.5917680263519287
99;6;3;0.8327957894968341;0.8342112535711967;0.9947664737701416;0.9947402477264404;0.1014685407280922;0.09434821456670761;-0.2244585156440735;1.8625149726867676;0.593732476234436;0.2909323275089264
100;6;1;2.6145364667726003;0.815707866162839;0.9947664737701416;0.9947798252105713;0.10078661888837814;0.09413675218820572;0.07005038112401962;1.462580680847168;-0.3263457715511322;0.2843015789985657
100;6;2;2.036503830153766;0.8536865109747724;0.9947664737701416;0.9947798252105713;0.10078661888837814;0.09413675218820572;0.21864764392375946;0.9212275743484497;0.5698084831237793;1.596954584121704
100;6;3;0.8327957894968341;0.8342112535711967;0.9947664737701416;0.9947798252105713;0.10078661888837814;0.09413675218820572;-0.22397589683532715;1.8659828901290894;0.5950120687484741;0.29274195432662964
101;6;1;2.617468237394956;0.8155859154787661;0.9947664737701416;0.9947699308395386;0.1002027615904808;0.09397583454847336;0.07137856632471085;1.46393620967865;-0.32652875781059265;0.28611573576927185
101;6;2;2.0205610668116174;0.854771513309525;0.9947664737701416;0.9947699308395386;0.1002027615904808;0.09397583454847336;0.21881987154483795;0.922292947769165;0.5706583261489868;1.601996660232544
101;6;3;0.8326592613326458;0.8340747254070082;0.9947664737701416;0.9947699308395386;0.1002027615904808;0.09397583454847336;-0.2235078662633896;1.8693276643753052;0.5962426662445068;0.29448217153549194
102;6;1;2.622863752126934;0.8137943421877853;0.9947664737701416;0.9948045015335083;0.0996657982468605;0.0938616618514061;0.07253866642713547;1.4652647972106934;-0.32685479521751404;0.2874150574207306
102;6;2;2.021748981591883;0.8516956408629746;0.9947664737701416;0.9948045015335083;0.0996657982468605;0.0938616618514061;0.21899163722991943;0.923336923122406;0.5714998841285706;1.6067709922790527
102;6;3;0.8292893191143964;0.8404192550268874;0.9947664737701416;0.9948045015335083;0.0996657982468605;0.0938616618514061;-0.22307729721069336;1.8725550174713135;0.5974037647247314;0.29612424969673157
103;6;1;2.6242460417789095;0.813531390343007;0.9951690435409546;0.9947946071624756;0.09913434833288193;0.09377977252006531;0.07348193973302841;1.4666098356246948;-0.3272130489349365;0.2883947193622589
103;6;2;2.0294625034427654;0.8519698143177448;0.9951690435409546;0.9947946071624756;0.09913434833288193;0.09377977252006531;0.2191641479730606;0.9244008660316467;0.5723397135734558;1.6111332178115845
103;6;3;0.8293220410313964;0.8413758790983001;0.9951690435409546;0.9947946071624756;0.09913434833288193;0.09377977252006531;-0.2227099984884262;1.875670075416565;0.5984713435173035;0.2976340353488922
104;6;1;2.613800325797687;0.8057771788161716;0.9955716133117676;0.9947600364685059;0.09856307506561279;0.09372138231992722;0.07419395446777344;1.4680033922195435;-0.32751384377479553;0.28918933868408203
104;6;2;2.019251852918676;0.853987927581795;0.9955716133117676;0.9947600364685059;0.09856307506561279;0.09372138231992722;0.21933825314044952;0.9255145788192749;0.5731824636459351;1.614983320236206
104;6;3;0.8296681985695145;0.8418220175507107;0.9955716133117676;0.9947600364685059;0.09856307506561279;0.09372138231992722;-0.22242359817028046;1.8786766529083252;0.599429190158844;0.2989886403083801
105;6;1;2.6181266500641414;0.801865602454737;0.9955716133117676;0.9947995543479919;0.0979335755109787;0.09367221593856812;0.07467923313379288;1.4694547653198242;-0.32769864797592163;0.28988009691238403
105;6;2;2.0193215203219577;0.8540283763348699;0.9955716133117676;0.9947995543479919;0.0979335755109787;0.09367221593856812;0.2195138782262802;0.9266847968101501;0.5740287899971008;1.6183068752288818
105;6;3;0.8345432406298023;0.8412401210110634;0.9955716133117676;0.9947995543479919;0.0979335755109787;0.09367221593856812;-0.2222209870815277;1.8815786838531494;0.6002763509750366;0.30018675327301025
106;6;1;2.612645514731301;0.7976023357004882;0.9955716133117676;0.9948291778564453;0.09725009649991989;0.09362921118736267;0.07496514171361923;1.4709397554397583;-0.32780182361602783;0.29049012064933777
106;6;2;2.0197830089032376;0.8560683067716663;0.9955716133117676;0.9948291778564453;0.09725009649991989;0.09362921118736267;0.2196899950504303;0.9278931617736816;0.5748761892318726;1.6211857795715332
106;6;3;0.837182804272131;0.8406655060579054;0.9955716133117676;0.9948291778564453;0.09725009649991989;0.09362921118736267;-0.22208845615386963;1.884379267692566;0.6010291576385498;0.30125129222869873
107;6;1;2.614388061781936;0.7936715056099075;0.9955716133117676;0.994839072227478;0.0965556725859642;0.09360108524560928;0.07515954971313477;1.4724589586257935;-0.3277311325073242;0.2906838655471802
107;6;2;2.0182376186081674;0.8545689174970281;0.9955716133117676;0.994839072227478;0.0965556725859642;0.09360108524560928;0.21986518800258636;0.929102897644043;0.5757195949554443;1.623769998550415
107;6;3;0.8418104803782231;0.8402999597914449;0.9955716133117676;0.994839072227478;0.0965556725859642;0.09360108524560928;-0.2220008820295334;1.8870807886123657;0.6017155647277832;0.3022221028804779
108;6;1;2.6140058435476146;0.7936715056099075;0.9955716133117676;0.9948242902755737;0.09598349034786224;0.0935807153582573;0.07529354095458984;1.4739474058151245;-0.3276445269584656;0.2904666066169739
108;6;2;2.0278225045084515;0.8526724182504313;0.9955716133117676;0.9948242902755737;0.09598349034786224;0.0935807153582573;0.2200293093919754;0.9302709698677063;0.5765243172645569;1.6262555122375488
108;6;3;0.8401450501383536;0.8334582146019565;0.9955716133117676;0.9948242902755737;0.09598349034786224;0.0935807153582573;-0.22192808985710144;1.8896846771240234;0.6023690700531006;0.30314621329307556
109;6;1;2.6078460296975194;0.7903269443262184;0.9955716133117676;0.9948341250419617;0.09559156000614166;0.09355759620666504;0.07539558410644531;1.475356101989746;-0.32765814661979675;0.28983157873153687
109;6;2;2.013373180762456;0.8512843676290549;0.9955716133117676;0.9948341250419617;0.09559156000614166;0.09355759620666504;0.2201819270849228;0.931361198425293;0.5772892236709595;1.628784418106079
109;6;3;0.8401450501383536;0.8334582146019565;0.9955716133117676;0.9948341250419617;0.09559156000614166;0.09355759620666504;-0.22184602916240692;1.8921929597854614;0.603016197681427;0.3040614426136017
110;6;1;2.6040824325446597;0.7865043239853575;0.9955716133117676;0.9948192834854126;0.09541600942611694;0.09352448582649231;0.07548470795154572;1.4766637086868286;-0.3278193473815918;0.28880149126052856
110;6;2;2.0145233903209085;0.8509078671185359;0.9955716133117676;0.9948192834854126;0.09541600942611694;0.09352448582649231;0.22032342851161957;0.9323585629463196;0.5780165195465088;1.631418228149414
110;6;3;0.8408011550991406;0.8327438854382483;0.9955716133117676;0.9948192834854126;0.09541600942611694;0.09352448582649231;-0.22174446284770966;1.894607424736023;0.603669285774231;0.30498507618904114
111;6;1;2.6007910179905593;0.7867252576437478;0.9955716133117676;0.9948193430900574;0.09546279907226562;0.09347676485776901;0.07556901127099991;1.4778794050216675;-0.328098326921463;0.28743597865104675
111;6;2;2.018868576548998;0.8509274163164062;0.9955716133117676;0.9948193430900574;0.09546279907226562;0.09347676485776901;0.2204553633928299;0.9332720637321472;0.5787127017974854;1.634124994277954
111;6;3;0.8408011550991406;0.8327438854382483;0.9955716133117676;0.9948193430900574;0.09546279907226562;0.09347676485776901;-0.22162887454032898;1.8969299793243408;0.6043241024017334;0.3059110641479492
112;6;1;2.605528411782065;0.7906607240728416;0.9955716133117676;0.9948193430900574;0.09570913761854172;0.09341595321893692;0.07564621418714523;1.4790360927581787;-0.3284068703651428;0.2858295142650604
112;6;2;2.012391810441831;0.8509274163164062;0.9955716133117676;0.9948193430900574;0.09570913761854172;0.09341595321893692;0.22058017551898956;0.9341293573379517;0.5793870687484741;1.6368027925491333
112;6;3;0.8408011550991406;0.8327438854382483;0.9955716133117676;0.9948193430900574;0.09570913761854172;0.09341595321893692;-0.2215164601802826;1.8991632461547852;0.6049636602401733;0.30681556463241577
113;6;1;2.6050964845682616;0.7913829255734468;0.9955716133117676;0.9948292970657349;0.09611351042985916;0.09336216002702713;0.07564034312963486;1.4801273345947266;-0.3288322389125824;0.2843985855579376
113;6;2;2.0204517503625103;0.8509696015992367;0.9955716133117676;0.9948292970657349;0.09611351042985916;0.09336216002702713;0.22070005536079407;0.9349644184112549;0.580048680305481;1.6393252611160278
113;6;3;0.8408011550991406;0.8327438854382483;0.9955716133117676;0.9948292970657349;0.09611351042985916;0.09336216002702713;-0.22142824530601501;1.901309609413147;0.6055668592453003;0.3076685667037964
114;6;1;2.604926516311717;0.7896155290540818;0.9955716133117676;0.994824230670929;0.0965454950928688;0.09330848604440689;0.0755542740225792;1.4811983108520508;-0.32924968004226685;0.2831886410713196
114;6;2;2.015873724503555;0.8522889089647676;0.9955716133117676;0.994824230670929;0.0965454950928688;0.09330848604440689;0.22081728279590607;0.9358088374137878;0.5807057619094849;1.641575813293457
114;6;3;0.8384498441171679;0.8339271176606631;0.9955716133117676;0.994824230670929;0.0965454950928688;0.09330848604440689;-0.22138339281082153;1.9033715724945068;0.6061140894889832;0.30844253301620483
115;6;1;2.6083785908386083;0.789794007857318;0.9955716133117676;0.9948341250419617;0.09695647656917572;0.09325118362903595;0.07539629936218262;1.4822766780853271;-0.32957908511161804;0.2822152376174927
115;6;2;2.014941231377775;0.8522226357199298;0.9955716133117676;0.9948341250419617;0.09695647656917572;0.09325118362903595;0.22093310952186584;0.936680793762207;0.5813637375831604;1.6434921026229858
115;6;3;0.8384498441171679;0.8339271176606631;0.9955716133117676;0.9948341250419617;0.09695647656917572;0.09325118362903595;-0.22139161825180054;1.905351996421814;0.6065953373908997;0.30912309885025024
116;6;1;2.60894469307686;0.7900209775360878;0.9955716133117676;0.9948292374610901;0.09731467813253403;0.09318951517343521;0.07518048584461212;1.4833667278289795;-0.32980307936668396;0.2814561426639557
116;6;2;2.0159249143428006;0.8522010461606162;0.9955716133117676;0.9948292374610901;0.09731467813253403;0.09318951517343521;0.22104789316654205;0.9375791549682617;0.5820237398147583;1.6450852155685425
116;6;3;0.8352214749520321;0.8355623513445838;0.9955716133117676;0.9948292374610901;0.09731467813253403;0.09318951517343521;-0.22144979238510132;1.9072537422180176;0.6070134043693542;0.30971434712409973
117;6;1;2.6083355303148403;0.7900209775360878;0.9955716133117676;0.9948291778564453;0.09761171042919159;0.0931435078382492;0.07497425377368927;1.4844460487365723;-0.3298487961292267;0.28102585673332214
117;6;2;2.0150003840588226;0.8531587134290506;0.9955716133117676;0.9948291778564453;0.09761171042919159;0.0931435078382492;0.22116075456142426;0.938484251499176;0.5826826095581055;1.6464383602142334
117;6;3;0.8380234717831039;0.84120528296921;0.9955716133117676;0.9948291778564453;0.09761171042919159;0.0931435078382492;-0.22154247760772705;1.9090791940689087;0.6073833703994751;0.3102375566959381
118;6;1;2.608335530314841;0.7900209775360878;0.9955716133117676;0.9948391318321228;0.09787370264530182;0.09310001879930496;0.07478699833154678;1.4854743480682373;-0.32982808351516724;0.2808188796043396
118;6;2;2.0177285112257684;0.8551512661989435;0.9955716133117676;0.9948391318321228;0.09787370264530182;0.09310001879930496;0.221270352602005;0.9393607378005981;0.5833346843719482;1.6476954221725464
118;6;3;0.837425824188271;0.8413517129518842;0.9955716133117676;0.9948391318321228;0.09787370264530182;0.09310001879930496;-0.22164374589920044;1.9108309745788574;0.6077309846878052;0.31072914600372314
119;6;1;2.613546592465833;0.7886375192051576;0.9955716133117676;0.9948440790176392;0.0981287732720375;0.09306316822767258;0.07462072372436523;1.4864108562469482;-0.32986578345298767;0.2807186245918274
119;6;2;2.023250503106417;0.8549956999945585;0.9955716133117676;0.9948440790176392;0.0981287732720375;0.09306316822767258;0.2213745415210724;0.9401718974113464;0.5839717388153076;1.6490066051483154
119;6;3;0.8379793271676892;0.8416289981076024;0.9955716133117676;0.9948440790176392;0.0981287732720375;0.09306316822767258;-0.22172705829143524;1.9125117063522339;0.6080827116966248;0.31122657656669617
120;6;1;2.613546592465833;0.7886375192051576;0.9955716133117676;0.9948489665985107;0.0983889251947403;0.09303256124258041;0.0744781494140625;1.4872297048568726;-0.33003711700439453;0.2806472182273865
120;6;2;2.027314983659486;0.8537435573858079;0.9955716133117676;0.9948489665985107;0.0983889251947403;0.09303256124258041;0.22147198021411896;0.9408941268920898;0.5845886468887329;1.6504716873168945
120;6;3;0.8303643511833085;0.8430851562262434;0.9955716133117676;0.9948489665985107;0.0983889251947403;0.09303256124258041;-0.2217741310596466;1.9141242504119873;0.6084562540054321;0.31175488233566284
121;6;1;2.6121597380389803;0.7888920873442755;0.9955716133117676;0.9948440194129944;0.09865731745958328;0.09300589561462402;0.07435822486877441;1.4879297018051147;-0.33035144209861755;0.28057006001472473
121;6;2;2.0257881640193256;0.8537435573858083;0.9955716133117676;0.9948440194129944;0.09865731745958328;0.09300589561462402;0.22156228125095367;0.941524088382721;0.5851836800575256;1.6521124839782715
121;6;3;0.830916555952669;0.8442576309644068;0.9955716133117676;0.9948440194129944;0.09865731745958328;0.09300589561462402;-0.22178006172180176;1.9156713485717773;0.608855664730072;0.31231969594955444
122;6;1;2.614845044153973;0.7881985804632841;0.9951690435409546;0.9948291778564453;0.0989290252327919;0.09299492835998535;0.07427229732275009;1.488538146018982;-0.33073630928993225;0.2804645597934723
122;6;2;2.024915081976226;0.8537232657744052;0.9951690435409546;0.9948291778564453;0.0989290252327919;0.09299492835998535;0.22164584696292877;0.9420782327651978;0.5857586860656738;1.6538746356964111
122;6;3;0.8263095195909749;0.8448997360287771;0.9951690435409546;0.9948291778564453;0.0989290252327919;0.09299492835998535;-0.22175292670726776;1.917156457901001;0.6092716455459595;0.3129079341888428
123;6;1;2.614845044153973;0.7881985804632841;0.9951690435409546;0.9948093891143799;0.09923054277896881;0.09299097210168839;0.07421231269836426;1.4890905618667603;-0.3311043083667755;0.2803686261177063
123;6;2;2.0265102569494475;0.8540664461380119;0.9951690435409546;0.9948093891143799;0.09923054277896881;0.09299097210168839;0.22172380983829498;0.942584216594696;0.5863176584243774;1.6556601524353027
123;6;3;0.8263095195909749;0.8448997360287771;0.9951690435409546;0.9948093891143799;0.09923054277896881;0.09299097210168839;-0.22170865535736084;1.9185824394226074;0.6096872091293335;0.3134956955909729
124;6;1;2.61537033422258;0.790234393560632;0.9951690435409546;0.994814395904541;0.09953517466783524;0.09298577159643173;0.074170783162117;1.489623785018921;-0.33136674761772156;0.28032469749450684
124;6;2;2.0294780986297596;0.8540450009958707;0.9951690435409546;0.994814395904541;0.09953517466783524;0.09298577159643173;0.221797376871109;0.9430705308914185;0.5868650078773499;1.6573666334152222
124;6;3;0.8247945837256392;0.8442576309644068;0.9951690435409546;0.994814395904541;0.09953517466783524;0.09298577159643173;-0.22166399657726288;1.9199520349502563;0.6100850105285645;0.31405824422836304
125;6;1;2.61537033422258;0.790234393560632;0.9951690435409546;0.9948095083236694;0.0998157486319542;0.09297797828912735;0.07414264976978302;1.4901623725891113;-0.33146727085113525;0.2803598940372467
125;6;2;2.0237831391296446;0.8538174376811543;0.9951690435409546;0.9948095083236694;0.0998157486319542;0.09297797828912735;0.22186744213104248;0.9435566663742065;0.5874042510986328;1.6589275598526
125;6;3;0.8247945837256392;0.8442576309644068;0.9951690435409546;0.9948095083236694;0.0998157486319542;0.09297797828912735;-0.22163018584251404;1.921268343925476;0.6104536652565002;0.3145796060562134
126;6;1;2.617158823638621;0.7905022054268871;0.9951690435409546;0.9948193430900574;0.10005252808332443;0.09296495467424393;0.07412653416395187;1.4907126426696777;-0.33139926195144653;0.2804754972457886
126;6;2;2.018851207124401;0.8537161176910639;0.9951690435409546;0.9948193430900574;0.10005252808332443;0.09296495467424393;0.2219344526529312;0.9440470933914185;0.5879365801811218;1.6603317260742188
126;6;3;0.8247945837256392;0.8442576309644068;0.9951690435409546;0.9948193430900574;0.10005252808332443;0.09296495467424393;-0.2216094583272934;1.9225338697433472;0.6107915639877319;0.3150574266910553
127;6;1;2.6149366014163986;0.7905022054268871;0.9951690435409546;0.9948192834854126;0.10023927688598633;0.09295011311769485;0.07417702674865723;1.4913071393966675;-0.3310222625732422;0.28034618496894836
127;6;2;2.018851207124401;0.8537161176910639;0.9951690435409546;0.9948192834854126;0.10023927688598633;0.09295011311769485;0.22199822962284088;0.9445320963859558;0.5884613990783691;1.6616220474243164
127;6;3;0.8255479741964828;0.844824463885196;0.9951690435409546;0.9948192834854126;0.10023927688598633;0.09295011311769485;-0.2215951681137085;1.923750638961792;0.6111063957214355;0.31550270318984985
128;6;1;2.6149366014163986;0.7905022054268871;0.9951690435409546;0.9948292374610901;0.10042008757591248;0.09292908757925034;0.07421789318323135;1.4918649196624756;-0.33063966035842896;0.28028860688209534
128;6;2;2.0179889042970203;0.8537161176910639;0.9951690435409546;0.9948292374610901;0.10042008757591248;0.09292908757925034;0.22205795347690582;0.9449902176856995;0.5889754295349121;1.6628872156143188
128;6;3;0.8255479741964828;0.844824463885196;0.9951690435409546;0.9948292374610901;0.10042008757591248;0.09292908757925034;-0.22157317399978638;1.9249205589294434;0.611413836479187;0.3159375488758087
129;6;1;2.618219838624502;0.7935198905482892;0.9951690435409546;0.994814395904541;0.10052796453237534;0.09292274713516235;0.07425141334533691;1.492361068725586;-0.33032605051994324;0.28026074171066284
129;6;2;2.0203726667217508;0.8537161176910639;0.9951690435409546;0.994814395904541;0.10052796453237534;0.09292274713516235;0.2221129983663559;0.9454017877578735;0.5894763469696045;1.6642067432403564
129;6;3;0.8255479741964828;0.844824463885196;0.9951690435409546;0.994814395904541;0.10052796453237534;0.09292274713516235;-0.22153088450431824;1.9260451793670654;0.6117279529571533;0.31638166308403015
130;6;1;2.6200263903654335;0.7910553447743949;0.9951690435409546;0.9948143362998962;0.1005818247795105;0.09291500598192215;0.07428150624036789;1.4927831888198853;-0.33012235164642334;0.2802414298057556
130;6;2;2.0229427829449396;0.8547737170809198;0.9951690435409546;0.9948143362998962;0.1005818247795105;0.09291500598192215;0.22216330468654633;0.9457573890686035;0.5899636149406433;1.6656215190887451
130;6;3;0.8270629100618185;0.8454665689495666;0.9951690435409546;0.9948143362998962;0.1005818247795105;0.09291500598192215;-0.22146230936050415;1.927126407623291;0.6120559573173523;0.3168455958366394
131;6;1;2.618586429511981;0.7914717802423716;0.9951690435409546;0.9948045015335083;0.10059686750173569;0.09290485829114914;0.07431202381849289;1.4931347370147705;-0.33002588152885437;0.2802358865737915
131;6;2;2.019048865404823;0.8548370023110294;0.9951690435409546;0.9948045015335083;0.10059686750173569;0.09290485829114914;0.2222093641757965;0.9460604190826416;0.5904388427734375;1.6671234369277954
131;6;3;0.8270629100618185;0.8454665689495666;0.9951690435409546;0.9948045015335083;0.10059686750173569;0.09290485829114914;-0.22136984765529633;1.9281660318374634;0.6123967170715332;0.31732749938964844
132;6;1;2.618586429511981;0.7914717802423716;0.9947664737701416;0.9947995543479919;0.10058234632015228;0.09289252758026123;0.07434611767530441;1.4934335947036743;-0.329995721578598;0.2802722752094269
132;6;2;2.0132914331976917;0.8537799036406208;0.9947664737701416;0.9947995543479919;0.10058234632015228;0.09289252758026123;0.2222520262002945;0.9463258385658264;0.5909053683280945;1.6686608791351318
132;6;3;0.8270629100618185;0.8454665689495666;0.9947664737701416;0.9947995543479919;0.10058234632015228;0.09289252758026123;-0.22126297652721405;1.9291666746139526;0.6127415895462036;0.3178151845932007
133;6;1;2.618586429511981;0.7914717802423716;0.9947664737701416;0.994814395904541;0.10054217278957367;0.092879518866539;0.0743323341012001;1.4936596155166626;-0.33015552163124084;0.28069132566452026
133;6;2;2.009206655842325;0.8535114870626366;0.9947664737701416;0.994814395904541;0.10054217278957367;0.092879518866539;0.22229255735874176;0.9465737342834473;0.5913674831390381;1.6701626777648926
133;6;3;0.8255479741964828;0.844824463885196;0.9947664737701416;0.994814395904541;0.10054217278957367;0.092879518866539;-0.2211546152830124;1.930130124092102;0.6130783557891846;0.31829148530960083
134;6;1;2.618586429511981;0.7914717802423716;0.9947664737701416;0.9948095083236694;0.10043884068727493;0.0928664356470108;0.0743371993303299;1.4938890933990479;-0.3302338719367981;0.2811978757381439
134;6;2;2.0130405615004427;0.8534514631246033;0.9947664737701416;0.9948095083236694;0.10043884068727493;0.0928664356470108;0.2223322093486786;0.9468259811401367;0.5918297171592712;1.6715513467788696
134;6;3;0.8255479741964828;0.844824463885196;0.9947664737701416;0.9948095083236694;0.10043884068727493;0.0928664356470108;-0.2210587114095688;1.9310592412948608;0.6133939623832703;0.31873783469200134
135;6;1;2.618586429511981;0.7914717802423716;0.9947664737701416;0.9948095083236694;0.10031379759311676;0.09285344928503036;0.07436557114124298;1.494136929512024;-0.3301948606967926;0.28181180357933044
135;6;2;2.0130405615004427;0.8534514631246033;0.9947664737701416;0.9948095083236694;0.10031379759311676;0.09285344928503036;0.222371906042099;0.9470946192741394;0.5922950506210327;1.6727863550186157
135;6;3;0.8255479741964828;0.844824463885196;0.9947664737701416;0.9948095083236694;0.10031379759311676;0.09285344928503036;-0.22098277509212494;1.931956171989441;0.6136816740036011;0.31914466619491577
136;6;1;2.6145705888560897;0.7909248991119284;0.9947664737701416;0.9948095083236694;0.10016921162605286;0.0928424745798111;0.07448730617761612;1.4944504499435425;-0.329846054315567;0.28219741582870483
136;6;2;2.0134702953087533;0.8534514631246033;0.9947664737701416;0.9948095083236694;0.10016921162605286;0.0928424745798111;0.22241178154945374;0.9473788738250732;0.5927637815475464;1.6738762855529785
136;6;3;0.8255479741964828;0.844824463885196;0.9947664737701416;0.9948095083236694;0.10016921162605286;0.0928424745798111;-0.2209261655807495;1.9328233003616333;0.6139429807662964;0.31951430439949036
137;6;1;2.6145705888560897;0.7909248991119284;0.9947664737701416;0.9947946667671204;0.10009030252695084;0.09282989054918289;0.07468628883361816;1.4948052167892456;-0.32926830649375916;0.28235459327697754
137;6;2;2.0134702953087533;0.8534514631246033;0.9947664737701416;0.9947946667671204;0.10009030252695084;0.09282989054918289;0.22245106101036072;0.9476630091667175;0.5932328104972839;1.6748862266540527
137;6;3;0.8255479741964828;0.844824463885196;0.9947664737701416;0.9947946667671204;0.10009030252695084;0.09282989054918289;-0.2208784520626068;1.9336614608764648;0.6141893267631531;0.31986263394355774
138;6;1;2.6170643868057537;0.7907663403641187;0.9947664737701416;0.9947996139526367;0.10007888823747635;0.09281499683856964;0.07487096637487411;1.4951204061508179;-0.32876333594322205;0.2825910747051239
138;6;2;2.014227397250263;0.8539882401724532;0.9947664737701416;0.9947996139526367;0.10007888823747635;0.09281499683856964;0.22249190509319305;0.9479233622550964;0.5937093496322632;1.6759006977081299
138;6;3;0.8270629100618185;0.8454665689495666;0.9947664737701416;0.9947996139526367;0.10007888823747635;0.09281499683856964;-0.2208247184753418;1.9344720840454102;0.6144362688064575;0.32021191716194153
139;6;1;2.619857767497888;0.7905620050292965;0.9947664737701416;0.9948095083236694;0.10005784034729004;0.0928051769733429;0.07502927631139755;1.4953769445419312;-0.32838675379753113;0.2828790843486786
139;6;2;2.0159893251345364;0.8539673538814072;0.9947664737701416;0.9948095083236694;0.10005784034729004;0.0928051769733429;0.22253189980983734;0.9481441974639893;0.5941828489303589;1.6769894361495972
139;6;3;0.8270629100618185;0.8454665689495666;0.9947664737701416;0.9948095083236694;0.10005784034729004;0.0928051769733429;-0.22075426578521729;1.9352562427520752;0.6146951913833618;0.32057803869247437
140;6;1;2.612917572539039;0.7916434724080696;0.9947664737701416;0.9947847127914429;0.10002981126308441;0.09279637038707733;0.07509499043226242;1.4955253601074219;-0.3283414840698242;0.28350138664245605
140;6;2;2.0224945957158003;0.8539310193462382;0.9947664737701416;0.9947847127914429;0.10002981126308441;0.09279637038707733;0.22257037460803986;0.9483212232589722;0.5946506857872009;1.678173542022705
140;6;3;0.8263095195909749;0.8448997360287771;0.9947664737701416;0.9947847127914429;0.10002981126308441;0.09279637038707733;-0.22066381573677063;1.936015009880066;0.6149695515632629;0.32096603512763977
141;6;1;2.6100234951939845;0.7884195025114957;0.9947664737701416;0.994789719581604;0.09995371848344803;0.09278374910354614;0.07519330829381943;1.4956790208816528;-0.3281871974468231;0.2838074564933777
141;6;2;2.021239050065353;0.853931019346239;0.9947664737701416;0.994789719581604;0.09995371848344803;0.09278374910354614;0.22260771691799164;0.948466420173645;0.5951143503189087;1.6794134378433228
141;6;3;0.8263095195909749;0.8448997360287771;0.9947664737701416;0.994789719581604;0.09995371848344803;0.09278374910354614;-0.22056058049201965;1.9367502927780151;0.6152524948120117;0.32136622071266174
142;6;1;2.6121972117044576;0.7889177440177413;0.9951690435409546;0.9947946071624756;0.09994595497846603;0.09277638792991638;0.07525310665369034;1.4958542585372925;-0.32803311944007874;0.283657044172287
142;6;2;2.0216440811504643;0.8539310193462386;0.9951690435409546;0.9947946071624756;0.09994595497846603;0.09277638792991638;0.2226443588733673;0.9485936164855957;0.5955752730369568;1.6806597709655762
142;6;3;0.8263095195909749;0.8448997360287771;0.9951690435409546;0.9947946071624756;0.09994595497846603;0.09277638792991638;-0.22045306861400604;1.937463402748108;0.6155357360839844;0.3217667043209076
143;6;1;2.6162205881757954;0.7891513238569949;0.9951690435409546;0.994789719581604;0.09997311979532242;0.09277506172657013;0.07519950717687607;1.4960213899612427;-0.32802659273147583;0.28346773982048035
143;6;2;2.0212528838780095;0.8539968852633621;0.9951690435409546;0.994789719581604;0.09997311979532242;0.09277506172657013;0.22268077731132507;0.948722243309021;0.5960351824760437;1.6818424463272095
143;6;3;0.8263095195909749;0.8448997360287771;0.9951690435409546;0.994789719581604;0.09997311979532242;0.09277506172657013;-0.22035321593284607;1.9381556510925293;0.6158069372177124;0.322150319814682
144;6;1;2.6162205881757954;0.7891513238569949;0.9955716133117676;0.9947946071624756;0.09994232654571533;0.09277349710464478;0.07499213516712189;1.4961620569229126;-0.3282649517059326;0.2835994064807892
144;6;2;2.0212528838780095;0.8539968852633621;0.9955716133117676;0.9947946071624756;0.09994232654571533;0.09277349710464478;0.22271765768527985;0.9488739967346191;0.5964964032173157;1.682882308959961
144;6;3;0.8316699464235118;0.844824463885196;0.9955716133117676;0.9947946071624756;0.09994232654571533;0.09277349710464478;-0.2202744334936142;1.9388278722763062;0.6160526275634766;0.32249775528907776
145;6;1;2.6146789943535387;0.7891012221227482;0.9955716133117676;0.994814395904541;0.0998196080327034;0.09276923537254333;0.07478819042444229;1.4963966608047485;-0.3282643258571625;0.2834440767765045
145;6;2;2.026490229590654;0.8539407758447077;0.9955716133117676;0.994814395904541;0.0998196080327034;0.09276923537254333;0.22275593876838684;0.9490677118301392;0.5969620943069458;1.6837109327316284
145;6;3;0.8316699464235118;0.844824463885196;0.9955716133117676;0.994814395904541;0.0998196080327034;0.09276923537254333;-0.2202284187078476;1.939481258392334;0.6162611246109009;0.32279255986213684
146;6;1;2.6122732960950197;0.7886394154464398;0.9955716133117676;0.9948193430900574;0.09974098950624466;0.09276401996612549;0.0746072307229042;1.4967204332351685;-0.32802608609199524;0.2830452024936676
146;6;2;2.023240434181779;0.8539181977110086;0.9955716133117676;0.9948193430900574;0.09974098950624466;0.09276401996612549;0.22279909253120422;0.9493025541305542;0.5974435806274414;1.6843234300613403
146;6;3;0.8316699464235118;0.844824463885196;0.9955716133117676;0.9948193430900574;0.09974098950624466;0.09276401996612549;-0.2202150523662567;1.94011652469635;0.6164326667785645;0.32303524017333984
147;6;1;2.6173414503757595;0.7882398778287003;0.9955716133117676;0.9948193430900574;0.09972287714481354;0.09275741130113602;0.07444944232702255;1.4970550537109375;-0.3276847302913666;0.2829352617263794
147;6;2;2.023154641866074;0.8539407758447077;0.9955716133117676;0.9948193430900574;0.09972287714481354;0.09275741130113602;0.2228456735610962;0.9495617151260376;0.597934901714325;1.6847871541976929
147;6;3;0.8322315226078985;0.8436935861230879;0.9955716133117676;0.9948193430900574;0.09972287714481354;0.09275741130113602;-0.22022342681884766;1.940733790397644;0.6165786385536194;0.32324162125587463
148;6;1;2.6191608494507674;0.7912121449817251;0.9951690435409546;0.9948093891143799;0.0997202917933464;0.09275282919406891;0.07432442158460617;1.49736487865448;-0.32733869552612305;0.2830347716808319
148;6;2;2.031200790384993;0.8539407758447073;0.9951690435409546;0.9948093891143799;0.0997202917933464;0.09275282919406891;0.22289374470710754;0.9498152136802673;0.598427414894104;1.685219407081604
148;6;3;0.8267993251581256;0.8451802355390039;0.9951690435409546;0.9948093891143799;0.0997202917933464;0.09275282919406891;-0.22023460268974304;1.9413329362869263;0.6167187094688416;0.32343971729278564
149;6;1;2.6191608494507674;0.7912121449817251;0.9947664737701416;0.9948045015335083;0.09975757449865341;0.09274891763925552;0.0741252452135086;1.4975738525390625;-0.3273971676826477;0.2833664119243622
149;6;2;2.031200790384993;0.8539407758447073;0.9947664737701416;0.9948045015335083;0.09975757449865341;0.09274891763925552;0.22294066846370697;0.9500329494476318;0.5989087820053101;1.685740351676941
149;6;3;0.8239214334735312;0.839154913207798;0.9947664737701416;0.9948045015335083;0.09975757449865341;0.09274891763925552;-0.2202293872833252;1.9419139623641968;0.6168728470802307;0.32365769147872925
150;6;1;2.623986335143555;0.7913152191722439;0.9947664737701416;0.9947896599769592;0.09979262948036194;0.09274346381425858;0.07392644882202148;1.497725248336792;-0.3276607096195221;0.283575177192688
150;6;2;2.031200790384993;0.8539407758447073;0.9947664737701416;0.9947896599769592;0.09979262948036194;0.09274346381425858;0.22298403084278107;0.9502084255218506;0.5993663668632507;1.6863852739334106
150;6;3;0.8239214334735312;0.839154913207798;0.9947664737701416;0.9947896599769592;0.09979262948036194;0.09274346381425858;-0.2202034443616867;1.9424774646759033;0.6170461177825928;0.3239026963710785
151;6;1;2.6188230935219705;0.7916995636027497;0.9947664737701416;0.9947847723960876;0.09986596554517746;0.09274155646562576;0.07386264950037003;1.497879981994629;-0.32774317264556885;0.28354376554489136
151;6;2;2.032809238454923;0.8550195372621698;0.9947664737701416;0.9947847723960876;0.09986596554517746;0.09274155646562576;0.22301708161830902;0.9503553509712219;0.5997684597969055;1.6871285438537598
151;6;3;0.8222026614449414;0.838684684694649;0.9947664737701416;0.9947847723960876;0.09986596554517746;0.09274155646562576;-0.22016410529613495;1.9430243968963623;0.6172311305999756;0.32416439056396484
152;6;1;2.6188230935219705;0.7916995636027497;0.9947664737701416;0.9947847723960876;0.10005533695220947;0.09273851662874222;0.07391395419836044;1.4980509281158447;-0.32762786746025085;0.28330349922180176
152;6;2;2.034702086165759;0.8550195372621698;0.9947664737701416;0.9947847723960876;0.10005533695220947;0.09273851662874222;0.22304271161556244;0.9504850506782532;0.6001282930374146;1.6879208087921143
152;6;3;0.8257839758010261;0.8457643423402599;0.9947664737701416;0.9947847723960876;0.10005533695220947;0.09273851662874222;-0.22011882066726685;1.943555474281311;0.617420494556427;0.3244321942329407
153;6;1;2.6204132703718415;0.7917481466303649;0.9947664737701416;0.9947994947433472;0.10032566636800766;0.09273353219032288;0.07398062199354172;1.4981980323791504;-0.32751214504241943;0.2832079529762268
153;6;2;2.033314619459924;0.8549969591284703;0.9947664737701416;0.9947994947433472;0.10032566636800766;0.09273353219032288;0.22305928170681;0.9506067037582397;0.600440502166748;1.6887333393096924
153;6;3;0.8257839758010261;0.8457643423402599;0.9947664737701416;0.9947994947433472;0.10032566636800766;0.09273353219032288;-0.2200726568698883;1.9440706968307495;0.6176087856292725;0.3246985077857971
154;6;1;2.6204132703718415;0.7917481466303649;0.9947664737701416;0.9947946071624756;0.10056240111589432;0.09273158758878708;0.07404094189405441;1.4983338117599487;-0.3273750841617584;0.2832449674606323
154;6;2;2.0314816230194674;0.8549969591284703;0.9947664737701416;0.9947946071624756;0.10056240111589432;0.09273158758878708;0.2230709046125412;0.9507267475128174;0.6007222533226013;1.6895309686660767
154;6;3;0.8270629100618185;0.8454665689495666;0.9947664737701416;0.9947946071624756;0.10056240111589432;0.09273158758878708;-0.2200298309326172;1.9445708990097046;0.6177914142608643;0.3249568045139313
155;6;1;2.6204132703718415;0.7917481466303649;0.9947664737701416;0.9948045015335083;0.10073848813772202;0.09273020923137665;0.07396864891052246;1.4984246492385864;-0.32751983404159546;0.2835032343864441
155;6;2;2.032422130446851;0.8550195372621698;0.9947664737701416;0.9948045015335083;0.10073848813772202;0.09273020923137665;0.22308403253555298;0.950847327709198;0.6010000109672546;1.690286636352539
155;6;3;0.8270629100618185;0.8454665689495666;0.9947664737701416;0.9948045015335083;0.10073848813772202;0.09273020923137665;-0.21999233961105347;1.9450569152832031;0.6179661154747009;0.3252038359642029
156;6;1;2.6204132703718415;0.7917481466303649;0.9947664737701416;0.9948093891143799;0.10078269988298416;0.09272537380456924;0.07383065670728683;1.498534917831421;-0.3276909291744232;0.28367769718170166
156;6;2;2.032211310122369;0.8549757971008636;0.9947664737701416;0.9948093891143799;0.10078269988298416;0.09272537380456924;0.22309894859790802;0.9509798288345337;0.6012762188911438;1.6909595727920532
156;6;3;0.8255479741964828;0.844824463885196;0.9947664737701416;0.9948093891143799;0.10078269988298416;0.09272537380456924;-0.21996667981147766;1.9455291032791138;0.6181259155273438;0.32542985677719116
157;6;1;2.6188230935219705;0.7916995636027497;0.9947664737701416;0.9948045015335083;0.10073792934417725;0.09272771328687668;0.07376699894666672;1.498719334602356;-0.3275168538093567;0.28366610407829285
157;6;2;2.0340443065628255;0.8549757971008636;0.9947664737701416;0.9948045015335083;0.10073792934417725;0.09272771328687668;0.22311532497406006;0.9511333107948303;0.6015505790710449;1.6915192604064941
157;6;3;0.8255479741964828;0.844824463885196;0.9947664737701416;0.9948045015335083;0.10073792934417725;0.09272771328687668;-0.2199576199054718;1.9459887742996216;0.6182656288146973;0.3256274461746216
158;6;1;2.6188230935219705;0.7916995636027497;0.9947664737701416;0.9948094487190247;0.10071302950382233;0.09272479265928268;0.07377376407384872;1.4989604949951172;-0.32705622911453247;0.28347769379615784
158;6;2;2.038635898536368;0.8549215066834872;0.9947664737701416;0.9948094487190247;0.10071302950382233;0.09272479265928268;0.22314152121543884;0.9512956738471985;0.6018547415733337;1.6919869184494019
158;6;3;0.8257839758010261;0.8457643423402599;0.9947664737701416;0.9948094487190247;0.10071302950382233;0.09272479265928268;-0.21995827555656433;1.9464364051818848;0.618391752243042;0.32580575346946716
159;6;1;2.6223961582936814;0.7912666361446288;0.9947664737701416;0.9947996139526367;0.10072110593318939;0.09271661937236786;0.07377281039953232;1.49917733669281;-0.32661107182502747;0.28342440724372864
159;6;2;2.038635898536368;0.8549215066834872;0.9947664737701416;0.9947996139526367;0.10072110593318939;0.09271661937236786;0.22316591441631317;0.9514471888542175;0.6021486520767212;1.6924667358398438
159;6;3;0.8257839758010261;0.8457643423402599;0.9947664737701416;0.9947996139526367;0.10072110593318939;0.09271661937236786;-0.21995393931865692;1.9468719959259033;0.6185188293457031;0.32598546147346497
160;6;1;2.623986335143555;0.7913152191722439;0.9947664737701416;0.9947996139526367;0.10069869458675385;0.09271892160177231;0.07371073216199875;1.4993001222610474;-0.32643911242485046;0.2837582230567932
160;6;2;2.0391910932627635;0.8549018995343571;0.9947664737701416;0.9947996139526367;0.10069869458675385;0.09271892160177231;0.22318735718727112;0.9515675902366638;0.602428138256073;1.6930381059646606
160;6;3;0.8273630485555179;0.8464705842937859;0.9947664737701416;0.9947996139526367;0.10069869458675385;0.09271892160177231;-0.2199312299489975;1.9472951889038086;0.6186603307723999;0.32618555426597595
161;6;1;2.6223961582936814;0.7912666361446288;0.9947664737701416;0.994789719581604;0.10062883794307709;0.09271416813135147;0.07354474067687988;1.4993287324905396;-0.3266774117946625;0.2842227518558502
161;6;2;2.0392194783178006;0.8548810132433111;0.9947664737701416;0.994789719581604;0.10062883794307709;0.09271416813135147;0.2232055813074112;0.9516493082046509;0.6026930212974548;1.6937297582626343
161;6;3;0.8273630485555179;0.8464705842937859;0.9947664737701416;0.994789719581604;0.10062883794307709;0.09271416813135147;-0.21988555788993835;1.947706937789917;0.6188212633132935;0.3264131247997284
162;6;1;2.6223961582936814;0.7912666361446288;0.9947664737701416;0.9948094487190247;0.10051485151052475;0.09271859377622604;0.07342677563428879;1.499380350112915;-0.32685014605522156;0.28420016169548035
162;6;2;2.0384682689394005;0.8540336301967835;0.9947664737701416;0.9948094487190247;0.10051485151052475;0.09271859377622604;0.2232261747121811;0.9517067074775696;0.6029617786407471;1.69447660446167
162;6;3;0.8257839758010261;0.8457643423402599;0.9947664737701416;0.9948094487190247;0.10051485151052475;0.09271859377622604;-0.21982693672180176;1.948108434677124;0.6189919710159302;0.3266546130180359
163;6;1;2.622396158293685;0.7912666361446306;0.9947664737701416;0.9948045015335083;0.10048627853393555;0.0927179604768753;0.07342105358839035;1.4994713068008423;-0.3267669677734375;0.28397801518440247
163;6;2;2.034699714558811;0.8540755397430524;0.9947664737701416;0.9948045015335083;0.10048627853393555;0.0927179604768753;0.2232542335987091;0.9517602324485779;0.6032513380050659;1.6951922178268433
163;6;3;0.8257839758010261;0.8457643423402599;0.9947664737701416;0.9948045015335083;0.10048627853393555;0.0927179604768753;-0.21976909041404724;1.9484997987747192;0.6191588640213013;0.3268906772136688
164;6;1;2.622396158293685;0.7912666361446306;0.9947664737701416;0.9948045015335083;0.10055042058229446;0.09271127730607986;0.07351565361022949;1.4996099472045898;-0.3264218866825104;0.2836017310619354
164;6;2;2.034699714558811;0.8540755397430524;0.9947664737701416;0.9948045015335083;0.10055042058229446;0.09271127730607986;0.22329139709472656;0.9518198370933533;0.6035674810409546;1.6958355903625488
164;6;3;0.8257839758010261;0.8457643423402599;0.9947664737701416;0.9948045015335083;0.10055042058229446;0.09271127730607986;-0.2197188436985016;1.94888174533844;0.619315505027771;0.3271121382713318
165;6;1;2.623986335143555;0.7913152191722439;0.9947664737701416;0.994814395904541;0.10069158673286438;0.09270855784416199;0.07356029003858566;1.499741554260254;-0.32619401812553406;0.2832377851009369
165;6;2;2.034699714558811;0.8540755397430524;0.9947664737701416;0.994814395904541;0.10069158673286438;0.09270855784416199;0.22332541644573212;0.9518862962722778;0.6038757562637329;1.6964340209960938
165;6;3;0.8257839758010261;0.8457643423402599;0.9947664737701416;0.994814395904541;0.10069158673286438;0.09270855784416199;-0.21967488527297974;1.949253797531128;0.6194634437561035;0.3273213505744934
166;6;1;2.623986335143555;0.7913152191722439;0.9947664737701416;0.9948045015335083;0.10079377889633179;0.09270993620157242;0.07355337589979172;1.4998685121536255;-0.32607096433639526;0.28289109468460083
166;6;2;2.034699714558811;0.8540755397430524;0.9947664737701416;0.9948045015335083;0.10079377889633179;0.09270993620157242;0.22335708141326904;0.9519600868225098;0.6041784286499023;1.6969832181930542
166;6;3;0.8257839758010261;0.8457643423402599;0.9947664737701416;0.9948045015335083;0.10079377889633179;0.09270993620157242;-0.21963796019554138;1.9496164321899414;0.6196021437644958;0.3275175094604492
167;6;1;2.620413270371844;0.7917481466303657;0.9947664737701416;0.9948045015335083;0.10085351020097733;0.09270885586738586;0.073499396443367;1.4999955892562866;-0.3260304629802704;0.282571941614151
167;6;2;2.0365722706582456;0.8540755397430528;0.9947664737701416;0.9948045015335083;0.10085351020097733;0.09270885586738586;0.2233870029449463;0.9520444273948669;0.60447758436203;1.6974700689315796
167;6;3;0.8257839758010261;0.8457643423402599;0.9947664737701416;0.9948045015335083;0.10085351020097733;0.09270885586738586;-0.21961025893688202;1.9499692916870117;0.6197295784950256;0.3276977241039276
168;6;1;2.620413270371844;0.7917481466303657;0.9947664737701416;0.9948094487190247;0.10087154805660248;0.09270882606506348;0.07346325367689133;1.5001238584518433;-0.32591840624809265;0.28248822689056396
168;6;2;2.03395064589499;0.8540545164878299;0.9947664737701416;0.9948094487190247;0.10087154805660248;0.09270882606506348;0.22341588139533997;0.952142596244812;0.6047756671905518;1.6978812217712402
168;6;3;0.8257839758010261;0.8457643423402599;0.9947664737701416;0.9948094487190247;0.10087154805660248;0.09270882606506348;-0.2195940911769867;1.9503123760223389;0.619843602180481;0.32785898447036743
169;6;1;2.620413270371844;0.7917481466303657;0.9947664737701416;0.9948094487190247;0.10086816549301147;0.0927073210477829;0.07339296489953995;1.5002025365829468;-0.3259402811527252;0.2829081416130066
169;6;2;2.03395064589499;0.8540545164878299;0.9947664737701416;0.9948094487190247;0.10086816549301147;0.0927073210477829;0.22344356775283813;0.9522482752799988;0.605071485042572;1.6982409954071045
169;6;3;0.8257839758010261;0.8457643423402599;0.9947664737701416;0.9948094487190247;0.10086816549301147;0.0927073210477829;-0.2195855677127838;1.9506462812423706;0.6199483871459961;0.32800719141960144
170;6;1;2.620413270371844;0.7917481466303657;0.9947664737701416;0.9948094487190247;0.10081075131893158;0.09270062297582626;0.07335400581359863;1.500272512435913;-0.32591816782951355;0.28345805406570435
170;6;2;2.03395064589499;0.8540545164878299;0.9947664737701416;0.9948094487190247;0.10081075131893158;0.09270062297582626;0.22346985340118408;0.95235276222229;0.6053640246391296;1.6985832452774048
170;6;3;0.8257839758010261;0.8457643423402599;0.9947664737701416;0.9948094487190247;0.10081075131893158;0.09270062297582626;-0.21957933902740479;1.9509711265563965;0.6200497150421143;0.32815051078796387
171;6;1;2.623986335143555;0.7913152191722439;0.9947664737701416;0.994814395904541;0.10074840486049652;0.09269517660140991;0.07329273223876953;1.5003255605697632;-0.3260177969932556;0.2838962972164154
171;6;2;2.0350816237324976;0.8539922614490649;0.9947664737701416;0.994814395904541;0.10074840486049652;0.09269517660140991;0.22349418699741364;0.9524449706077576;0.6056510210037231;1.6989532709121704
171;6;3;0.8257839758010261;0.8457643423402599;0.9947664737701416;0.994814395904541;0.10074840486049652;0.09269517660140991;-0.21956834197044373;1.951287865638733;0.6201552152633667;0.32829970121383667
172;6;1;2.622396158293685;0.7912666361446306;0.9947664737701416;0.994824230670929;0.10067010670900345;0.09270305931568146;0.07329030334949493;1.5004123449325562;-0.3260158598423004;0.28387799859046936
172;6;2;2.0350816237324976;0.8539922614490649;0.9947664737701416;0.994824230670929;0.10067010670900345;0.09270305931568146;0.22351671755313873;0.9525236487388611;0.6059325933456421;1.6993557214736938
172;6;3;0.8257839758010261;0.8457643423402599;0.9947664737701416;0.994824230670929;0.10067010670900345;0.09270305931568146;-0.2195516675710678;1.951596736907959;0.6202657222747803;0.32845598459243774
173;6;1;2.622396158293685;0.7912666361446306;0.9947664737701416;0.9948193430900574;0.1006636694073677;0.09270328283309937;0.07333975285291672;1.5005327463150024;-0.3259117603302002;0.28345435857772827
173;6;2;2.0350816237324976;0.8539922614490649;0.9947664737701416;0.9948193430900574;0.1006636694073677;0.09270328283309937;0.2235375940799713;0.9525927305221558;0.6062094569206238;1.6997764110565186
173;6;3;0.8257839758010261;0.8457643423402599;0.9947664737701416;0.9948193430900574;0.1006636694073677;0.09270328283309937;-0.21953140199184418;1.9518979787826538;0.6203789710998535;0.32861608266830444
174;6;1;2.622396158293685;0.7912666361446306;0.9947664737701416;0.9948193430900574;0.10072112828493118;0.09269692748785019;0.0734831839799881;1.500685691833496;-0.3255701959133148;0.2828802168369293
174;6;2;2.0350816237324976;0.8539922614490649;0.9947664737701416;0.9948193430900574;0.10072112828493118;0.09269692748785019;0.22355706989765167;0.9526586532592773;0.6064826250076294;1.700191617012024
174;6;3;0.8257839758010261;0.8457643423402599;0.9947664737701416;0.9948193430900574;0.10072112828493118;0.09269692748785019;-0.2195110023021698;1.9521918296813965;0.6204907298088074;0.3287741541862488
175;6;1;2.622396158293685;0.7912666361446306;0.9947664737701416;0.9948194026947021;0.10084773600101471;0.09269021451473236;0.07356643676757812;1.5007691383361816;-0.32542577385902405;0.28281956911087036
175;6;2;2.0350816237324976;0.8539922614490649;0.9947664737701416;0.9948194026947021;0.10084773600101471;0.09269021451473236;0.2235746681690216;0.95271897315979;0.6067501902580261;1.7006103992462158
175;6;3;0.8273630485555179;0.8464705842937859;0.9947664737701416;0.9948194026947021;0.10084773600101471;0.09269021451473236;-0.21948853135108948;1.9524779319763184;0.620602548122406;0.3289323151111603
176;6;1;2.623986335143555;0.7913152191722439;0.9947664737701416;0.9948095083236694;0.10090725868940353;0.0926908403635025;0.0735851302742958;1.5007891654968262;-0.32546326518058777;0.28321903944015503
176;6;2;2.042421020256061;0.8539391619642545;0.9947664737701416;0.9948095083236694;0.10090725868940353;0.0926908403635025;0.22359012067317963;0.9527735710144043;0.6070114970207214;1.7010347843170166
176;6;3;0.8273630485555179;0.8464705842937859;0.9947664737701416;0.9948095083236694;0.10090725868940353;0.0926908403635025;-0.21946340799331665;1.952756643295288;0.6207146644592285;0.3290908932685852
177;6;1;2.622396158293685;0.7912666361446306;0.9947664737701416;0.9948093891143799;0.1008996069431305;0.0926845520734787;0.07354169338941574;1.5008028745651245;-0.325604647397995;0.28352874517440796
177;6;2;2.0405484641566263;0.8539391619642536;0.9947664737701416;0.9948093891143799;0.1008996069431305;0.0926845520734787;0.22360363602638245;0.9528237581253052;0.6072667837142944;1.7014610767364502
177;6;3;0.8273630485555179;0.8464705842937859;0.9947664737701416;0.9948093891143799;0.1008996069431305;0.0926845520734787;-0.2194366306066513;1.9530284404754639;0.6208265423774719;0.3292490541934967
178;6;1;2.622396158293685;0.7912666361446306;0.9947664737701416;0.9948192834854126;0.1008504256606102;0.09268995374441147;0.07352042198181152;1.500869631767273;-0.3256012201309204;0.2834237515926361
178;6;2;2.0373387919015498;0.8539391619642545;0.9947664737701416;0.9948192834854126;0.1008504256606102;0.09268995374441147;0.2236158400774002;0.9528765082359314;0.6075185537338257;1.701863408088684
178;6;3;0.8273630485555179;0.8464705842937859;0.9947664737701416;0.9948192834854126;0.1008504256606102;0.09268995374441147;-0.21941259503364563;1.953294038772583;0.6209338307380676;0.32940080761909485
179;6;1;2.622396158293685;0.7912666361446306;0.9947664737701416;0.9948094487190247;0.10084705799818039;0.09268797934055328;0.07357826083898544;1.500985860824585;-0.3253198564052582;0.28315600752830505
179;6;2;2.0405484641566263;0.8539391619642536;0.9947664737701416;0.9948094487190247;0.10084705799818039;0.09268797934055328;0.2236272245645523;0.9529362320899963;0.6077684164047241;1.702224612236023
179;6;3;0.8257839758010261;0.8457643423402599;0.9947664737701416;0.9948094487190247;0.10084705799818039;0.09268797934055328;-0.21939414739608765;1.953553557395935;0.6210337281227112;0.3295420706272125
180;6;1;2.623986335143555;0.7913152191722439;0.9947664737701416;0.994814395904541;0.10090121626853943;0.09268209338188171;0.07357263565063477;1.5010908842086792;-0.325157105922699;0.28287962079048157
180;6;2;2.0416061024674326;0.8539391619642536;0.9947664737701416;0.994814395904541;0.10090121626853943;0.09268209338188171;0.22363732755184174;0.9529951810836792;0.608014702796936;1.7025741338729858
180;6;3;0.8273630485555179;0.8464705842937859;0.9947664737701416;0.994814395904541;0.10090121626853943;0.09268209338188171;-0.2193763703107834;1.9538068771362305;0.6211312413215637;0.3296799957752228
181;6;1;2.623986335143555;0.7913152191722439;0.9947664737701416;0.9948242902755737;0.10091091692447662;0.09268289804458618;0.07356739044189453;1.5011779069900513;-0.3249798119068146;0.28279411792755127
181;6;2;2.0416061024674326;0.8539391619642536;0.9947664737701416;0.9948242902755737;0.10091091692447662;0.09268289804458618;0.22364617884159088;0.953050971031189;0.608257532119751;1.702920913696289
181;6;3;0.8273630485555179;0.8464705842937859;0.9947664737701416;0.9948242902755737;0.10091091692447662;0.09268289804458618;-0.21935778856277466;1.9540536403656006;0.6212278604507446;0.329816609621048
182;6;1;2.623986335143555;0.7913152191722439;0.9947664737701416;0.9948193430900574;0.10090076923370361;0.09268137812614441;0.07356414943933487;1.501241683959961;-0.324808806180954;0.28287145495414734
182;6;2;2.04754092380775;0.8540261674008285;0.9947664737701416;0.9948193430900574;0.10090076923370361;0.09268137812614441;0.223653644323349;0.9530981183052063;0.6084964275360107;1.7032846212387085
182;6;3;0.8273630485555179;0.8464705842937859;0.9947664737701416;0.9948193430900574;0.10090076923370361;0.09268137812614441;-0.21933530271053314;1.9542943239212036;0.6213270425796509;0.32995691895484924
183;6;1;2.6275108368011315;0.7927298233669182;0.9947664737701416;0.9948193430900574;0.10087763518095016;0.0926789715886116;0.0735074058175087;1.501280426979065;-0.324796199798584;0.2828826606273651
183;6;2;2.052046795960255;0.8539765782080608;0.9947664737701416;0.9948193430900574;0.10087763518095016;0.0926789715886116;0.22365961968898773;0.9531311988830566;0.6087307333946228;1.7036874294281006
183;6;3;0.8273630485555179;0.8464705842937859;0.9947664737701416;0.9948193430900574;0.10087763518095016;0.0926789715886116;-0.21930554509162903;1.9545289278030396;0.6214325428009033;0.33010604977607727
184;6;1;2.625920659951258;0.7926812403393031;0.9947664737701416;0.9948242902755737;0.10083047300577164;0.09267634153366089;0.07348113507032394;1.5013514757156372;-0.32470113039016724;0.2824983298778534
184;6;2;2.052046795960255;0.8539765782080608;0.9947664737701416;0.9948242902755737;0.10083047300577164;0.09267634153366089;0.22366461157798767;0.9531552791595459;0.6089625358581543;1.7041095495224
184;6;3;0.8273630485555179;0.8464705842937859;0.9947664737701416;0.9948242902755737;0.10083047300577164;0.09267634153366089;-0.2192719578742981;1.9547576904296875;0.6215410232543945;0.3302595019340515
185;6;1;2.625920659951258;0.7926812403393031;0.9947664737701416;0.9948194026947021;0.1008472815155983;0.09267818927764893;0.07341446727514267;1.501360535621643;-0.32477468252182007;0.28262123465538025
185;6;2;2.052046795960255;0.8539765782080608;0.9947664737701416;0.9948194026947021;0.1008472815155983;0.09267818927764893;0.22366930544376373;0.9531779885292053;0.6091942191123962;1.7045210599899292
185;6;3;0.8273630485555179;0.8464705842937859;0.9947664737701416;0.9948194026947021;0.1008472815155983;0.09267818927764893;-0.21923953294754028;1.9549808502197266;0.6216475963592529;0.33041027188301086
186;6;1;2.625920659951258;0.7926812403393031;0.9947664737701416;0.9948193430900574;0.10081443190574646;0.09267769753932953;0.07339067757129669;1.5013729333877563;-0.3247624635696411;0.2828688323497772
186;6;2;2.052046795960255;0.8539765782080608;0.9947664737701416;0.9948193430900574;0.10081443190574646;0.09267769753932953;0.22367437183856964;0.9532065987586975;0.6094282269477844;1.7048951387405396
186;6;3;0.8273630485555179;0.8464705842937859;0.9947664737701416;0.9948193430900574;0.10081443190574646;0.09267769753932953;-0.21921299397945404;1.9551986455917358;0.6217478513717651;0.33055201172828674
187;6;1;2.625920659951258;0.7926812403393031;0.9947664737701416;0.9948193430900574;0.10081928223371506;0.09267822653055191;0.07346200942993164;1.5014336109161377;-0.32448631525039673;0.2829234302043915
187;6;2;2.053919352059687;0.8539765782080604;0.9947664737701416;0.9948193430900574;0.10081928223371506;0.09267822653055191;0.2236798256635666;0.9532406330108643;0.6096644997596741;1.7052339315414429
187;6;3;0.8273630485555179;0.8464705842937859;0.9947664737701416;0.9948193430900574;0.10081928223371506;0.09267822653055191;-0.21919220685958862;1.955411434173584;0.6218421459197998;0.3306853473186493
188;6;1;2.625920659951258;0.7926812403393031;0.9947664737701416;0.994824230670929;0.10089375078678131;0.09267440438270569;0.07355399429798126;1.5015294551849365;-0.324138879776001;0.2825847566127777
188;6;2;2.053919352059687;0.8539765782080604;0.9947664737701416;0.994824230670929;0.10089375078678131;0.09267440438270569;0.2236848920583725;0.9532696604728699;0.6099000573158264;1.705578327178955
188;6;3;0.8273630485555179;0.8464705842937859;0.9947664737701416;0.994824230670929;0.10089375078678131;0.09267440438270569;-0.21917055547237396;1.9556188583374023;0.6219372749328613;0.33081984519958496
189;6;1;2.623503125470413;0.7927298233669182;0.9947664737701416;0.994814395904541;0.10101217776536942;0.09267868846654892;0.07357984036207199;1.5015983581542969;-0.32396671175956726;0.2822253406047821
189;6;2;2.0554489801502553;0.8539143231692954;0.9947664737701416;0.994814395904541;0.10101217776536942;0.09267868846654892;0.22368884086608887;0.9532874822616577;0.6101323366165161;1.7059518098831177
189;6;3;0.8273630485555179;0.8464705842937859;0.9947664737701416;0.994814395904541;0.10101217776536942;0.09267868846654892;-0.21914392709732056;1.95582115650177;0.6220370531082153;0.3309609889984131
190;6;1;2.623503125470413;0.7927298233669182;0.9947664737701416;0.9948095083236694;0.1010819599032402;0.09268011897802353;0.07348699867725372;1.5016021728515625;-0.32412824034690857;0.2821595072746277
190;6;2;2.0516196357534078;0.8539349408170538;0.9947664737701416;0.9948095083236694;0.1010819599032402;0.09268011897802353;0.223691925406456;0.9532985091209412;0.6103623509407043;1.706337332725525
190;6;3;0.8273630485555179;0.8464705842937859;0.9947664737701416;0.9948095083236694;0.1010819599032402;0.09268011897802353;-0.21911488473415375;1.9560182094573975;0.6221386194229126;0.33110466599464417
191;6;1;2.623503125470413;0.7927298233669182;0.9947664737701416;0.9948045015335083;0.10106775909662247;0.09267856180667877;0.07340569794178009;1.5016053915023804;-0.32422295212745667;0.28228965401649475
191;6;2;2.049528802175206;0.8539556919170148;0.9947664737701416;0.9948045015335083;0.10106775909662247;0.09267856180667877;0.22369523346424103;0.9533179998397827;0.6105942130088806;1.7066771984100342
191;6;3;0.8273630485555179;0.8464705842937859;0.9947664737701416;0.9948045015335083;0.10106775909662247;0.09267856180667877;-0.21909283101558685;1.9562101364135742;0.6222324371337891;0.3312373459339142
192;6;1;2.627180502169428;0.792332559863997;0.9947664737701416;0.994814395904541;0.10103319585323334;0.0926780179142952;0.07334218174219131;1.5016165971755981;-0.32423073053359985;0.28261029720306396
192;6;2;2.049528802175206;0.8539556919170148;0.9947664737701416;0.994814395904541;0.10103319585323334;0.0926780179142952;0.22369930148124695;0.9533519744873047;0.6108297109603882;1.7069487571716309
192;6;3;0.8273630485555179;0.8464705842937859;0.9947664737701416;0.994814395904541;0.10103319585323334;0.0926780179142952;-0.21908143162727356;1.9563977718353271;0.6223148107528687;0.3313537538051605
193;6;1;2.627180502169428;0.792332559863997;0.9947664737701416;0.9948193430900574;0.10098309069871902;0.09267469495534897;0.07330036163330078;1.501632571220398;-0.3241645395755768;0.28309354186058044
193;6;2;2.0516196357534078;0.8539349408170538;0.9947664737701416;0.9948193430900574;0.10098309069871902;0.09267469495534897;0.22370398044586182;0.9533964991569519;0.6110681295394897;1.707168698310852
193;6;3;0.8273630485555179;0.8464705842937859;0.9947664737701416;0.9948193430900574;0.10098309069871902;0.09267469495534897;-0.21907803416252136;1.9565812349319458;0.6223883032798767;0.3314577341079712
194;6;1;2.627180502169428;0.792332559863997;0.9947664737701416;0.9948193430900574;0.10092402994632721;0.09267126023769379;0.07322602719068527;1.5016448497772217;-0.3241916596889496;0.28349921107292175
194;6;2;2.0516196357534078;0.8539349408170538;0.9947664737701416;0.9948193430900574;0.10092402994632721;0.09267126023769379;0.22370855510234833;0.9534404277801514;0.6113066673278809;1.7073808908462524
194;6;3;0.8273630485555179;0.8464705842937859;0.9947664737701416;0.9948193430900574;0.10092402994632721;0.09267126023769379;-0.21907542645931244;1.9567612409591675;0.6224604845046997;0.33155980706214905
195;6;1;2.625590325319556;0.7922839768363827;0.9947664737701416;0.9948291778564453;0.10084807872772217;0.0926794484257698;0.07320127636194229;1.5016982555389404;-0.32410380244255066;0.28347575664520264
195;6;2;2.0535764240508225;0.8539143231692949;0.9947664737701416;0.9948291778564453;0.10084807872772217;0.0926794484257698;0.22371283173561096;0.9534786343574524;0.6115443706512451;1.7076053619384766
195;6;3;0.8273630485555179;0.8464705842937859;0.9947664737701416;0.9948291778564453;0.10084807872772217;0.0926794484257698;-0.21907028555870056;1.9569376707077026;0.6225346326828003;0.33166468143463135
196;6;1;2.625590325319556;0.7922839768363827;0.9947664737701416;0.9948292374610901;0.10084562003612518;0.09267935156822205;0.07322125881910324;1.5017852783203125;-0.3239213824272156;0.2830601930618286
196;6;2;2.0516196357534078;0.8539349408170538;0.9947664737701416;0.9948292374610901;0.10084562003612518;0.09267935156822205;0.22371651232242584;0.9535086750984192;0.6117805242538452;1.7078514099121094
196;6;3;0.8273630485555179;0.8464705842937859;0.9947664737701416;0.9948292374610901;0.10084562003612518;0.09267935156822205;-0.21906082332134247;1.9571106433868408;0.6226123571395874;0.33177459239959717
197;6;1;2.625590325319556;0.7922839768363827;0.9947664737701416;0.994824230670929;0.1009121835231781;0.09267115592956543;0.07327523082494736;1.5019021034240723;-0.32365724444389343;0.2822965085506439
197;6;2;2.0516196357534078;0.8539349408170538;0.9947664737701416;0.994824230670929;0.1009121835231781;0.09267115592956543;0.2237195521593094;0.9535312652587891;0.612014651298523;1.7081162929534912
197;6;3;0.8273630485555179;0.8464705842937859;0.9947664737701416;0.994824230670929;0.1009121835231781;0.09267115592956543;-0.21904721856117249;1.9572800397872925;0.6226931214332581;0.3318888247013092
198;6;1;2.627180502169428;0.792332559863997;0.9947664737701416;0.994814395904541;0.10104022920131683;0.0926692932844162;0.07333283871412277;1.501993179321289;-0.3233983814716339;0.28177353739738464
198;6;2;2.0527445959236648;0.8539575189507529;0.9947664737701416;0.994814395904541;0.10104022920131683;0.0926692932844162;0.22372186183929443;0.953549325466156;0.6122468709945679;1.7083885669708252
198;6;3;0.8273630485555179;0.8464705842937859;0.9947664737701416;0.994814395904541;0.10104022920131683;0.0926692932844162;-0.21903096139431;1.957445740699768;0.6227749586105347;0.33200451731681824
199;6;1;2.627180502169428;0.792332559863997;0.9947664737701416;0.994814395904541;0.10115133225917816;0.09267201274633408;0.07332906872034073;1.5020157098770142;-0.3233351707458496;0.2817702889442444
199;6;2;2.0527445959236648;0.8539575189507529;0.9947664737701416;0.994814395904541;0.10115133225917816;0.09267201274633408;0.22372329235076904;0.9535625576972961;0.6124765276908875;1.7086682319641113
199;6;3;0.8273630485555179;0.8464705842937859;0.9947664737701416;0.994814395904541;0.10115133225917816;0.09267201274633408;-0.21901188790798187;1.9576070308685303;0.6228577494621277;0.3321216404438019
0;7;1;2.776675034970946;0.6388450911351411;0.4915458559989929;0.506447434425354;0.7142782211303711;0.7005399465560913;0.25052252411842346;0.37372398376464844;0.07290752232074738;0.30491599440574646
0;7;2;2.692267940381564;0.592968659586619;0.4915458559989929;0.506447434425354;0.7142782211303711;0.7005399465560913;0.025286592543125153;0.20036038756370544;0.1607128530740738;0.1589668244123459
0;7;3;1.3314183157193726;0.2759562145709622;0.4915458559989929;0.506447434425354;0.7142782211303711;0.7005399465560913;-0.0711878165602684;0.24297428131103516;0.23378339409828186;0.2730135917663574
1;7;1;2.7737397532334915;0.6371823060951591;0.488325297832489;0.5057041645050049;0.7124544978141785;0.6993563175201416;0.2507658898830414;0.37369489669799805;0.07256346195936203;0.30557721853256226
1;7;2;2.6941976768114113;0.5887493318145527;0.488325297832489;0.5057041645050049;0.7124544978141785;0.6993563175201416;0.026274805888533592;0.20066608488559723;0.16249379515647888;0.16336964070796967
1;7;3;1.3250930196248918;0.2787434129145039;0.488325297832489;0.5057041645050049;0.7124544978141785;0.6993563175201416;-0.07335502654314041;0.24506299197673798;0.2239876240491867;0.25916028022766113
2;7;1;2.780994793396042;0.635683007485043;0.4867149889469147;0.5044151544570923;0.7091915011405945;0.697283923625946;0.25112468004226685;0.37366974353790283;0.07205799967050552;0.3065359890460968
2;7;2;2.6984474471928497;0.607841465078006;0.4867149889469147;0.5044151544570923;0.7091915011405945;0.697283923625946;0.027658220380544662;0.20115557312965393;0.1648465096950531;0.16950301826000214
2;7;3;1.3565255481373155;0.2760678224032467;0.4867149889469147;0.5044151544570923;0.7091915011405945;0.697283923625946;-0.07638034969568253;0.2480458915233612;0.2106616497039795;0.24031449854373932
3;7;1;2.771508601813901;0.6341818749545904;0.483091801404953;0.504755973815918;0.7049874663352966;0.6947079300880432;0.2516011893749237;0.3736652135848999;0.07137893885374069;0.3077775239944458
3;7;2;2.6678849423851005;0.583312843029729;0.483091801404953;0.504755973815918;0.7049874663352966;0.6947079300880432;0.029380716383457184;0.20186229050159454;0.167506143450737;0.17699255049228668
3;7;3;1.1960704026435476;0.14126209321029126;0.483091801404953;0.504755973815918;0.7049874663352966;0.6947079300880432;-0.08009907603263855;0.25181400775909424;0.1948714703321457;0.21798382699489594
4;7;1;2.758376034931186;0.6146930221099964;0.47342997789382935;0.509610652923584;0.7003495097160339;0.6920334100723267;0.25219857692718506;0.3737003803253174;0.07050539553165436;0.3092852532863617
4;7;2;2.666354189687514;0.5522615830262909;0.47342997789382935;0.509610652923584;0.7003495097160339;0.6920334100723267;0.03136895224452019;0.20282311737537384;0.17018017172813416;0.18542809784412384
4;7;3;1.1246425149895787;0.1509840689249642;0.47342997789382935;0.509610652923584;0.7003495097160339;0.6920334100723267;-0.08433932065963745;0.25623446702957153;0.17772622406482697;0.19373677670955658
5;7;1;2.763965334561381;0.6126052933689117;0.48148149251937866;0.5254291892051697;0.6957352757453918;0.6896030306816101;0.2529200613498688;0.3737916648387909;0.0694107934832573;0.31104061007499695
5;7;2;2.650547518208688;0.532992739957332;0.48148149251937866;0.5254291892051697;0.6957352757453918;0.6896030306816101;0.03356239199638367;0.20406536757946014;0.17259614169597626;0.19434884190559387
5;7;3;1.1190415851761832;0.14480770837096735;0.48148149251937866;0.5254291892051697;0.6957352757453918;0.6896030306816101;-0.08892574161291122;0.2611446678638458;0.16032177209854126;0.16912317276000977
6;7;1;2.744019797303557;0.6053513279732998;0.511272132396698;0.5584515333175659;0.6915159225463867;0.6876530051231384;0.253766268491745;0.373960018157959;0.06805696338415146;0.31302499771118164
6;7;2;2.55749018682899;0.5014708662182557;0.511272132396698;0.5584515333175659;0.6915159225463867;0.6876530051231384;0.03586892783641815;0.20562072098255157;0.17439310252666473;0.20335546135902405
6;7;3;1.113881605894397;0.1458410215139052;0.511272132396698;0.5584515333175659;0.6915159225463867;0.6876530051231384;-0.09368550777435303;0.26635488867759705;0.14368785917758942;0.14559927582740784
7;7;1;2.7395309809647195;0.6028976884559087;0.5233494639396667;0.5791914463043213;0.6879433989524841;0.6862751245498657;0.25473910570144653;0.37422388792037964;0.06640388816595078;0.3151911795139313
7;7;2;2.5469420441263777;0.471232791109486;0.5233494639396667;0.5791914463043213;0.6879433989524841;0.6862751245498657;0.03823191672563553;0.20749662816524506;0.17534539103507996;0.2119695097208023
7;7;3;1.1483174023126699;0.13508890439328036;0.5233494639396667;0.5791914463043213;0.6879433989524841;0.6862751245498657;-0.09845690429210663;0.27166059613227844;0.12873776257038116;0.12445663660764694
8;7;1;2.7341209659955155;0.6031814072212631;0.5370370149612427;0.5933629274368286;0.685151219367981;0.685465395450592;0.25584015250205994;0.3745986521244049;0.06440559029579163;0.31744736433029175
8;7;2;2.5111594267874358;0.4766980686351321;0.5370370149612427;0.5933629274368286;0.685151219367981;0.685465395450592;0.040662895888090134;0.20965678989887238;0.17553406953811646;0.21952804923057556
8;7;3;1.188236965586193;0.1406945989395867;0.5370370149612427;0.5933629274368286;0.685151219367981;0.685465395450592;-0.10309696197509766;0.27685728669166565;0.11622749269008636;0.10676445811986923
9;7;1;2.7261957388183333;0.5999216811186807;0.5511271953582764;0.6060453653335571;0.683049738407135;0.6851150393486023;0.257077157497406;0.3750953674316406;0.06202436611056328;0.3196966052055359
9;7;2;2.4591241242135293;0.4555915761710141;0.5511271953582764;0.6060453653335571;0.683049738407135;0.6851150393486023;0.043172676116228104;0.21205702424049377;0.1750534176826477;0.2254437506198883
9;7;3;1.192430306925317;0.1482563969693964;0.5511271953582764;0.6060453653335571;0.683049738407135;0.6851150393486023;-0.10748722404241562;0.28175869584083557;0.1067287027835846;0.09333114326000214
10;7;1;2.7193160541356134;0.5977087126163587;0.5563607215881348;0.6153844594955444;0.681591808795929;0.6850098371505737;0.258445143699646;0.37573322653770447;0.059223826974630356;0.3218297064304352
10;7;2;2.390222952524251;0.44412651635922007;0.5563607215881348;0.6153844594955444;0.681591808795929;0.6850098371505737;0.04577215760946274;0.21464170515537262;0.17414496839046478;0.2291409820318222
10;7;3;1.183333040616442;0.15488794554014929;0.5563607215881348;0.6153844594955444;0.681591808795929;0.6850098371505737;-0.11153894662857056;0.2862190306186676;0.10061091929674149;0.08467929065227509
11;7;1;2.6910172258632974;0.593406834621649;0.566425085067749;0.6217355132102966;0.6804693341255188;0.684886634349823;0.25994324684143066;0.37653636932373047;0.05597953125834465;0.32373496890068054
11;7;2;2.277510985093117;0.4411129858992915;0.566425085067749;0.6217355132102966;0.6804693341255188;0.684886634349823;0.048484690487384796;0.217360258102417;0.1730339229106903;0.2302052080631256
11;7;3;1.1856972307679614;0.1598094601034341;0.566425085067749;0.6217355132102966;0.6804693341255188;0.684886634349823;-0.11520101875066757;0.29015272855758667;0.09803599119186401;0.08103778958320618
12;7;1;2.64071722724739;0.5771262641078581;0.5708534717559814;0.6266273260116577;0.6794477105140686;0.684475839138031;0.261570543050766;0.37752804160118103;0.05230344086885452;0.325331449508667
12;7;2;2.2157559762121686;0.444825542491988;0.5708534717559814;0.6266273260116577;0.6794477105140686;0.684475839138031;0.05132218450307846;0.22018225491046906;0.1718761920928955;0.22845540940761566
12;7;3;1.1778750219163872;0.16743048923686343;0.5708534717559814;0.6266273260116577;0.6794477105140686;0.684475839138031;-0.11846823990345001;0.2935497462749481;0.09896227717399597;0.08234775811433792
13;7;1;2.595797701920807;0.5662816897834579;0.5752817988395691;0.6325462460517883;0.6783939003944397;0.6836023926734924;0.2633207440376282;0.37873217463493347;0.04822133854031563;0.3265872299671173
13;7;2;2.237135962976337;0.4532317293703736;0.5752817988395691;0.6325462460517883;0.6783939003944397;0.6836023926734924;0.05427679419517517;0.22310411930084229;0.1707032322883606;0.22400812804698944
13;7;3;1.1926031539179007;0.1737385822690114;0.5752817988395691;0.6325462460517883;0.6783939003944397;0.6836023926734924;-0.12138259410858154;0.2964797914028168;0.10316205024719238;0.08828712999820709
14;7;1;2.5784397369823235;0.5673239296928321;0.5837359428405762;0.6383220553398132;0.6772627234458923;0.6822227239608765;0.2651817202568054;0.38017135858535767;0.043820060789585114;0.32750606536865234
14;7;2;2.2245933063295453;0.46929108937929254;0.5837359428405762;0.6383220553398132;0.6772627234458923;0.6822227239608765;0.057361070066690445;0.226134791970253;0.1695743054151535;0.21712175011634827
14;7;3;1.1840745592570752;0.17388663326516873;0.5837359428405762;0.6383220553398132;0.6772627234458923;0.6822227239608765;-0.12402793020009995;0.299084335565567;0.11025067418813705;0.09831196069717407
15;7;1;2.5541608628452757;0.557797145993594;0.5917874574661255;0.6471968293190002;0.6760690212249756;0.6804086565971375;0.2671531140804291;0.38186249136924744;0.039179205894470215;0.3281261622905731
15;7;2;2.2258251397651705;0.4814954460439065;0.5917874574661255;0.6471968293190002;0.6760690212249756;0.6804086565971375;0.06057363748550415;0.2293066829442978;0.16848012804985046;0.20823225378990173
15;7;3;1.2172488692502323;0.17480870432324647;0.5917874574661255;0.6471968293190002;0.6760690212249756;0.6804086565971375;-0.1265193670988083;0.30155807733535767;0.1197257786989212;0.111711785197258
16;7;1;2.5495532780152095;0.547212995178346;0.6018518209457397;0.65709388256073;0.6748763918876648;0.6783050298690796;0.2692234516143799;0.3838407099246979;0.03440127521753311;0.32848337292671204
16;7;2;2.283343542493796;0.4828215430101883;0.6018518209457397;0.65709388256073;0.6748763918876648;0.6783050298690796;0.06393124163150787;0.23265843093395233;0.16743996739387512;0.19782540202140808
16;7;3;1.2213830375070804;0.17051476292850776;0.6018518209457397;0.65709388256073;0.6748763918876648;0.6783050298690796;-0.12898992002010345;0.3041265308856964;0.13101056218147278;0.12767088413238525
17;7;1;2.529129342808397;0.5498052917086635;0.6167471408843994;0.6672205924987793;0.673727810382843;0.6760671734809875;0.2713909149169922;0.38613414764404297;0.029609525576233864;0.3286435306072235
17;7;2;2.3431870775004757;0.5051065091791678;0.6167471408843994;0.6672205924987793;0.673727810382843;0.6760671734809875;0.06743378192186356;0.23624610900878906;0.16638566553592682;0.18648166954517365
17;7;3;1.2249972386479504;0.1749756874990931;0.6167471408843994;0.6672205924987793;0.673727810382843;0.6760671734809875;-0.13157802820205688;0.3070236146450043;0.14349748194217682;0.1453300416469574
18;7;1;2.5023611395666316;0.5431354992093516;0.6280193328857422;0.6776881217956543;0.6726232767105103;0.6738231182098389;0.2736586034297943;0.38876160979270935;0.024936450645327568;0.32872116565704346
18;7;2;2.4158016462886316;0.5159840305594647;0.6280193328857422;0.6776881217956543;0.6726232767105103;0.6738231182098389;0.07106220722198486;0.2401430755853653;0.16517001390457153;0.17480063438415527
18;7;3;1.2292946816237285;0.16993010296949373;0.6280193328857422;0.6776881217956543;0.6726232767105103;0.6738231182098389;-0.13441702723503113;0.3104720413684845;0.15659017860889435;0.16384591162204742
19;7;1;2.4845910501494677;0.5305985226378729;0.6372786164283752;0.6858393549919128;0.6715951561927795;0.6716153025627136;0.2760380208492279;0.39174437522888184;0.02043379656970501;0.328768789768219
19;7;2;2.4443750761320375;0.5043634806815298;0.6372786164283752;0.6858393549919128;0.6715951561927795;0.6716153025627136;0.07485029101371765;0.2443845123052597;0.16400156915187836;0.16305656731128693
19;7;3;1.209467953576472;0.17084876671425198;0.6372786164283752;0.6858393549919128;0.6715951561927795;0.6716153025627136;-0.13762781023979187;0.31467339396476746;0.16973717510700226;0.18243855237960815
20;7;1;2.4717366568136043;0.5273528358821107;0.6489533185958862;0.6930004358291626;0.6705595254898071;0.6693796515464783;0.2785254716873169;0.3951250910758972;0.01616114377975464;0.3288346529006958
20;7;2;2.507944673295957;0.546117465173495;0.6489533185958862;0.6930004358291626;0.6705595254898071;0.6693796515464783;0.07883983850479126;0.2490067034959793;0.16302724182605743;0.1514885127544403
20;7;3;1.1638137914555458;0.169974500234765;0.6489533185958862;0.6930004358291626;0.6705595254898071;0.6693796515464783;-0.14131203293800354;0.31980714201927185;0.18246062099933624;0.20043222606182098
21;7;1;2.4514007027632454;0.5344696916535714;0.6574074029922485;0.7004182934761047;0.6693816781044006;0.6670652031898499;0.2811293601989746;0.3989294171333313;0.012193393893539906;0.3289777934551239
21;7;2;2.453084752135397;0.4961143478119876;0.6574074029922485;0.7004182934761047;0.6693816781044006;0.6670652031898499;0.08302626758813858;0.2540538012981415;0.16237539052963257;0.14032547175884247
21;7;3;1.1554811439524828;0.17494132183905098;0.6574074029922485;0.7004182934761047;0.6693816781044006;0.6670652031898499;-0.145549476146698;0.3260258436203003;0.19437716901302338;0.21728476881980896
22;7;1;2.4474569720333914;0.5335603458093932;0.6650563478469849;0.7079818248748779;0.6679127216339111;0.6645822525024414;0.2838596999645233;0.4031898081302643;0.008579432964324951;0.32923436164855957
22;7;2;2.5019123913044847;0.5043632541713006;0.6650563478469849;0.7079818248748779;0.6679127216339111;0.6645822525024414;0.08743492513895035;0.2595556974411011;0.1621788740158081;0.1296844333410263
22;7;3;1.1337727575868755;0.17814399766962374;0.6650563478469849;0.7079818248748779;0.6679127216339111;0.6645822525024414;-0.15039700269699097;0.33345186710357666;0.205215185880661;0.23261204361915588
23;7;1;2.436832454574474;0.5269850266400464;0.6731078624725342;0.7154614329338074;0.6659919619560242;0.661815345287323;0.28672781586647034;0.40794259309768677;0.0053491475991904736;0.32962462306022644
23;7;2;2.482455408693502;0.5179078504798085;0.6731078624725342;0.7154614329338074;0.6659919619560242;0.661815345287323;0.09207240492105484;0.2655441462993622;0.16249939799308777;0.11967941373586655
23;7;3;1.121361803382058;0.18005811388826176;0.6731078624725342;0.7154614329338074;0.6659919619560242;0.661815345287323;-0.15588733553886414;0.34217745065689087;0.21482250094413757;0.246198832988739
24;7;1;2.4436596569218754;0.5378005932086163;0.681964635848999;0.7220594882965088;0.6635271906852722;0.6586610674858093;0.28974369168281555;0.4132184386253357;0.0025056840386241674;0.33017367124557495
24;7;2;2.501588228729787;0.5117214336926441;0.681964635848999;0.7220594882965088;0.6635271906852722;0.6586610674858093;0.0969429463148117;0.272043913602829;0.16337373852729797;0.110357366502285
24;7;3;1.098252964260757;0.18826670853067462;0.681964635848999;0.7220594882965088;0.6635271906852722;0.6586610674858093;-0.1620299220085144;0.35226282477378845;0.22316859662532806;0.25800198316574097
25;7;1;2.3992891211143803;0.5169119113110403;0.6884058117866516;0.7266154289245605;0.6604007482528687;0.6550661325454712;0.292918860912323;0.41904810070991516;6.607770774280652e-05;0.3308974802494049
25;7;2;2.4533630317380783;0.5489027502489554;0.6884058117866516;0.7266154289245605;0.6604007482528687;0.6550661325454712;0.10201652348041534;0.27908939123153687;0.16471455991268158;0.10178221017122269
25;7;3;1.0850799146801844;0.1897838888653065;0.6884058117866516;0.7266154289245605;0.6604007482528687;0.6550661325454712;-0.16881254315376282;0.36373183131217957;0.2303398996591568;0.26814374327659607
26;7;1;2.3996889561159556;0.5193618270078577;0.6908212900161743;0.7310750484466553;0.65655118227005;0.6509926915168762;0.2962675392627716;0.4254523515701294;-0.0019941329956054688;0.3318086862564087
26;7;2;2.378847963231663;0.5475932014500495;0.6908212900161743;0.7310750484466553;0.65655118227005;0.6509926915168762;0.10725933313369751;0.28670722246170044;0.16640442609786987;0.09389540553092957
26;7;3;1.0708809800032384;0.19229020164838717;0.6908212900161743;0.7310750484466553;0.65655118227005;0.6509926915168762;-0.17620018124580383;0.37657007575035095;0.236531063914299;0.27689939737319946
27;7;1;2.3823562274626413;0.5040875915450522;0.6972624659538269;0.7352432608604431;0.6520107984542847;0.6464368104934692;0.2997850179672241;0.4324548542499542;-0.0037428499199450016;0.3329293727874756
27;7;2;2.4350218001069592;0.5490207093244566;0.6972624659538269;0.7352432608604431;0.6520107984542847;0.6464368104934692;0.11262994259595871;0.29491886496543884;0.16824159026145935;0.08658061176538467
27;7;3;1.0635728885454228;0.19506737289692966;0.6972624659538269;0.7352432608604431;0.6520107984542847;0.6464368104934692;-0.18413667380809784;0.3907242715358734;0.2420269250869751;0.28467169404029846
28;7;1;2.3749951828307783;0.5043919820057203;0.7037037014961243;0.7381126880645752;0.6467908620834351;0.6414295434951782;0.3034617304801941;0.4400649964809418;-0.005331933498382568;0.3342459499835968
28;7;2;2.424492846269466;0.5450806254380272;0.7037037014961243;0.7381126880645752;0.6467908620834351;0.6414295434951782;0.11809669435024261;0.30371367931365967;0.17014126479625702;0.07952287048101425
28;7;3;1.0648716444568924;0.19750653540397822;0.7037037014961243;0.7381126880645752;0.6467908620834351;0.6414295434951782;-0.19254446029663086;0.40610480308532715;0.24717850983142853;0.29195713996887207
29;7;1;2.3710665389718155;0.49797611473603176;0.7093397378921509;0.7409573197364807;0.6410424113273621;0.6359882354736328;0.3072696030139923;0.44828733801841736;-0.006884742062538862;0.3357907831668854
29;7;2;2.363621309569952;0.544275249629262;0.7093397378921509;0.7409573197364807;0.6410424113273621;0.6359882354736328;0.12361395359039307;0.3130844235420227;0.17187929153442383;0.07238385826349258
29;7;3;1.0657294803933048;0.19943625223314587;0.7093397378921509;0.7409573197364807;0.6410424113273621;0.6359882354736328;-0.20132726430892944;0.4225938320159912;0.2523723840713501;0.2993023991584778
30;7;1;2.3569205840873133;0.4934518005866071;0.7129629850387573;0.7446563839912415;0.6349068284034729;0.6301626563072205;0.3111782371997833;0.4571002721786499;-0.00858696736395359;0.3376433849334717
30;7;2;2.301991905684666;0.5351183497373384;0.7129629850387573;0.7446563839912415;0.6349068284034729;0.6301626563072205;0.1291196346282959;0.32302138209342957;0.1731928288936615;0.06479845196008682
30;7;3;1.0754443437620056;0.20654249576199835;0.7129629850387573;0.7446563839912415;0.6349068284034729;0.6301626563072205;-0.21037833392620087;0.4400550425052643;0.25799229741096497;0.30725017189979553
31;7;1;2.355762075108924;0.49812274271665213;0.7153784036636353;0.7486665844917297;0.6285417675971985;0.6239776611328125;0.3151622414588928;0.4664672613143921;-0.01062001008540392;0.33988237380981445
31;7;2;2.290053333770694;0.5300649417283108;0.7153784036636353;0.7486665844917297;0.6285417675971985;0.6239776611328125;0.13454566895961761;0.333510160446167;0.17383229732513428;0.05641527101397514
31;7;3;1.0963952558988437;0.2143189072116063;0.7153784036636353;0.7486665844917297;0.6285417675971985;0.6239776611328125;-0.21959242224693298;0.45835012197494507;0.2643745243549347;0.3162759840488434
32;7;1;2.368007584956188;0.4925308282767178;0.7206119298934937;0.7549781799316406;0.6220418214797974;0.6174086928367615;0.3191791772842407;0.4763484597206116;-0.01315530575811863;0.34258705377578735
32;7;2;2.2992064811126713;0.5196496660560159;0.7206119298934937;0.7549781799316406;0.6220418214797974;0.6174086928367615;0.13985927402973175;0.344510018825531;0.17371539771556854;0.046848125755786896
32;7;3;1.1085842428519799;0.22047257004778364;0.7206119298934937;0.7549781799316406;0.6220418214797974;0.6174086928367615;-0.22888021171092987;0.47735822200775146;0.27176615595817566;0.32672932744026184
33;7;1;2.3518429833637766;0.4929590692508343;0.729468584060669;0.7615662813186646;0.6153456568717957;0.6103979349136353;0.3231855630874634;0.4867175817489624;-0.01629040203988552;0.3457753360271454
33;7;2;2.278559053587278;0.5137140874304293;0.729468584060669;0.7615662813186646;0.6153456568717957;0.6103979349136353;0.14504291117191315;0.3559708297252655;0.17295143008232117;0.03573840856552124
33;7;3;1.1062638431932097;0.22378762374158745;0.729468584060669;0.7615662813186646;0.6153456568717957;0.6103979349136353;-0.23818060755729675;0.49699392914772034;0.28029322624206543;0.3387884199619293
34;7;1;2.3486896669279176;0.49926609936540167;0.7375200986862183;0.7689841985702515;0.6085037589073181;0.6028833985328674;0.3271295726299286;0.49756520986557007;-0.02018512599170208;0.34947118163108826
34;7;2;2.2421350042253474;0.5139894914349661;0.7375200986862183;0.7689841985702515;0.6085037589073181;0.6028833985328674;0.1500997692346573;0.3678491413593292;0.1717485785484314;0.022872520610690117
34;7;3;1.1099413094610133;0.23196449233314453;0.7375200986862183;0.7689841985702515;0.6085037589073181;0.6028833985328674;-0.24746911227703094;0.517218828201294;0.2899438142776489;0.3524364233016968
35;7;1;2.3207816457028976;0.5056708001863557;0.750402569770813;0.7766737341880798;0.6015363931655884;0.5947592854499817;0.3309723734855652;0.5088933706283569;-0.024899084120988846;0.35374489426612854
35;7;2;2.2163889146379434;0.5087919015685598;0.750402569770813;0.7766737341880798;0.6015363931655884;0.5947592854499817;0.15502825379371643;0.38013756275177;0.17029738426208496;0.008488299325108528
35;7;3;1.1078627811342896;0.24039388994178212;0.750402569770813;0.7766737341880798;0.6015363931655884;0.5947592854499817;-0.25676289200782776;0.538046658039093;0.3005654811859131;0.36745771765708923
36;7;1;2.3171837256804286;0.5210465459523475;0.7632850408554077;0.7843335866928101;0.5943304896354675;0.5860251784324646;0.33471664786338806;0.5207098126411438;-0.03041442669928074;0.358626127243042
36;7;2;2.1772928658544943;0.49991886489856796;0.7632850408554077;0.7843335866928101;0.5943304896354675;0.5860251784324646;0.15984539687633514;0.3928433954715729;0.16887834668159485;0.009179018437862396
36;7;3;1.0981394439013634;0.24939003470168153;0.7632850408554077;0.7843335866928101;0.5943304896354675;0.5860251784324646;-0.26611804962158203;0.5595346093177795;0.3118795156478882;0.3834581673145294
37;7;1;2.320346968150382;0.530104159832903;0.77173912525177;0.7947097420692444;0.5871138572692871;0.5766738653182983;0.3383753001689911;0.5330501794815063;-0.03655017167329788;0.3641028106212616
37;7;2;2.135132690427719;0.4927608989592551;0.77173912525177;0.7947097420692444;0.5871138572692871;0.5766738653182983;0.16460902988910675;0.4059731066226959;0.1678721159696579;0.02672603726387024
37;7;3;1.0928911505797831;0.26109991451146186;0.77173912525177;0.7947097420692444;0.5871138572692871;0.5766738653182983;-0.27562248706817627;0.5817698836326599;0.3235072195529938;0.39990222454071045
38;7;1;2.312233473709318;0.5208966929908803;0.781803548336029;0.8038561344146729;0.5798700451850891;0.5668054819107056;0.3419574201107025;0.5459756255149841;-0.043063510209321976;0.37016424536705017
38;7;2;2.098514138996605;0.4870585373896059;0.781803548336029;0.8038561344146729;0.5798700451850891;0.5668054819107056;0.16936105489730835;0.4195571839809418;0.16760997474193573;0.04557524621486664
38;7;3;1.094746706547709;0.274630854975463;0.781803548336029;0.8038561344146729;0.5798700451850891;0.5668054819107056;-0.2853793203830719;0.6048433184623718;0.33502158522605896;0.41618600487709045
39;7;1;2.3132023070990844;0.5216146559270634;0.8059581518173218;0.8143260478973389;0.5726262331008911;0.5563977360725403;0.3454775810241699;0.5595634579658508;-0.04968598484992981;0.3767930269241333
39;7;2;2.1020604960510916;0.49045899765669265;0.8059581518173218;0.8143260478973389;0.5726262331008911;0.5563977360725403;0.17413218319416046;0.43364062905311584;0.16830751299858093;0.06488694995641708
39;7;3;1.0897466697684957;0.2838923735203793;0.8059581518173218;0.8143260478973389;0.5726262331008911;0.5563977360725403;-0.2954893410205841;0.6288297176361084;0.34600189328193665;0.4317145049571991
40;7;1;2.3006626678563045;0.5153407909749683;0.8188406229019165;0.8264036178588867;0.5648797750473022;0.5454952120780945;0.3489474058151245;0.5738939642906189;-0.056097377091646194;0.38394659757614136
40;7;2;2.100482870172101;0.49433763721059165;0.8188406229019165;0.8264036178588867;0.5648797750473022;0.5454952120780945;0.17894230782985687;0.44825977087020874;0.17013466358184814;0.08407644927501678
40;7;3;1.102830477724531;0.2884083146992018;0.8188406229019165;0.8264036178588867;0.5648797750473022;0.5454952120780945;-0.30603134632110596;0.6537691354751587;0.3560905158519745;0.4459819793701172
41;7;1;2.2889857738811727;0.5073037654732655;0.8325282335281372;0.8382687568664551;0.5563848614692688;0.5339374542236328;0.3523813784122467;0.588991105556488;-0.06222214922308922;0.39167138934135437
41;7;2;2.0858943483405303;0.5022421983790641;0.8325282335281372;0.8382687568664551;0.5563848614692688;0.5339374542236328;0.18379488587379456;0.463437020778656;0.17319083213806152;0.10269475728273392
41;7;3;1.1196743859178708;0.3048447566805561;0.8325282335281372;0.8382687568664551;0.5563848614692688;0.5339374542236328;-0.31705063581466675;0.6796622276306152;0.3650371730327606;0.45863446593284607
42;7;1;2.287597273095378;0.5190736035266488;0.838164210319519;0.8496474027633667;0.547026515007019;0.5216542482376099;0.3557632267475128;0.6049129366874695;-0.06778273731470108;0.39994779229164124
42;7;2;2.0760992286075393;0.5181277043733359;0.838164210319519;0.8496474027633667;0.547026515007019;0.5216542482376099;0.18865904211997986;0.47918981313705444;0.17744478583335876;0.12041126191616058
42;7;3;1.1146003471083201;0.3105880102043108;0.838164210319519;0.8496474027633667;0.547026515007019;0.5216542482376099;-0.3285529911518097;0.7064712047576904;0.372719943523407;0.4694995582103729
43;7;1;2.288255675823229;0.5406687624363657;0.8474234938621521;0.8616335391998291;0.5364968180656433;0.5086294412612915;0.35898444056510925;0.621763288974762;-0.07238566130399704;0.40876296162605286
43;7;2;2.0482737558651305;0.5246981268366642;0.8474234938621521;0.8616335391998291;0.5364968180656433;0.5086294412612915;0.19346678256988525;0.4955320358276367;0.18267743289470673;0.1369970440864563
43;7;3;1.1075491931280066;0.32548684109306425;0.8474234938621521;0.8616335391998291;0.5364968180656433;0.5086294412612915;-0.3404988944530487;0.7341211438179016;0.3791630268096924;0.47861143946647644
44;7;1;2.302353119861711;0.5642606439394591;0.8595007658004761;0.8729134202003479;0.5249080061912537;0.4947431981563568;0.3619701862335205;0.6394851803779602;-0.07625313848257065;0.41819217801094055
44;7;2;2.022674477357331;0.5313697804283968;0.8595007658004761;0.8729134202003479;0.5249080061912537;0.4947431981563568;0.19815780222415924;0.5124132633209229;0.18877142667770386;0.1528487354516983
44;7;3;1.0793718075762646;0.34046651655030935;0.8595007658004761;0.8729134202003479;0.5249080061912537;0.4947431981563568;-0.35280555486679077;0.7625042200088501;0.3845290243625641;0.48620009422302246
45;7;1;2.318556525769388;0.5816961405733254;0.8687600493431091;0.8824969530105591;0.5135685801506042;0.48114529252052307;0.3647288382053375;0.6579892039299011;-0.07932662218809128;0.4279501140117645
45;7;2;2.008084870683928;0.5466392531057407;0.8687600493431091;0.8824969530105591;0.5135685801506042;0.48114529252052307;0.2031344771385193;0.5294927358627319;0.19987425208091736;0.16157807409763336
45;7;3;1.0640011467066604;0.3407383868328502;0.8687600493431091;0.8824969530105591;0.5135685801506042;0.48114529252052307;-0.3653406500816345;0.7914741635322571;0.38912656903266907;0.49270200729370117
46;7;1;2.338287489892969;0.5954456358423101;0.8743961453437805;0.8915222883224487;0.500426709651947;0.46687406301498413;0.3672054708003998;0.6769858002662659;-0.08205075562000275;0.43821895122528076
46;7;2;2.01968965455281;0.570110270568772;0.8743961453437805;0.8915222883224487;0.500426709651947;0.46687406301498413;0.20828384160995483;0.5465863943099976;0.21570467948913574;0.16455775499343872
46;7;3;1.0669798834919977;0.35784524153023334;0.8743961453437805;0.8915222883224487;0.500426709651947;0.46687406301498413;-0.3778567314147949;0.8208198547363281;0.3936598002910614;0.49911296367645264
47;7;1;2.3777714058805977;0.621445187733304;0.8836553692817688;0.9023478031158447;0.48578453063964844;0.45190444588661194;0.36929771304130554;0.6960583925247192;-0.08549149334430695;0.44945433735847473
47;7;2;2.0205676940165747;0.583292740091077;0.8836553692817688;0.9023478031158447;0.48578453063964844;0.45190444588661194;0.21326811611652374;0.5635952353477478;0.23451018333435059;0.16525262594223022
47;7;3;1.073347180679792;0.3709149921508814;0.8836553692817688;0.9023478031158447;0.48578453063964844;0.45190444588661194;-0.3900502622127533;0.850304901599884;0.39901629090309143;0.5066881775856018
48;7;1;2.402782636812444;0.6322017098370196;0.8904992341995239;0.9128992557525635;0.4708062708377838;0.4376557767391205;0.37089353799819946;0.7147846817970276;-0.09044484794139862;0.46260225772857666
48;7;2;2.056627023734775;0.5990834152346758;0.8904992341995239;0.9128992557525635;0.4708062708377838;0.4376557767391205;0.21757905185222626;0.5806058645248413;0.252751886844635;0.16901445388793945
48;7;3;1.1385289344946576;0.42258802658296046;0.8904992341995239;0.9128992557525635;0.4708062708377838;0.4376557767391205;-0.40163180232048035;0.8797242045402527;0.4060209393501282;0.5165942907333374
49;7;1;2.4134855558526;0.6577947538457769;0.8985507488250732;0.9241569638252258;0.45725753903388977;0.4233890473842621;0.3720460832118988;0.7330443859100342;-0.09666047990322113;0.47787535190582275
49;7;2;2.050359734205597;0.6086036816204436;0.8985507488250732;0.9241569638252258;0.45725753903388977;0.4233890473842621;0.2210974246263504;0.5976722240447998;0.26966825127601624;0.17637798190116882
49;7;3;1.1600879264281527;0.450305073176132;0.8985507488250732;0.9241569638252258;0.45725753903388977;0.4233890473842621;-0.4124898910522461;0.9090330004692078;0.41497063636779785;0.5292510390281677
50;7;1;2.4327814454456274;0.6735820233239282;0.9074074029922485;0.9362912774085999;0.4431394934654236;0.4079212248325348;0.3730214536190033;0.750962495803833;-0.10362347215414047;0.49451810121536255
50;7;2;2.061593184175477;0.6362171792189852;0.9074074029922485;0.9362912774085999;0.4431394934654236;0.4079212248325348;0.2240896075963974;0.6147584319114685;0.2869514524936676;0.18477171659469604
50;7;3;1.163344086570568;0.4806289240182169;0.9074074029922485;0.9362912774085999;0.4431394934654236;0.4079212248325348;-0.4227329194545746;0.9383659362792969;0.4255492091178894;0.5442113876342773
51;7;1;2.483194940794161;0.7036024715077955;0.9162640571594238;0.9471662044525146;0.42900457978248596;0.39243659377098083;0.37421074509620667;0.7689781785011292;-0.11013185977935791;0.5105687379837036
51;7;2;2.0904667685533624;0.6514259860869966;0.9162640571594238;0.9471662044525146;0.42900457978248596;0.39243659377098083;0.2270476520061493;0.6317019462585449;0.3073357939720154;0.1912640482187271
51;7;3;1.1496198202783923;0.5243356295336028;0.9162640571594238;0.9471662044525146;0.42900457978248596;0.39243659377098083;-0.4325868785381317;0.9679275751113892;0.4371233582496643;0.5605797171592712
52;7;1;2.4919202891556154;0.7084311922399822;0.9247181415557861;0.9567471742630005;0.4147692322731018;0.3775736391544342;0.3760467767715454;0.7873383164405823;-0.11538264900445938;0.5247980952262878
52;7;2;2.1355672229143225;0.647642535452706;0.9247181415557861;0.9567471742630005;0.4147692322731018;0.3775736391544342;0.23020963370800018;0.6484675407409668;0.33165815472602844;0.19505509734153748
52;7;3;1.1613599873559233;0.5762937989209616;0.9247181415557861;0.9567471742630005;0.4147692322731018;0.3775736391544342;-0.44223982095718384;0.9978696703910828;0.4491807222366333;0.577631413936615
53;7;1;2.518530212619579;0.7169296897216872;0.9331722855567932;0.9641996622085571;0.39875900745391846;0.3625977039337158;0.37886157631874084;0.8060626983642578;-0.11887723207473755;0.5368087887763977
53;7;2;2.201044247567223;0.6746475667379128;0.9331722855567932;0.9641996622085571;0.39875900745391846;0.3625977039337158;0.23367030918598175;0.6650552153587341;0.35959967970848083;0.1965962052345276
53;7;3;1.1819111056557805;0.6181573759013848;0.9331722855567932;0.9641996622085571;0.39875900745391846;0.3625977039337158;-0.4517791271209717;1.0282608270645142;0.46149542927742004;0.5950470566749573
54;7;1;2.581306720405072;0.7314471757575225;0.9380031824111938;0.9687975645065308;0.38171154260635376;0.347616583108902;0.3828500807285309;0.8249006867408752;-0.12013709545135498;0.5473476052284241
54;7;2;2.2356330354304843;0.6887484724655089;0.9380031824111938;0.9687975645065308;0.38171154260635376;0.347616583108902;0.23732848465442657;0.681546688079834;0.38969525694847107;0.19720949232578278
54;7;3;1.1947936530806542;0.6432920113424627;0.9380031824111938;0.9687975645065308;0.38171154260635376;0.347616583108902;-0.46115630865097046;1.0590795278549194;0.4741780757904053;0.612982988357544
55;7;1;2.6363570396651035;0.7529595536478322;0.9416264295578003;0.971711277961731;0.36506929993629456;0.33325353264808655;0.38793858885765076;0.8434456586837769;-0.118807353079319;0.5583043694496155
55;7;2;2.2666736488961545;0.6956984770119741;0.9416264295578003;0.971711277961731;0.36506929993629456;0.33325353264808655;0.2408975213766098;0.6981515884399414;0.4196661114692688;0.19797563552856445
55;7;3;1.195107230479926;0.6638047487112777;0.9416264295578003;0.971711277961731;0.36506929993629456;0.33325353264808655;-0.4702184200286865;1.0902297496795654;0.4875330626964569;0.6318697929382324
56;7;1;2.6581845859442836;0.7521301871821429;0.9420289993286133;0.9730546474456787;0.34942641854286194;0.31981995701789856;0.39408519864082336;0.8613027930259705;-0.11476249992847443;0.5711830854415894
56;7;2;2.3424257580208803;0.7216872781313652;0.9420289993286133;0.9730546474456787;0.34942641854286194;0.31981995701789856;0.24422596395015717;0.7149860858917236;0.4480811059474945;0.1988595873117447
56;7;3;1.215285489641862;0.684041188201141;0.9420289993286133;0.9730546474456787;0.34942641854286194;0.31981995701789856;-0.47882914543151855;1.121588110923767;0.5017445683479309;0.6519679427146912
57;7;1;2.6860380792036516;0.7538589066741332;0.9452495574951172;0.9739633798599243;0.3347148895263672;0.306519091129303;0.40144988894462585;0.8783485293388367;-0.10785331577062607;0.5859383940696716
57;7;2;2.406616204453808;0.7287362566821907;0.9452495574951172;0.9739633798599243;0.3347148895263672;0.306519091129303;0.24732792377471924;0.7320338487625122;0.4747330844402313;0.1991281658411026
57;7;3;1.1908332263286319;0.6836536510032589;0.9452495574951172;0.9739633798599243;0.3347148895263672;0.306519091129303;-0.48698705434799194;1.1530470848083496;0.5166523456573486;0.6730507612228394
58;7;1;2.7123608465102595;0.760022028968649;0.9508856534957886;0.974338710308075;0.32031458616256714;0.292764276266098;0.4103142321109772;0.8945465683937073;-0.09819380193948746;0.6017102599143982
58;7;2;2.4077372553325276;0.7189719828118539;0.9508856534957886;0.974338710308075;0.32031458616256714;0.292764276266098;0.250345379114151;0.7491546273231506;0.5001696348190308;0.1986175924539566
58;7;3;1.1913271273985995;0.6953199846961087;0.9508856534957886;0.974338710308075;0.32031458616256714;0.292764276266098;-0.49482759833335876;1.18451726436615;0.5318131446838379;0.6944913268089294
59;7;1;2.7163905263582775;0.7642561908788048;0.954911470413208;0.9756227731704712;0.3057670593261719;0.2783462703227997;0.4209706485271454;0.9100175499916077;-0.08614306896924973;0.6170010566711426
59;7;2;2.4161329598898877;0.7441662564433544;0.954911470413208;0.9756227731704712;0.3057670593261719;0.2783462703227997;0.2534260153770447;0.7661707997322083;0.5252635478973389;0.19731785356998444
59;7;3;1.168275894604557;0.7015038629743136;0.954911470413208;0.9756227731704712;0.3057670593261719;0.2783462703227997;-0.5025513172149658;1.2159167528152466;0.546685516834259;0.7155241370201111
60;7;1;2.730291728183224;0.7639902584374809;0.9581320285797119;0.9776723384857178;0.29064255952835083;0.26334333419799805;0.4333518147468567;0.9248868227005005;-0.07240674644708633;0.6308873891830444
60;7;2;2.4195873586448604;0.7557641280724701;0.9581320285797119;0.9776723384857178;0.29064255952835083;0.26334333419799805;0.2566399574279785;0.782925009727478;0.5505799055099487;0.19593991339206696
60;7;3;1.1692187649509291;0.7229569337186832;0.9581320285797119;0.9776723384857178;0.29064255952835083;0.26334333419799805;-0.5102843046188354;1.2471599578857422;0.5608938932418823;0.7356177568435669
61;7;1;2.7135410967303137;0.7821741770722852;0.9633655548095703;0.9797317385673523;0.2753274142742157;0.24809369444847107;0.44731593132019043;0.939122200012207;-0.05796753242611885;0.64312344789505
61;7;2;2.4417102678452327;0.7842905899756216;0.9633655548095703;0.9797317385673523;0.2753274142742157;0.24809369444847107;0.25993818044662476;0.7993165850639343;0.576317310333252;0.19523896276950836
61;7;3;1.149193066563174;0.7333687320615341;0.9633655548095703;0.9797317385673523;0.2753274142742157;0.24809369444847107;-0.5179959535598755;1.2781628370285034;0.5743426084518433;0.7546371221542358
62;7;1;2.7341451427506795;0.7781279464232096;0.9677938222885132;0.981657862663269;0.26045534014701843;0.2332221120595932;0.46251440048217773;0.9525367617607117;-0.04424981027841568;0.6543726325035095
62;7;2;2.461859394754164;0.7941100065531064;0.9677938222885132;0.981657862663269;0.26045534014701843;0.2332221120595932;0.2631455361843109;0.8153186440467834;0.6022704243659973;0.19588106870651245
62;7;3;1.1249642543648237;0.7411621691105279;0.9677938222885132;0.981657862663269;0.26045534014701843;0.2332221120595932;-0.5255017876625061;1.3088430166244507;0.5871716737747192;0.772780179977417
63;7;1;2.732681649470994;0.7775966563224745;0.9718196392059326;0.9829319715499878;0.24640174210071564;0.21958841383457184;0.47846719622612;0.9649299383163452;-0.03236069902777672;0.6657099723815918
63;7;2;2.4969592299747028;0.8002878798184856;0.9718196392059326;0.9829319715499878;0.24640174210071564;0.21958841383457184;0.2660495638847351;0.8309458494186401;0.6281353235244751;0.19807837903499603
63;7;3;1.1129481496608928;0.7466382823536271;0.9718196392059326;0.9829319715499878;0.24640174210071564;0.21958841383457184;-0.5325819849967957;1.3391202688217163;0.5995620489120483;0.7903028130531311
64;7;1;2.7413481854148998;0.7763049271303988;0.9750403165817261;0.984201192855835;0.23264305293560028;0.20709334313869476;0.4948452115058899;0.9763590097427368;-0.022935999557375908;0.6772263646125793
64;7;2;2.4752466182088533;0.8059936807822021;0.9750403165817261;0.984201192855835;0.23264305293560028;0.20709334313869476;0.2685416340827942;0.8462018370628357;0.653803825378418;0.20191387832164764
64;7;3;1.094392171535067;0.7641340776373742;0.9750403165817261;0.984201192855835;0.23264305293560028;0.20709334313869476;-0.5391634702682495;1.368923544883728;0.6115001440048218;0.8071858286857605
65;7;1;2.734110505645667;0.7787876969922713;0.9774556756019592;0.9857174158096313;0.2187497466802597;0.1949339509010315;0.511660099029541;0.9871124625205994;-0.015820717439055443;0.6875810623168945
65;7;2;2.4562964500878204;0.8079664666465023;0.9774556756019592;0.9857174158096313;0.2187497466802597;0.1949339509010315;0.2707598805427551;0.8609768748283386;0.6796972155570984;0.20770911872386932
65;7;3;1.0744615391675012;0.7702859679079719;0.9774556756019592;0.9857174158096313;0.2187497466802597;0.1949339509010315;-0.5453845262527466;1.3981953859329224;0.622743546962738;0.8230863809585571
66;7;1;2.740703445962289;0.7708281023152725;0.9798711538314819;0.9871891140937805;0.20475178956985474;0.18312762677669525;0.5288569927215576;0.9975157976150513;-0.010588360019028187;0.6957487463951111
66;7;2;2.441827136564461;0.8130172733908072;0.9798711538314819;0.9871891140937805;0.20475178956985474;0.18312762677669525;0.27284637093544006;0.8752214908599854;0.7060145139694214;0.2154589146375656
66;7;3;1.0764168102027263;0.7857497275641885;0.9798711538314819;0.9871891140937805;0.20475178956985474;0.18312762677669525;-0.55147784948349;1.426871657371521;0.6330083608627319;0.8376030325889587
67;7;1;2.7421420790255864;0.7690070807657134;0.9822866320610046;0.9887645244598389;0.19110533595085144;0.17211073637008667;0.5463312268257141;1.0078426599502563;-0.006380879785865545;0.7009480595588684
67;7;2;2.443933734300198;0.8301086550138157;0.9822866320610046;0.9887645244598389;0.19110533595085144;0.17211073637008667;0.2749914526939392;0.8888602256774902;0.7328376770019531;0.2251591980457306
67;7;3;0.9784795553528065;0.8022758221462452;0.9822866320610046;0.9887645244598389;0.19110533595085144;0.17211073637008667;-0.5576328039169312;1.4548770189285278;0.6421425342559814;0.850520670413971
68;7;1;2.739899573726632;0.7676193951720842;0.9867149591445923;0.9897423982620239;0.17764899134635925;0.16205079853534698;0.5638456344604492;1.018011212348938;-0.002360570477321744;0.7040626406669617
68;7;2;2.4785276096156412;0.8200677697364087;0.9867149591445923;0.9897423982620239;0.17764899134635925;0.16205079853534698;0.2772243022918701;0.9019336104393005;0.7596908807754517;0.23628941178321838
68;7;3;0.9711390103299218;0.8128362561098132;0.9867149591445923;0.9897423982620239;0.17764899134635925;0.16205079853534698;-0.5638582706451416;1.4821383953094482;0.65025395154953;0.8619920015335083
69;7;1;2.7576356748655177;0.7620708734945474;0.987520158290863;0.9906708598136902;0.16530589759349823;0.1533503383398056;0.5810603499412537;1.02788245677948;0.0019517183536663651;0.7065547108650208
69;7;2;2.4780002386685744;0.8318671800302466;0.987520158290863;0.9906708598136902;0.16530589759349823;0.1533503383398056;0.27946004271507263;0.9145662188529968;0.7857502698898315;0.24793049693107605
69;7;3;0.9617579637283251;0.8236431400341113;0.987520158290863;0.9906708598136902;0.16530589759349823;0.1533503383398056;-0.5700051188468933;1.5085972547531128;0.65762859582901;0.8724213242530823
70;7;1;2.7557335484537457;0.7604067971662758;0.989533007144928;0.9912338256835938;0.15450377762317657;0.14627987146377563;0.5977641344070435;1.0371215343475342;0.006591701414436102;0.710148811340332
70;7;2;2.4715122428221967;0.8269912710896978;0.989533007144928;0.9912338256835938;0.15450377762317657;0.14627987146377563;0.2816116213798523;0.9268540740013123;0.8103188276290894;0.25921276211738586
70;7;3;0.9441429252344458;0.8241698395070787;0.989533007144928;0.9912338256835938;0.15450377762317657;0.14627987146377563;-0.5758655071258545;1.5341969728469849;0.6645830273628235;0.8822563290596008
71;7;1;2.744776321096425;0.758063222623619;0.9911433458328247;0.9916882514953613;0.14489997923374176;0.14031749963760376;0.6137222051620483;1.0456702709197998;0.011881673708558083;0.7155798673629761
71;7;2;2.482227894024632;0.8297108823302644;0.9911433458328247;0.9916882514953613;0.14489997923374176;0.14031749963760376;0.283647358417511;0.9388402700424194;0.8330203890800476;0.2695651650428772
71;7;3;0.9305913284577247;0.8285734841439429;0.9911433458328247;0.9916882514953613;0.14489997923374176;0.14031749963760376;-0.5813345909118652;1.5588818788528442;0.6712834239006042;0.8917321562767029
72;7;1;2.727803452942994;0.7454501621638423;0.9923509955406189;0.991935133934021;0.13643333315849304;0.13522900640964508;0.6288728713989258;1.053684949874878;0.01812005043029785;0.7222455739974976
72;7;2;2.4464598936481963;0.8213875481879764;0.9923509955406189;0.991935133934021;0.13643333315849304;0.13522900640964508;0.2856435477733612;0.9504682421684265;0.853961169719696;0.2789805829524994
72;7;3;0.9251901493633428;0.8289209937415078;0.9923509955406189;0.991935133934021;0.13643333315849304;0.13522900640964508;-0.5864862203598022;1.5825940370559692;0.6776804327964783;0.9007788896560669
73;7;1;2.727590144823589;0.7421367775655296;0.9927536249160767;0.9922957420349121;0.12945157289505005;0.1309308260679245;0.6431714296340942;1.0614327192306519;0.025486135855317116;0.7289900183677673
73;7;2;2.4218940986036843;0.8175654673140063;0.9927536249160767;0.9922957420349121;0.12945157289505005;0.1309308260679245;0.2877059876918793;0.9616312384605408;0.8735084533691406;0.2877875864505768
73;7;3;0.9237015977742944;0.8301578239951146;0.9927536249160767;0.9922957420349121;0.12945157289505005;0.1309308260679245;-0.5914823412895203;1.6052786111831665;0.6836174130439758;0.9091750383377075
74;7;1;2.7204314644464747;0.7454083503855227;0.9935587644577026;0.992443859577179;0.12386167049407959;0.1271999627351761;0.6565846800804138;1.0691105127334595;0.03389785438776016;0.734960675239563
74;7;2;2.400731690935465;0.8057360432508007;0.9935587644577026;0.992443859577179;0.12386167049407959;0.1271999627351761;0.28985121846199036;0.9722663760185242;0.8919401168823242;0.2962658107280731
74;7;3;0.9324808990651947;0.8265154151493326;0.9935587644577026;0.992443859577179;0.12386167049407959;0.1271999627351761;-0.5964260101318359;1.6269034147262573;0.6889838576316833;0.9167643189430237
75;7;1;2.7240904312088556;0.7389443526952375;0.9939613938331604;0.9925475716590881;0.11958760768175125;0.12408702075481415;0.6690711379051208;1.076737403869629;0.04300525411963463;0.7399691343307495
75;7;2;2.3820246072304627;0.806163197984187;0.9939613938331604;0.9925475716590881;0.11958760768175125;0.12408702075481415;0.29203885793685913;0.9823406338691711;0.9094144105911255;0.30458909273147583
75;7;3;0.915622017100274;0.8215058888571349;0.9939613938331604;0.9925475716590881;0.11958760768175125;0.12408702075481415;-0.6012849807739258;1.6474671363830566;0.6937931180000305;0.9235656261444092
76;7;1;2.7364669919992464;0.743737293008059;0.9939613342285156;0.9926857948303223;0.11654701083898544;0.12154232710599899;0.6805155277252197;1.0841970443725586;0.05214691162109375;0.7445880174636841
76;7;2;2.3660946300121344;0.7984725166155338;0.9939613342285156;0.9926857948303223;0.11654701083898544;0.12154232710599899;0.2941776216030121;0.9918664693832397;0.9259349703788757;0.3127478063106537
76;7;3;0.9109310755054043;0.8251770233980755;0.9939613342285156;0.9926857948303223;0.11654701083898544;0.12154232710599899;-0.6059165000915527;1.6669961214065552;0.6981622576713562;0.92974454164505
77;7;1;2.7412917625792073;0.7440127028817987;0.9943639039993286;0.9929920434951782;0.11444664001464844;0.1195855587720871;0.6907947659492493;1.0913898944854736;0.06084764003753662;0.7494012713432312
77;7;2;2.335300823938608;0.7958437340102353;0.9943639039993286;0.9929920434951782;0.11444664001464844;0.1195855587720871;0.296195924282074;1.0008612871170044;0.9414989352226257;0.3206981420516968
77;7;3;0.9052599280939662;0.8258670048581755;0.9943639039993286;0.9929920434951782;0.11444664001464844;0.1195855587720871;-0.6101803183555603;1.685524582862854;0.7022124528884888;0.9354723691940308
78;7;1;2.729998198777314;0.7450480544070528;0.9943639039993286;0.9930710196495056;0.11285670101642609;0.11782289296388626;0.699944019317627;1.0983293056488037;0.06916862726211548;0.7542755007743835
78;7;2;2.327989050063315;0.7913253088025431;0.9943639039993286;0.9930710196495056;0.11285670101642609;0.11782289296388626;0.2980712056159973;1.0093351602554321;0.9561722278594971;0.32847118377685547
78;7;3;0.8920935355795816;0.8286781428178358;0.9943639039993286;0.9930710196495056;0.11285670101642609;0.11782289296388626;-0.6140432357788086;1.703079104423523;0.7059844136238098;0.9408067464828491
79;7;1;2.7324533752577036;0.745569439593667;0.9943639039993286;0.9931055903434753;0.11128267645835876;0.11607789993286133;0.7080376744270325;1.1051074266433716;0.07702579349279404;0.758743405342102
79;7;2;2.316975498038911;0.7978718203070487;0.9943639039993286;0.9931055903434753;0.11128267645835876;0.11607789993286133;0.29985517263412476;1.017268419265747;0.9701263308525085;0.3362126052379608
79;7;3;0.8746992939485656;0.8181826283815781;0.9943639039993286;0.9931055903434753;0.11128267645835876;0.11607789993286133;-0.6175816655158997;1.7196732759475708;0.709442138671875;0.9456967115402222
80;7;1;2.741917053642661;0.7432942129186575;0.9943639039993286;0.9932191967964172;0.1095166876912117;0.11435703188180923;0.7152218222618103;1.1118454933166504;0.08448826521635056;0.7620036602020264
80;7;2;2.322923011257683;0.7944163373865392;0.9943639039993286;0.9932191967964172;0.1095166876912117;0.11435703188180923;0.30169785022735596;1.024592399597168;0.9836130142211914;0.34421080350875854
80;7;3;0.8750455854759203;0.8142593580759647;0.9943639039993286;0.9932191967964172;0.1095166876912117;0.11435703188180923;-0.6209192276000977;1.7353143692016602;0.7125301361083984;0.9500637650489807
81;7;1;2.7513380035486126;0.7437719344557765;0.9943639039993286;0.9932982325553894;0.10763894766569138;0.11267245560884476;0.7215818762779236;1.118554949760437;0.09174561500549316;0.7640255093574524
81;7;2;2.3365247393045463;0.8015515843470018;0.9943639039993286;0.9932982325553894;0.10763894766569138;0.11267245560884476;0.30364271998405457;1.0313286781311035;0.996627688407898;0.35238224267959595
81;7;3;0.8671405606895721;0.8107575985252131;0.9943639039993286;0.9932982325553894;0.10763894766569138;0.11267245560884476;-0.6241154670715332;1.7500200271606445;0.7152624130249023;0.9539278149604797
82;7;1;2.7476516984460977;0.7368720084439015;0.9943639039993286;0.9933822154998779;0.10588470101356506;0.11105348914861679;0.7272164225578308;1.1250929832458496;0.09923558682203293;0.7653929591178894
82;7;2;2.359628311870094;0.8082955017236761;0.9943639039993286;0.9933822154998779;0.10588470101356506;0.11105348914861679;0.30566513538360596;1.03755784034729;1.0089738368988037;0.3603849411010742
82;7;3;0.8595679609515265;0.7989106776076844;0.9943639039993286;0.9933822154998779;0.10588470101356506;0.11105348914861679;-0.6271345019340515;1.7638274431228638;0.7177364826202393;0.9574266672134399
83;7;1;2.7658478419677452;0.7401179538880758;0.9943639636039734;0.9935007095336914;0.10460969805717468;0.10958574712276459;0.732128381729126;1.1312624216079712;0.1069709062576294;0.7672003507614136
83;7;2;2.3872987283801193;0.8100679036572336;0.9943639636039734;0.9935007095336914;0.10460969805717468;0.10958574712276459;0.3077068626880646;1.0433814525604248;1.0203965902328491;0.36779555678367615
83;7;3;0.8631368228290137;0.8036463311591842;0.9943639636039734;0.9935007095336914;0.10460969805717468;0.10958574712276459;-0.6298794746398926;1.7767895460128784;0.7200904488563538;0.9607557058334351
84;7;1;2.7798238201047614;0.7402642168629745;0.9943639636039734;0.9936192631721497;0.10395264625549316;0.10832866281270981;0.7364190220832825;1.1368939876556396;0.114984892308712;0.7701644897460938
84;7;2;2.4048523210802637;0.8127045805638282;0.9943639636039734;0.9936192631721497;0.10395264625549316;0.10832866281270981;0.3097054362297058;1.048893690109253;1.030713438987732;0.37428775429725647
84;7;3;0.8601049033040633;0.8079430904477185;0.9943639636039734;0.9936192631721497;0.10395264625549316;0.10832866281270981;-0.6323053240776062;1.7889525890350342;0.7224069833755493;0.9640318155288696
85;7;1;2.7780223073219537;0.7406697084817955;0.9943639636039734;0.9937279224395752;0.1039007380604744;0.10713410377502441;0.7402023673057556;1.142011284828186;0.12329335510730743;0.7740566730499268
85;7;2;2.418571400694427;0.8213984374352812;0.9943639636039734;0.9937279224395752;0.1039007380604744;0.10713410377502441;0.31168133020401;1.054104208946228;1.0400149822235107;0.3799067735671997
85;7;3;0.8640198065936175;0.8111428283544386;0.9943639636039734;0.9937279224395752;0.1039007380604744;0.10713410377502441;-0.6344767808914185;1.8003469705581665;0.7246665358543396;0.9672272801399231
86;7;1;2.793657296706334;0.7357264904600642;0.9943639039993286;0.9938217401504517;0.10448014736175537;0.10600992292165756;0.743659496307373;1.1467163562774658;0.13188715279102325;0.7780507206916809
86;7;2;2.428140848716751;0.8168243153071986;0.9943639039993286;0.9938217401504517;0.10448014736175537;0.10600992292165756;0.3137143552303314;1.0589649677276611;1.0485544204711914;0.3849675953388214
86;7;3;0.8626935154177264;0.8145515748897205;0.9943639039993286;0.9938217401504517;0.10448014736175537;0.10600992292165756;-0.6365198493003845;1.8109945058822632;0.7267886400222778;0.970228374004364
87;7;1;2.795831494822778;0.7453459612986615;0.9939613342285156;0.9939155578613281;0.10572903603315353;0.10495001077651978;0.7469315528869629;1.1510895490646362;0.14063972234725952;0.7815448045730591
87;7;2;2.4606268397691506;0.8215691633506657;0.9939613342285156;0.9939155578613281;0.10572903603315353;0.10495001077651978;0.31581759452819824;1.063455581665039;1.0565361976623535;0.3897203505039215
87;7;3;0.8596325293042115;0.8143106226650536;0.9939613342285156;0.9939155578613281;0.10572903603315353;0.10495001077651978;-0.6385105848312378;1.8209296464920044;0.7287179827690125;0.9729568958282471
88;7;1;2.7955275183450574;0.7400841837444458;0.9939613342285156;0.9939451813697815;0.10746517032384872;0.1039850041270256;0.750087559223175;1.1551045179367065;0.1492750644683838;0.7846062183380127
88;7;2;2.4831704002909314;0.8167682919519157;0.9939613342285156;0.9939451813697815;0.10746517032384872;0.1039850041270256;0.3179214298725128;1.0676074028015137;1.0640281438827515;0.3942320942878723
88;7;3;0.8642988274330508;0.8174727169947293;0.9939613342285156;0.9939451813697815;0.10746517032384872;0.1039850041270256;-0.6404190063476562;1.8302080631256104;0.7304683923721313;0.9754323363304138
89;7;1;2.8022116648832887;0.7451047573518279;0.9939613938331604;0.9939649105072021;0.10931655764579773;0.10319036990404129;0.7531237602233887;1.1587035655975342;0.15737104415893555;0.7876911759376526
89;7;2;2.503803368741125;0.8299578241459447;0.9939613938331604;0.9939649105072021;0.10931655764579773;0.10319036990404129;0.31990954279899597;1.071484923362732;1.0710079669952393;0.39844852685928345
89;7;3;0.8605147493046248;0.8167708396346613;0.9939613938331604;0.9939649105072021;0.10931655764579773;0.10319036990404129;-0.6421608924865723;1.8388944864273071;0.7320898175239563;0.9777253866195679
90;7;1;2.812359371437961;0.7440543717229176;0.9939613938331604;0.9939699172973633;0.11092440038919449;0.1025833860039711;0.7561013102531433;1.1618596315383911;0.16469649970531464;0.7908565998077393
90;7;2;2.5118332884533583;0.8286423685639832;0.9939613938331604;0.9939699172973633;0.11092440038919449;0.1025833860039711;0.32172834873199463;1.0751144886016846;1.0775413513183594;0.40242889523506165
90;7;3;0.8526622533752901;0.8140040957955792;0.9939613938331604;0.9939699172973633;0.11092440038919449;0.1025833860039711;-0.6437070965766907;1.8470393419265747;0.7335968017578125;0.979856550693512
91;7;1;2.828323018775828;0.7471894503358474;0.9939613938331604;0.993955135345459;0.11191240698099136;0.10205595195293427;0.7590839266777039;1.1646430492401123;0.17113111913204193;0.793883740901947
91;7;2;2.5262657442723917;0.8286249480599306;0.9939613938331604;0.993955135345459;0.11191240698099136;0.10205595195293427;0.3232835829257965;1.078551173210144;1.0836741924285889;0.40618395805358887
91;7;3;0.8567781493271331;0.8264812426580872;0.9939613938331604;0.993955135345459;0.11191240698099136;0.10205595195293427;-0.6451228857040405;1.854668140411377;0.7349478602409363;0.9817672371864319
92;7;1;2.828123895987411;0.7474140641536531;0.9939613938331604;0.99402916431427;0.11227774620056152;0.10160105675458908;0.7622325420379639;1.1671584844589233;0.17689871788024902;0.7959153652191162
92;7;2;2.532025007382159;0.8299802427330967;0.9939613938331604;0.99402916431427;0.11227774620056152;0.10160105675458908;0.3246687948703766;1.081744909286499;1.0896129608154297;0.40997499227523804
92;7;3;0.8578384782190902;0.8311358370045931;0.9939613938331604;0.99402916431427;0.11227774620056152;0.10160105675458908;-0.646536111831665;1.8617885112762451;0.7360706925392151;0.9833551645278931
93;7;1;2.8370103921593106;0.7501226147907998;0.9939613938331604;0.9940587878227234;0.11216893792152405;0.10117803514003754;0.7655993700027466;1.1694445610046387;0.18204371631145477;0.7967658042907715
93;7;2;2.538573025602693;0.8308257737545262;0.9939613938331604;0.9940587878227234;0.11216893792152405;0.10117803514003754;0.3259331285953522;1.0846891403198242;1.0954182147979736;0.4138548672199249
93;7;3;0.8640541283636116;0.8333727017075581;0.9939613938331604;0.9940587878227234;0.11216893792152405;0.10117803514003754;-0.6480014324188232;1.8684186935424805;0.7369541525840759;0.9846045970916748
94;7;1;2.8321834736246734;0.74745944324094;0.9939613938331604;0.9940983057022095;0.11166934669017792;0.10075090080499649;0.7691329121589661;1.171427607536316;0.18666230142116547;0.7970229983329773
94;7;2;2.534373819810207;0.8316710612615488;0.9939613938331604;0.9940983057022095;0.11166934669017792;0.10075090080499649;0.32705262303352356;1.0874377489089966;1.100967288017273;0.41763192415237427
94;7;3;0.8534866866221655;0.8215316225924791;0.9939613938331604;0.9940983057022095;0.11166934669017792;0.10075090080499649;-0.649457573890686;1.8745989799499512;0.7376713752746582;0.9856188893318176
95;7;1;2.8548957478942096;0.7440312101505597;0.9939613938331604;0.9941130876541138;0.110947385430336;0.10035256296396255;0.77275550365448;1.1729832887649536;0.1908525675535202;0.7975659370422363
95;7;2;2.543982540970113;0.825008150399289;0.9939613938331604;0.9941130876541138;0.110947385430336;0.10035256296396255;0.3279740810394287;1.0900681018829346;1.1060700416564941;0.42101940512657166
95;7;3;0.8503833966745349;0.8203034262872193;0.9939613938331604;0.9941130876541138;0.110947385430336;0.10035256296396255;-0.6507995128631592;1.8803768157958984;0.7383241653442383;0.9865421056747437
96;7;1;2.8556001052600273;0.7469811898962906;0.9939613938331604;0.9941921234130859;0.11026252806186676;0.09998301416635513;0.7764266729354858;1.1740647554397583;0.1947297304868698;0.7988200783729553
96;7;2;2.557551481348682;0.8250647836415421;0.9939613938331604;0.9941921234130859;0.11026252806186676;0.09998301416635513;0.32868942618370056;1.0926225185394287;1.1106370687484741;0.4238607883453369
96;7;3;0.8519739084078388;0.8211837774742627;0.9939613938331604;0.9941921234130859;0.11026252806186676;0.09998301416635513;-0.6519896984100342;1.8857847452163696;0.7389645576477051;0.9874477386474609
97;7;1;2.8630557551050435;0.7456756339628621;0.9939613938331604;0.9942069053649902;0.10972630977630615;0.09960383176803589;0.7801740765571594;1.1747384071350098;0.19844014942646027;0.8005077242851257
97;7;2;2.5603226165736768;0.8247936953361164;0.9939613938331604;0.9942069053649902;0.10972630977630615;0.09960383176803589;0.32925722002983093;1.0950899124145508;1.1147302389144897;0.42622116208076477
97;7;3;0.8519739084078388;0.8211837774742627;0.9939613938331604;0.9942069053649902;0.10972630977630615;0.09960383176803589;-0.6530937552452087;1.8908342123031616;0.7395694255828857;0.9883031249046326
98;7;1;2.860862761243074;0.745446200366227;0.9939613938331604;0.994266152381897;0.10942187905311584;0.09922175854444504;0.7840258479118347;1.1751341819763184;0.20209112763404846;0.8020621538162231
98;7;2;2.5659976654539376;0.8244188462699311;0.9939613938331604;0.994266152381897;0.10942187905311584;0.09922175854444504;0.32975509762763977;1.0974340438842773;1.1184871196746826;0.42827314138412476
98;7;3;0.8496104730600651;0.8205086645110908;0.9939613938331604;0.994266152381897;0.10942187905311584;0.09922175854444504;-0.6542099714279175;1.89552903175354;0.7400859594345093;0.9890336394309998
99;7;1;2.8644384217748264;0.7509314349094707;0.9939613938331604;0.9942958354949951;0.10932208597660065;0.09883991628885269;0.7879659533500671;1.1753371953964233;0.20569956302642822;0.8032418489456177
99;7;2;2.573064099673103;0.8251474844758011;0.9939613938331604;0.9942958354949951;0.10932208597660065;0.09883991628885269;0.330211877822876;1.0996438264846802;1.1219871044158936;0.4301190972328186
99;7;3;0.8567232326506362;0.8231444897755864;0.9939613938331604;0.9942958354949951;0.10932208597660065;0.09883991628885269;-0.6553723812103271;1.8998883962631226;0.7404957413673401;0.9896131157875061
100;7;1;2.863875953305252;0.7509314349094707;0.9939613938331604;0.9943008422851562;0.109320729970932;0.09845292568206787;0.7919313311576843;1.1753513813018799;0.20915637910366058;0.8043036460876465
100;7;2;2.5755152122303073;0.8233217223144971;0.9939613938331604;0.9943008422851562;0.109320729970932;0.09845292568206787;0.3305954337120056;1.1017441749572754;1.1252187490463257;0.4317387342453003
100;7;3;0.853858043480459;0.8235122641338886;0.9939613938331604;0.9943008422851562;0.109320729970932;0.09845292568206787;-0.6565278172492981;1.9039500951766968;0.7408309578895569;0.9900872111320496
101;7;1;2.869186808378747;0.7492918595407483;0.9939613938331604;0.9943501949310303;0.10931697487831116;0.09809648245573044;0.795836865901947;1.1751729249954224;0.21230487525463104;0.8056033849716187
101;7;2;2.5737902890050215;0.8227596293174457;0.9939613938331604;0.9943501949310303;0.10931697487831116;0.09809648245573044;0.330861359834671;1.103765845298767;1.128156304359436;0.4330899119377136
101;7;3;0.8529387192181197;0.8190645268213195;0.9939613938331604;0.9943501949310303;0.10931697487831116;0.09809648245573044;-0.6576042771339417;1.9077553749084473;0.7411338090896606;0.9905154705047607
102;7;1;2.8609148856347684;0.7392741624045458;0.9939613938331604;0.9944291710853577;0.10920871794223785;0.09776946902275085;0.7996300458908081;1.1748580932617188;0.21506094932556152;0.8071184158325195
102;7;2;2.5606317898888236;0.822885766549696;0.9939613938331604;0.9944291710853577;0.10920871794223785;0.09776946902275085;0.3310118019580841;1.1057093143463135;1.1308493614196777;0.4342377185821533
102;7;3;0.8483422343507527;0.82194635232133;0.9939613938331604;0.9944291710853577;0.10920871794223785;0.09776946902275085;-0.6585915088653564;1.911329746246338;0.7414083480834961;0.9909037351608276
103;7;1;2.872348576677531;0.7386355430696705;0.9939613938331604;0.9944638013839722;0.10891616344451904;0.09746289998292923;0.8033025860786438;1.1745238304138184;0.21742963790893555;0.8084110617637634
103;7;2;2.5703103700310326;0.822993475763691;0.9939613938331604;0.9944638013839722;0.10891616344451904;0.09746289998292923;0.33110129833221436;1.107541561126709;1.1334233283996582;0.43535298109054565
103;7;3;0.8555787356791473;0.823660518553492;0.9939613938331604;0.9944638013839722;0.10891616344451904;0.09746289998292923;-0.6595473885536194;1.9146816730499268;0.7416192889213562;0.9912020564079285
104;7;1;2.872330207921931;0.7354103133181065;0.9939613938331604;0.9944637417793274;0.10843448340892792;0.0971832275390625;0.8068496584892273;1.1742699146270752;0.21947097778320312;0.8091093301773071
104;7;2;2.566053665889152;0.823983801032429;0.9939613938331604;0.9944637417793274;0.10843448340892792;0.0971832275390625;0.3311856985092163;1.109235405921936;1.135974407196045;0.43657130002975464
104;7;3;0.8617476897764149;0.8271205127092247;0.9939613938331604;0.9944637417793274;0.10843448340892792;0.0971832275390625;-0.6605298519134521;1.917816162109375;0.7417365908622742;0.9913679361343384
105;7;1;2.8860234648185106;0.736354682630397;0.9939613342285156;0.9945032596588135;0.10779944807291031;0.09691792726516724;0.8102373480796814;1.1741092205047607;0.22123515605926514;0.8093045949935913
105;7;2;2.5719258816348534;0.8200379769822739;0.9939613342285156;0.9945032596588135;0.10779944807291031;0.09691792726516724;0.33127760887145996;1.1107999086380005;1.1384928226470947;0.4378785192966461
105;7;3;0.8621751545677316;0.8273385373165842;0.9939613342285156;0.9945032596588135;0.10779944807291031;0.09691792726516724;-0.6615341901779175;1.9207494258880615;0.7417746782302856;0.9914218187332153
106;7;1;2.8774609732505025;0.7381622575793454;0.9939613938331604;0.9945477247238159;0.10710474103689194;0.09666867554187775;0.8134064078330994;1.173987865447998;0.22274868190288544;0.8094655275344849
106;7;2;2.5650276079678367;0.8211094723766754;0.9939613938331604;0.9945477247238159;0.10710474103689194;0.09666867554187775;0.33135226368904114;1.1122736930847168;1.1408872604370117;0.43913114070892334
106;7;3;0.8604972153301729;0.8256992193560961;0.9939613938331604;0.9945477247238159;0.10710474103689194;0.09666867554187775;-0.6625024676322937;1.9235076904296875;0.7417841553688049;0.9914352297782898
107;7;1;2.8791999204822556;0.7310228021239205;0.9939613938331604;0.9945773482322693;0.10648223757743835;0.09642968326807022;0.8163387179374695;1.1738344430923462;0.2241116315126419;0.8099572062492371
107;7;2;2.561904781979398;0.8153438463886031;0.9939613938331604;0.9945773482322693;0.10648223757743835;0.09642968326807022;0.3313974440097809;1.1136846542358398;1.143087387084961;0.4402123987674713
107;7;3;0.863191005244194;0.8260472416317599;0.9939613938331604;0.9945773482322693;0.10648223757743835;0.09642968326807022;-0.6633862257003784;1.9261133670806885;0.7418094873428345;0.9914710521697998
108;7;1;2.87315403198496;0.733420488302782;0.9939613938331604;0.9945970773696899;0.10600247979164124;0.09620726853609085;0.8189979791641235;1.1736658811569214;0.22534160315990448;0.8108870387077332
108;7;2;2.535772352350234;0.8173378020681907;0.9939613938331604;0.9945970773696899;0.10600247979164124;0.09620726853609085;0.331424355506897;1.1150444746017456;1.1450732946395874;0.4410799443721771
108;7;3;0.86716774957981;0.8259302098308492;0.9939613938331604;0.9945970773696899;0.10600247979164124;0.09620726853609085;-0.6641917824745178;1.928575038909912;0.7418586015701294;0.9915405511856079
109;7;1;2.869539540578514;0.7331871911210461;0.9939613938331604;0.9945971369743347;0.10570134967565536;0.09602188318967819;0.8214171528816223;1.173532247543335;0.22656956315040588;0.8119516968727112
109;7;2;2.5184684693876402;0.8190044595783359;0.9939613938331604;0.9945971369743347;0.10570134967565536;0.09602188318967819;0.3314768373966217;1.1163362264633179;1.146899938583374;0.4418078660964966
109;7;3;0.8663987030759683;0.8258164778536212;0.9939613938331604;0.9945971369743347;0.10570134967565536;0.09602188318967819;-0.6649765968322754;1.9308899641036987;0.7419040203094482;0.991604745388031
110;7;1;2.8788588290885144;0.7355685529013769;0.9939613938331604;0.9945970773696899;0.10563017427921295;0.09584878385066986;0.823625385761261;1.1734790802001953;0.22787132859230042;0.8128878474235535
110;7;2;2.515373953336905;0.8126961792287366;0.9939613938331604;0.9945970773696899;0.10563017427921295;0.09584878385066986;0.3315870463848114;1.117545485496521;1.1486213207244873;0.4424722194671631
110;7;3;0.863515575715585;0.8235396225330316;0.9939613938331604;0.9945970773696899;0.10563017427921295;0.09584878385066986;-0.6657871007919312;1.933057188987732;0.741921067237854;0.991628885269165
111;7;1;2.880863923559877;0.7333124796193742;0.9939613938331604;0.9946020841598511;0.10575251281261444;0.09567387402057648;0.8256258964538574;1.1735000610351562;0.22923777997493744;0.8137466907501221
111;7;2;2.5130708397840733;0.8101180522023697;0.9939613938331604;0.9946020841598511;0.10575251281261444;0.09567387402057648;0.33174413442611694;1.1186820268630981;1.1502364873886108;0.44306549429893494
111;7;3;0.8632297971084144;0.8237288985003031;0.9939613938331604;0.9946020841598511;0.10575251281261444;0.09567387402057648;-0.666612982749939;1.9350892305374146;0.7419160008430481;0.9916216731071472
112;7;1;2.880664139035755;0.7333452786763681;0.9939613938331604;0.9945921897888184;0.10601118952035904;0.09549965709447861;0.8274030089378357;1.1735562086105347;0.23059199750423431;0.8147875666618347
112;7;2;2.4840301557172246;0.8128846347201009;0.9939613938331604;0.9945921897888184;0.10601118952035904;0.09549965709447861;0.3319092392921448;1.119771122932434;1.1517093181610107;0.44352588057518005
112;7;3;0.8635050668865452;0.820116014496294;0.9939613938331604;0.9945921897888184;0.10601118952035904;0.09549965709447861;-0.667406439781189;1.9370075464248657;0.7419152855873108;0.9916207194328308
113;7;1;2.878797551486639;0.7356011850297683;0.9939613938331604;0.9946020245552063;0.1063423678278923;0.0953390970826149;0.8289495706558228;1.1736465692520142;0.23182587325572968;0.8159955739974976
113;7;2;2.4689121271316825;0.8121039611648895;0.9939613938331604;0.9946020245552063;0.1063423678278923;0.0953390970826149;0.33210232853889465;1.1207908391952515;1.1531038284301758;0.44394734501838684
113;7;3;0.860995112506088;0.8204068728138609;0.9939613938331604;0.9946020245552063;0.1063423678278923;0.0953390970826149;-0.6681389808654785;1.938828706741333;0.7419317960739136;0.991644024848938
114;7;1;2.887713900909313;0.7327853597481662;0.9939613938331604;0.9946316480636597;0.10663910955190659;0.0951933041214943;0.8302925229072571;1.1738063097000122;0.2329089641571045;0.8170161843299866
114;7;2;2.4685237438809864;0.8187529493567567;0.9939613938331604;0.9946316480636597;0.10663910955190659;0.0951933041214943;0.3324548006057739;1.1216601133346558;1.1545711755752563;0.4445528984069824
114;7;3;0.8612140803365209;0.8201507860698518;0.9939613938331604;0.9946316480636597;0.10663910955190659;0.0951933041214943;-0.6688188314437866;1.9405592679977417;0.741956889629364;0.9916795492172241
115;7;1;2.887133616574621;0.7349219366207942;0.9939613938331604;0.9946366548538208;0.10695617645978928;0.09503979235887527;0.8314470648765564;1.1740257740020752;0.2338099479675293;0.8178945779800415
115;7;2;2.456074381381799;0.8170280024917869;0.9939613938331604;0.9946366548538208;0.10695617645978928;0.09503979235887527;0.33293962478637695;1.1223950386047363;1.156102180480957;0.44532138109207153
115;7;3;0.8612140803365209;0.8201507860698518;0.9939613938331604;0.9946366548538208;0.10695617645978928;0.09503979235887527;-0.6694411039352417;1.9422084093093872;0.7419918179512024;0.9917289018630981
116;7;1;2.8863413459944027;0.7347853221136678;0.9939613938331604;0.9946563243865967;0.10726688802242279;0.09487352520227432;0.8324347734451294;1.1742836236953735;0.23453107476234436;0.8186984062194824
116;7;2;2.450027448537284;0.8172980976414017;0.9939613938331604;0.9946563243865967;0.10726688802242279;0.09487352520227432;0.33353057503700256;1.1230144500732422;1.1576768159866333;0.44621482491493225
116;7;3;0.8581530942230051;0.8201507860698518;0.9939613938331604;0.9946563243865967;0.10726688802242279;0.09487352520227432;-0.6700021028518677;1.9437828063964844;0.7420397400856018;0.9917966723442078
117;7;1;2.8852498901075467;0.7378674873865352;0.9939613938331604;0.9947057366371155;0.1075659692287445;0.09470567107200623;0.8332986831665039;1.1745260953903198;0.23517628014087677;0.819682240486145
117;7;2;2.4404821457615355;0.8170005572966499;0.9939613938331604;0.9947057366371155;0.1075659692287445;0.09470567107200623;0.3340744972229004;1.1236140727996826;1.1591569185256958;0.4470192492008209
117;7;3;0.8564296483276346;0.8206666845158317;0.9939613938331604;0.9947057366371155;0.1075659692287445;0.09470567107200623;-0.670508086681366;1.9452862739562988;0.7420994639396667;0.9918811917304993
118;7;1;2.8901753398053955;0.7347875164808615;0.9939613938331604;0.9947452545166016;0.10778380930423737;0.09455575048923492;0.8340844511985779;1.1747797727584839;0.23581372201442719;0.8205934166908264
118;7;2;2.443671707117762;0.8109536890321714;0.9939613938331604;0.9947452545166016;0.10778380930423737;0.09455575048923492;0.3345986604690552;1.1241790056228638;1.160590410232544;0.44780319929122925
118;7;3;0.8564296483276346;0.8206666845158317;0.9939613938331604;0.9947452545166016;0.10778380930423737;0.09455575048923492;-0.6710052490234375;1.9467127323150635;0.7421463131904602;0.9919474124908447
119;7;1;2.8895144420679175;0.7348204841831372;0.9939613938331604;0.9947353601455688;0.10795522481203079;0.09441608935594559;0.8348280191421509;1.1750624179840088;0.23649285733699799;0.8212494254112244
119;7;2;2.4439878359341405;0.8097285236373226;0.9939613938331604;0.9947353601455688;0.10795522481203079;0.09441608935594559;0.335123211145401;1.1246989965438843;1.1620116233825684;0.44861704111099243
119;7;3;0.8617716050814401;0.8242831017290524;0.9939613938331604;0.9947353601455688;0.10795522481203079;0.09441608935594559;-0.6715270280838013;1.9480587244033813;0.7421631813049316;0.9919712543487549
120;7;1;2.8875267264927533;0.7376619610066495;0.9939613938331604;0.9947649836540222;0.10810887068510056;0.09428126364946365;0.8355361819267273;1.1753469705581665;0.2372075617313385;0.82176274061203
120;7;2;2.430625777477813;0.8110795579430938;0.9939613938331604;0.9947649836540222;0.10810887068510056;0.09428126364946365;0.3356357514858246;1.1251860857009888;1.1633999347686768;0.44942507147789
120;7;3;0.8596929090002856;0.8249208275894242;0.9939613938331604;0.9947649836540222;0.10810887068510056;0.09428126364946365;-0.6720592379570007;1.9493321180343628;0.7421610355377197;0.9919682145118713
121;7;1;2.880908916700837;0.737973327553469;0.9939613938331604;0.9947600960731506;0.10828958451747894;0.09415242075920105;0.8361988067626953;1.1755826473236084;0.23791451752185822;0.8224136829376221
121;7;2;2.4262766359316865;0.8192608338486771;0.9939613938331604;0.9947600960731506;0.10828958451747894;0.09415242075920105;0.3361016809940338;1.1256663799285889;1.1647019386291504;0.4501390755176544
121;7;3;0.8590077538429846;0.8252691105405017;0.9939613938331604;0.9947600960731506;0.10828958451747894;0.09415242075920105;-0.6725601553916931;1.950547218322754;0.74216628074646;0.9919756650924683
122;7;1;2.8819200726856673;0.7379691833416961;0.9939613938331604;0.9947699308395386;0.10854098945856094;0.09403067827224731;0.836817741394043;1.1757279634475708;0.23861265182495117;0.8234767317771912
122;7;2;2.4194555733923746;0.8190420233263964;0.9939613938331604;0.9947699308395386;0.10854098945856094;0.09403067827224731;0.33645370602607727;1.1261911392211914;1.165823221206665;0.45061221718788147
122;7;3;0.8590077538429846;0.8252691105405017;0.9939613938331604;0.9947699308395386;0.10854098945856094;0.09403067827224731;-0.6730086207389832;1.9517135620117188;0.7421912550926208;0.9920109510421753
123;7;1;2.8827391580260224;0.7385213881110575;0.9939613938331604;0.9947946667671204;0.10892874747514725;0.09390418231487274;0.8374218940734863;1.1758396625518799;0.23927490413188934;0.8245339393615723
123;7;2;2.420179511437958;0.8190223149660376;0.9939613938331604;0.9947946667671204;0.10892874747514725;0.09390418231487274;0.3367691934108734;1.1266993284225464;1.1669044494628906;0.4510594308376312
123;7;3;0.8593579893690286;0.8233875740350092;0.9939613938331604;0.9947946667671204;0.10892874747514725;0.09390418231487274;-0.6734399199485779;1.9528276920318604;0.7422121167182922;0.9920404553413391
124;7;1;2.8968853694854086;0.7409145422375625;0.9943639636039734;0.994789719581604;0.1093442291021347;0.09378393739461899;0.8380399942398071;1.1759535074234009;0.23991237580776215;0.8253529071807861
124;7;2;2.4128852178986726;0.8193350272860727;0.9943639636039734;0.994789719581604;0.1093442291021347;0.09378393739461899;0.3370663523674011;1.1271759271621704;1.1679954528808594;0.45155975222587585
124;7;3;0.8593579893690286;0.8233875740350092;0.9943639636039734;0.994789719581604;0.1093442291021347;0.09378393739461899;-0.6738877296447754;1.9538860321044922;0.7422064542770386;0.9920324683189392
125;7;1;2.894579800460738;0.7396226442688301;0.9943639636039734;0.9948045611381531;0.10971904546022415;0.09366538375616074;0.8386797308921814;1.1760677099227905;0.24051228165626526;0.8259334564208984
125;7;2;2.4099860266594355;0.8285539033066147;0.9943639636039734;0.9948045611381531;0.10971904546022415;0.09366538375616074;0.33734026551246643;1.1276243925094604;1.1690995693206787;0.45211711525917053
125;7;3;0.8593579893690286;0.8233875740350092;0.9943639636039734;0.9948045611381531;0.10971904546022415;0.09366538375616074;-0.6743502616882324;1.9548933506011963;0.7421739101409912;0.9919864535331726
126;7;1;2.899112970764289;0.741895965356866;0.9943639636039734;0.9948391318321228;0.11001193523406982;0.09354814887046814;0.8393306136131287;1.1761515140533447;0.24104690551757812;0.826460599899292
126;7;2;2.4034968632804876;0.8303570877252513;0.9943639636039734;0.9948391318321228;0.11001193523406982;0.09354814887046814;0.33756905794143677;1.1280615329742432;1.1701823472976685;0.45267441868782043
126;7;3;0.8588576360803533;0.8230075598138882;0.9943639636039734;0.9948391318321228;0.11001193523406982;0.09354814887046814;-0.674798846244812;1.9558601379394531;0.7421320080757141;0.9919271469116211
127;7;1;2.8934835550989124;0.7421975116895148;0.9943639636039734;0.9948489665985107;0.11021493375301361;0.09344396740198135;0.8399786353111267;1.1762100458145142;0.24149194359779358;0.8268281817436218
127;7;2;2.4047039937050574;0.8322531587590243;0.9943639636039734;0.9948489665985107;0.11021493375301361;0.09344396740198135;0.3378750681877136;1.1284193992614746;1.1713368892669678;0.45336660742759705
127;7;3;0.8567184264411445;0.8233753125378918;0.9943639636039734;0.9948489665985107;0.11021493375301361;0.09344396740198135;-0.675212562084198;1.956794023513794;0.7420946359634399;0.9918743371963501
128;7;1;2.8934835550989124;0.7421975116895156;0.9943639636039734;0.9948785901069641;0.11040277034044266;0.09334292262792587;0.8406080603599548;1.176210880279541;0.241829976439476;0.8272613883018494
128;7;2;2.4060637988527454;0.8327549851467593;0.9943639636039734;0.9948785901069641;0.11040277034044266;0.09334292262792587;0.3382266163825989;1.1287235021591187;1.1725099086761475;0.4541051387786865
128;7;3;0.8548209839757455;0.8237646106380325;0.9943639636039734;0.9948785901069641;0.11040277034044266;0.09334292262792587;-0.6755659580230713;1.957703709602356;0.7420796751976013;0.9918531775474548
129;7;1;2.8965477910411934;0.7421031634412367;0.9943639636039734;0.9948934316635132;0.11058206111192703;0.09324084967374802;0.841228187084198;1.1761441230773926;0.24210253357887268;0.8277950882911682
129;7;2;2.4047011509646783;0.8356954141810462;0.9943639636039734;0.9948934316635132;0.11058206111192703;0.09324084967374802;0.33861303329467773;1.1289856433868408;1.1736805438995361;0.4548562169075012
129;7;3;0.8469196799215455;0.8204666928418134;0.9943639636039734;0.9948934316635132;0.11058206111192703;0.09324084967374802;-0.6758634448051453;1.9585901498794556;0.7420878410339355;0.9918646812438965
130;7;1;2.8896767141646054;0.7499764928760033;0.9943639636039734;0.9949181079864502;0.11074373126029968;0.093143992125988;0.8418556451797485;1.1760174036026;0.2423458844423294;0.8284639716148376
130;7;2;2.4061471797181238;0.8355142230320158;0.9943639636039734;0.9949181079864502;0.11074373126029968;0.093143992125988;0.3389911949634552;1.12924325466156;1.1747854948043823;0.45552894473075867
130;7;3;0.8469196799215455;0.8204666928418134;0.9943639636039734;0.9949181079864502;0.11074373126029968;0.093143992125988;-0.6761361360549927;1.9594475030899048;0.742103636264801;0.9918870329856873
131;7;1;2.887956597702928;0.7512683908447366;0.9943639636039734;0.9949280619621277;0.11093776673078537;0.09305516630411148;0.8425213694572449;1.1758702993392944;0.2426290512084961;0.8290005326271057
131;7;2;2.404285189859574;0.8354903861336815;0.9943639636039734;0.9949280619621277;0.11093776673078537;0.09305516630411148;0.3393857479095459;1.1294801235198975;1.1758701801300049;0.4561988115310669
131;7;3;0.8446090751571234;0.8208467070629344;0.9943639636039734;0.9949280619621277;0.11093776673078537;0.09305516630411148;-0.6764301657676697;1.9602665901184082;0.7421010732650757;0.991883397102356
132;7;1;2.8901788199251506;0.7512683908447366;0.9943639039993286;0.9949526786804199;0.11112093925476074;0.09297012537717819;0.8432394862174988;1.1756858825683594;0.24298711121082306;0.8295817971229553
132;7;2;2.4122582464582463;0.8350373457162021;0.9943639039993286;0.9949526786804199;0.11112093925476074;0.09297012537717819;0.3396635353565216;1.1297749280929565;1.176826000213623;0.45670801401138306
132;7;3;0.8462994059924789;0.8245578987069444;0.9943639039993286;0.9949526786804199;0.11112093925476074;0.09297012537717819;-0.6767584681510925;1.961046576499939;0.7420728206634521;0.9918434619903564
133;7;1;2.896920491317738;0.7538010712230516;0.9943639636039734;0.9949576258659363;0.11120256036520004;0.0928858146071434;0.8440014123916626;1.1755142211914062;0.24338936805725098;0.8298657536506653
133;7;2;2.3948041966229434;0.8357340844779735;0.9943639636039734;0.9949576258659363;0.11120256036520004;0.0928858146071434;0.339978963136673;1.1300323009490967;1.1778080463409424;0.4572871923446655
133;7;3;0.8462994059924789;0.8245578987069444;0.9943639636039734;0.9949576258659363;0.11120256036520004;0.0928858146071434;-0.6771268844604492;1.9617881774902344;0.7420141696929932;0.9917605519294739
134;7;1;2.896920491317738;0.7538010712230516;0.9943639636039734;0.9949675798416138;0.11126001179218292;0.09280051290988922;0.8447732925415039;1.1753205060958862;0.24376559257507324;0.8301274180412292
134;7;2;2.394414413981904;0.8341977159279992;0.9943639636039734;0.9949675798416138;0.11126001179218292;0.09280051290988922;0.34029701352119446;1.1302745342254639;1.1787714958190918;0.45785871148109436
134;7;3;0.8443456077231923;0.8239241930903778;0.9943639636039734;0.9949675798416138;0.11126001179218292;0.09280051290988922;-0.6774883270263672;1.9625056982040405;0.7419517040252686;0.9916722178459167
135;7;1;2.9034244668240774;0.7563201116526832;0.9943639636039734;0.9949774146080017;0.11133859306573868;0.0927223414182663;0.8455221056938171;1.1750715970993042;0.2440488636493683;0.8306350111961365
135;7;2;2.3961428594132403;0.8322496063177702;0.9943639636039734;0.9949774146080017;0.11133859306573868;0.0927223414182663;0.3405838906764984;1.1305235624313354;1.1796705722808838;0.45834654569625854
135;7;3;0.8427354600414905;0.8199704134272952;0.9943639636039734;0.9949774146080017;0.11133859306573868;0.0927223414182663;-0.6777973175048828;1.9632118940353394;0.7419107556343079;0.9916142821311951
136;7;1;2.901601865465576;0.7531764473573128;0.9943639636039734;0.9949873089790344;0.1114702969789505;0.09264412522315979;0.8462467193603516;1.1747819185256958;0.24423275887966156;0.8313373923301697
136;7;2;2.400815046676599;0.8312836041914133;0.9943639636039734;0.9949873089790344;0.1114702969789505;0.09264412522315979;0.34084105491638184;1.1307764053344727;1.1805195808410645;0.4587712287902832
136;7;3;0.8418417194405423;0.8259870741695363;0.9943639636039734;0.9949873089790344;0.1114702969789505;0.09264412522315979;-0.6780597567558289;1.9639075994491577;0.7418867945671082;0.9915803670883179
137;7;1;2.901601865465576;0.7531764473573128;0.9943639636039734;0.994992196559906;0.11164512485265732;0.09256557375192642;0.8469716906547546;1.1745014190673828;0.24436047673225403;0.8319401144981384
137;7;2;2.4090188191561976;0.8317682916582845;0.9943639636039734;0.994992196559906;0.11164512485265732;0.09256557375192642;0.34109702706336975;1.131011962890625;1.181374430656433;0.45922619104385376
137;7;3;0.8418417194405423;0.8259870741695363;0.9943639636039734;0.994992196559906;0.11164512485265732;0.09256557375192642;-0.6783210635185242;1.9645830392837524;0.7418524622917175;0.9915318489074707
138;7;1;2.895714546825884;0.752770299560737;0.9947665333747864;0.9950070381164551;0.11181698739528656;0.09249154478311539;0.8477148413658142;1.1742624044418335;0.24447710812091827;0.8322458267211914
138;7;2;2.4090188191561976;0.8317682916582845;0.9947665333747864;0.9950070381164551;0.11181698739528656;0.09249154478311539;0.3413721024990082;1.1312164068222046;1.1822704076766968;0.45977163314819336
138;7;3;0.8415961600672386;0.8306876119007265;0.9947665333747864;0.9950070381164551;0.11181698739528656;0.09249154478311539;-0.6786144971847534;1.9652315378189087;0.7417889833450317;0.991442084312439
139;7;1;2.8988070838394258;0.7560714526966104;0.9947665333747864;0.9950217604637146;0.11194127798080444;0.0924176350235939;0.8484737277030945;1.1740177869796753;0.24460838735103607;0.8326122164726257
139;7;2;2.39746429743996;0.8317214872369005;0.9947665333747864;0.9950217604637146;0.11194127798080444;0.0924176350235939;0.3415183424949646;1.1314823627471924;1.1830607652664185;0.46018821001052856
139;7;3;0.8415961600672386;0.8306876119007265;0.9947665333747864;0.9950217604637146;0.11194127798080444;0.0924176350235939;-0.6789276003837585;1.9658565521240234;0.741705596446991;0.9913241267204285
140;7;1;2.8951850169956153;0.7547795547278762;0.9947665333747864;0.9950464963912964;0.11196032911539078;0.092345230281353;0.8492361307144165;1.1737983226776123;0.2447483390569687;0.8327922821044922
140;7;2;2.3926596155298405;0.8315142891525298;0.9947665333747864;0.9950464963912964;0.11196032911539078;0.092345230281353;0.34168684482574463;1.131722092628479;1.1838732957839966;0.46066099405288696
140;7;3;0.8415961600672386;0.8306876119007265;0.9947665333747864;0.9950464963912964;0.11196032911539078;0.092345230281353;-0.6792582273483276;1.9664593935012817;0.7416058778762817;0.9911831021308899
141;7;1;2.8952491538847713;0.7549105023937699;0.9947664737701416;0.9950564503669739;0.11195984482765198;0.09227466583251953;0.849980354309082;1.173570990562439;0.2448844164609909;0.8330042958259583
141;7;2;2.3936558343656626;0.8315142891525298;0.9947664737701416;0.9950564503669739;0.11195984482765198;0.09227466583251953;0.34185653924942017;1.1319539546966553;1.184664011001587;0.46111470460891724
141;7;3;0.8415961600672386;0.8306876119007265;0.9947664737701416;0.9950564503669739;0.11195984482765198;0.09227466583251953;-0.6795753240585327;1.9670484066009521;0.7415100932121277;0.9910476803779602
142;7;1;2.897471376106993;0.7549105023937699;0.9947665333747864;0.9950613379478455;0.11198309808969498;0.0922064408659935;0.8507550358772278;1.1732591390609741;0.24488209187984467;0.8334596157073975
142;7;2;2.396369573333226;0.8320779520826171;0.9947665333747864;0.9950613379478455;0.11198309808969498;0.0922064408659935;0.3420116603374481;1.132191777229309;1.1853997707366943;0.4614918529987335
142;7;3;0.8400662184463288;0.8263671429172161;0.9947665333747864;0.9950613379478455;0.11198309808969498;0.0922064408659935;-0.6798567175865173;1.9676296710968018;0.741433322429657;0.9909390807151794
143;7;1;2.8926414663829654;0.754572489957452;0.9947665333747864;0.9950662851333618;0.11198718845844269;0.09212590754032135;0.8515591025352478;1.1728925704956055;0.24478642642498016;0.8340309262275696
143;7;2;2.398049130765644;0.8339097959519499;0.9947665333747864;0.9950662851333618;0.11198718845844269;0.09212590754032135;0.342166930437088;1.132426381111145;1.1861021518707275;0.4618315100669861
143;7;3;0.8415961600672386;0.8306876119007265;0.9947665333747864;0.9950662851333618;0.11198718845844269;0.09212590754032135;-0.6801238059997559;1.9681988954544067;0.7413641214370728;0.9908412098884583
144;7;1;2.890428048600029;0.754597026119658;0.9947665333747864;0.9950712323188782;0.11198167502880096;0.09204593300819397;0.8523980975151062;1.1725382804870605;0.24461571872234344;0.8343192338943481
144;7;2;2.394999123020006;0.8358844420335902;0.9947665333747864;0.9950712323188782;0.11198167502880096;0.09204593300819397;0.34240278601646423;1.1325969696044922;1.186896562576294;0.46232709288597107
144;7;3;0.8460312732948472;0.830520825739361;0.9947665333747864;0.9950712323188782;0.11198167502880096;0.09204593300819397;-0.6804139018058777;1.968747615814209;0.741280734539032;0.9907233119010925
145;7;1;2.888579136957282;0.754438752042411;0.9947665333747864;0.9950810670852661;0.11188823729753494;0.09196625649929047;0.8532570004463196;1.1721998453140259;0.2443810999393463;0.8343701362609863
145;7;2;2.404024732103064;0.8366044235175094;0.9947665333747864;0.9950810670852661;0.11188823729753494;0.09196625649929047;0.3427108824253082;1.1327106952667236;1.1877691745758057;0.462955504655838
145;7;3;0.8415961600672386;0.8306876119007265;0.9947665333747864;0.9950810670852661;0.11188823729753494;0.09196625649929047;-0.6807211637496948;1.969278335571289;0.7411870956420898;0.9905908703804016
146;7;1;2.888579136957282;0.754438752042411;0.9947665333747864;0.9950810670852661;0.11174878478050232;0.09188797324895859;0.854104220867157;1.1718264818191528;0.24409177899360657;0.8346030116081238
146;7;2;2.40021864694344;0.8369141380485514;0.9947665333747864;0.9950810670852661;0.11174878478050232;0.09188797324895859;0.3430054485797882;1.132833480834961;1.1885868310928345;0.4635087847709656
146;7;3;0.8409986174967736;0.8305687791771819;0.9947665333747864;0.9950810670852661;0.11174878478050232;0.09188797324895859;-0.6810070872306824;1.9698004722595215;0.7411068081855774;0.9904773235321045
147;7;1;2.88764198633916;0.7519559057429985;0.9947665333747864;0.9950761795043945;0.11170726269483566;0.09181155264377594;0.8549225926399231;1.1714171171188354;0.24374611675739288;0.835079550743103
147;7;2;2.402197102597217;0.8384242600117107;0.9947665333747864;0.9950761795043945;0.11170726269483566;0.09181155264377594;0.343278169631958;1.1329705715179443;1.1893391609191895;0.4639667570590973
147;7;3;0.8409986174967736;0.8305687791771819;0.9947665333747864;0.9950761795043945;0.11170726269483566;0.09181155264377594;-0.6812597513198853;1.970318078994751;0.7410464882850647;0.9903920292854309
148;7;1;2.883049935900587;0.7485513682083385;0.9947665333747864;0.9950859546661377;0.11178294569253922;0.09173403680324554;0.8557177782058716;1.1710057258605957;0.2433711588382721;0.8356311917304993
148;7;2;2.4021205356392183;0.8376105771391025;0.9947665333747864;0.9950859546661377;0.11178294569253922;0.09173403680324554;0.3435434401035309;1.1331093311309814;1.1900599002838135;0.4643862843513489
148;7;3;0.8409986174967736;0.8305687791771819;0.9947665333747864;0.9950859546661377;0.11178294569253922;0.09173403680324554;-0.6815022230148315;1.9708260297775269;0.740990936756134;0.9903134703636169
149;7;1;2.883049935900587;0.7485513682083385;0.9947665333747864;0.9950958490371704;0.1119341254234314;0.09165910631418228;0.8565041422843933;1.1706281900405884;0.24300460517406464;0.8360462784767151
149;7;2;2.407694649452778;0.837342341260987;0.9947665333747864;0.9950958490371704;0.1119341254234314;0.09165910631418228;0.3438190817832947;1.1332345008850098;1.190789818763733;0.4648381769657135
149;7;3;0.8456068717055016;0.8305751339969367;0.9947665333747864;0.9950958490371704;0.1119341254234314;0.09165910631418228;-0.6817638874053955;1.9713174104690552;0.7409209609031677;0.990214467048645
150;7;1;2.886634647965627;0.7496728018509682;0.9947665333747864;0.9951205849647522;0.11209100484848022;0.09159646928310394;0.8572835922241211;1.1702812910079956;0.24264545738697052;0.8363891243934631
150;7;2;2.3995362585896345;0.8361549751120236;0.9947665333747864;0.9951205849647522;0.11209100484848022;0.09159646928310394;0.3440205156803131;1.1333853006362915;1.191490888595581;0.46526962518692017
150;7;3;0.8440596036102885;0.8289394443973086;0.9947665333747864;0.9951205849647522;0.11209100484848022;0.09159646928310394;-0.6820473670959473;1.971792221069336;0.7408332824707031;0.9900904893875122
151;7;1;2.8836539302818416;0.7471481561210354;0.9947665333747864;0.9951156377792358;0.11209288984537125;0.0915299504995346;0.8580471873283386;1.169970154762268;0.24229662120342255;0.836658775806427
151;7;2;2.395081858417896;0.8351620114108727;0.9947665333747864;0.9951156377792358;0.11209288984537125;0.0915299504995346;0.344154417514801;1.1335591077804565;1.1921662092208862;0.46568459272384644
151;7;3;0.8440596036102885;0.8289394443973086;0.9947665333747864;0.9951156377792358;0.11209288984537125;0.0915299504995346;-0.6823490858078003;1.9722514152526855;0.7407296895980835;0.9899439811706543
152;7;1;2.87805146380947;0.7468375173081183;0.9947665333747864;0.9951156377792358;0.11195594817399979;0.09146147966384888;0.8587743639945984;1.169724941253662;0.24194303154945374;0.8366420865058899
152;7;2;2.4010544932091804;0.8351620114108727;0.9947665333747864;0.9951156377792358;0.11195594817399979;0.09146147966384888;0.34436386823654175;1.1336721181869507;1.1929353475570679;0.4662495255470276
152;7;3;0.8440596036102885;0.8289394443973086;0.9947665333747864;0.9951156377792358;0.11195594817399979;0.09146147966384888;-0.6826605796813965;1.9726979732513428;0.7406163215637207;0.9897836446762085
153;7;1;2.880808260011732;0.7467518241456608;0.9947665333747864;0.9951304793357849;0.11178437620401382;0.091399185359478;0.8594364523887634;1.1694972515106201;0.24157071113586426;0.8366515636444092
153;7;2;2.402116849299996;0.835139028918924;0.9947665333747864;0.9951304793357849;0.11178437620401382;0.091399185359478;0.3446146249771118;1.1337528228759766;1.1937309503555298;0.46684756875038147
153;7;3;0.8432736878498241;0.8277739494440342;0.9947665333747864;0.9951304793357849;0.11178437620401382;0.091399185359478;-0.6829380989074707;1.9731420278549194;0.7405213713645935;0.9896494150161743
154;7;1;2.8823763762979926;0.7467518241456608;0.9947665333747864;0.9951403737068176;0.11167179048061371;0.09134034812450409;0.8600150346755981;1.169250249862671;0.24118566513061523;0.8369154334068298
154;7;2;2.4029902736685838;0.8333541176238022;0.9947665333747864;0.9951403737068176;0.11167179048061371;0.09134034812450409;0.34488171339035034;1.133823275566101;1.1945006847381592;0.4673880338668823
154;7;3;0.8432736878498241;0.8277739494440342;0.9947665333747864;0.9951403737068176;0.11167179048061371;0.09134034812450409;-0.6831529140472412;1.9735904932022095;0.7404643297195435;0.9895687103271484
155;7;1;2.871968981776087;0.7477781479659606;0.9947665333747864;0.9951403737068176;0.11167977750301361;0.09128175675868988;0.8605300784111023;1.1689403057098389;0.2408836930990219;0.8377856612205505
155;7;2;2.4087289981106945;0.8314252158225894;0.9947665333747864;0.9951403737068176;0.11167977750301361;0.09128175675868988;0.34497714042663574;1.1340084075927734;1.1950428485870361;0.4675883650779724
155;7;3;0.8432736878498241;0.8277739494440342;0.9947665333747864;0.9951403737068176;0.11167977750301361;0.09128175675868988;-0.6833223104476929;1.974039077758789;0.740437388420105;0.989530622959137
156;7;1;2.8695067840958615;0.7478392447900788;0.9947665333747864;0.9951552152633667;0.11182615160942078;0.0912296399474144;0.8610258102416992;1.1687159538269043;0.24070735275745392;0.8382211923599243
156;7;2;2.4072877558406045;0.8306830740892659;0.9947665333747864;0.9951552152633667;0.11182615160942078;0.0912296399474144;0.3451704978942871;1.1341263055801392;1.1956863403320312;0.4679577052593231
156;7;3;0.8432736878498241;0.8277739494440342;0.9947665333747864;0.9951552152633667;0.11182615160942078;0.0912296399474144;-0.683539628982544;1.9744646549224854;0.7403852939605713;0.9894569516181946
157;7;1;2.8707581828129127;0.7458254027627076;0.9947665333747864;0.9951551556587219;0.11195719242095947;0.09117715060710907;0.8615097403526306;1.1685839891433716;0.24066650867462158;0.8381766676902771
157;7;2;2.3990993926944046;0.8288493818043694;0.9947665333747864;0.9951551556587219;0.11195719242095947;0.09117715060710907;0.3454594016075134;1.134177327156067;1.1964354515075684;0.4685060381889343
157;7;3;0.8432736878498241;0.8277739494440342;0.9947665333747864;0.9951551556587219;0.11195719242095947;0.09117715060710907;-0.6838139295578003;1.9748653173446655;0.7403022050857544;0.9893394708633423
158;7;1;2.8764094787320005;0.7514766986817953;0.9947665333747864;0.9951749444007874;0.11203502118587494;0.09111472219228745;0.8619430661201477;1.1684678792953491;0.240685373544693;0.838129460811615
158;7;2;2.408500460554766;0.8313312208615224;0.9947665333747864;0.9951749444007874;0.11203502118587494;0.09111472219228745;0.34578564763069153;1.1342036724090576;1.1971964836120605;0.4690679907798767
158;7;3;0.8426761452793592;0.8280618650573055;0.9947665333747864;0.9951749444007874;0.11203502118587494;0.09111472219228745;-0.6840707659721375;1.9752600193023682;0.740230917930603;0.9892386198043823
159;7;1;2.878096909559334;0.7514402638518582;0.9947665333747864;0.9951651096343994;0.1121501550078392;0.09106842428445816;0.8623000979423523;1.1682461500167847;0.2407391369342804;0.8389340043067932
159;7;2;2.4087145827677947;0.830671612652818;0.9947665333747864;0.9951651096343994;0.1121501550078392;0.09106842428445816;0.3459022641181946;1.1343705654144287;1.1976814270019531;0.46920424699783325
159;7;3;0.8440935334358244;0.8284177696521411;0.9947665333747864;0.9951651096343994;0.1121501550078392;0.09106842428445816;-0.6842421889305115;1.975665807723999;0.7402102947235107;0.9892094731330872
160;7;1;2.8798976026467438;0.7533851094099697;0.9947665333747864;0.9951798319816589;0.11237689852714539;0.09101054072380066;0.8626082539558411;1.1680430173873901;0.24080811440944672;0.8397150039672852
160;7;2;2.397433070918911;0.831055188536105;0.9947665333747864;0.9951798319816589;0.11237689852714539;0.09101054072380066;0.34605807065963745;1.1345072984695435;1.1981948614120483;0.4693773090839386
160;7;3;0.8440935334358244;0.8284177696521411;0.9947665333747864;0.9951798319816589;0.11237689852714539;0.09101054072380066;-0.6843905448913574;1.976068377494812;0.7402008771896362;0.9891961216926575
161;7;1;2.8798976026467438;0.7533851094099697;0.9947665333747864;0.9951650500297546;0.1126042827963829;0.09096383303403854;0.8629031181335449;1.1679199934005737;0.2409348040819168;0.8400925397872925
161;7;2;2.403835476845254;0.8309598777266531;0.9947665333747864;0.9951650500297546;0.1126042827963829;0.09096383303403854;0.3462856411933899;1.1345863342285156;1.1988086700439453;0.4697171449661255
161;7;3;0.8455168255381738;0.8324367742083594;0.9947665333747864;0.9951650500297546;0.1126042827963829;0.09096383303403854;-0.684575080871582;1.9764535427093506;0.740166187286377;0.9891470670700073
162;7;1;2.87107171350811;0.7552027393806293;0.9947665333747864;0.9951551556587219;0.11273355036973953;0.09091388434171677;0.863185703754425;1.1678694486618042;0.24110542237758636;0.8401056528091431
162;7;2;2.4095587084524777;0.8308655294783751;0.9947665333747864;0.9951551556587219;0.11273355036973953;0.09091388434171677;0.346575528383255;1.134613275527954;1.1995136737823486;0.4702090620994568
162;7;3;0.8465861740509153;0.8315670598194684;0.9947665333747864;0.9951551556587219;0.11273355036973953;0.09091388434171677;-0.6847909688949585;1.9768234491348267;0.7401085495948792;0.9890655875205994
163;7;1;2.8715566881644;0.7552027393806267;0.9947665333747864;0.9951749444007874;0.11277469992637634;0.09086224436759949;0.8634322285652161;1.1678096055984497;0.24129405617713928;0.8402854204177856
163;7;2;2.409784195618159;0.8306880287110676;0.9947665333747864;0.9951749444007874;0.11277469992637634;0.09086224436759949;0.3468296527862549;1.1346635818481445;1.2001570463180542;0.47061067819595337
163;7;3;0.8469342136946381;0.8327926788031945;0.9947665333747864;0.9951749444007874;0.11277469992637634;0.09086224436759949;-0.6849827170372009;1.97719144821167;0.7400612235069275;0.9889986515045166
164;7;1;2.868166810413266;0.7533633770073918;0.9947665333747864;0.9951897859573364;0.11289063841104507;0.09081834554672241;0.8636331558227539;1.1677099466323853;0.24147240817546844;0.8407965898513794
164;7;2;2.3957268648377514;0.8300399586555862;0.9947665333747864;0.9951897859573364;0.11289063841104507;0.09081834554672241;0.34703028202056885;1.1347503662109375;1.2007091045379639;0.47086673974990845
164;7;3;0.8440935334358244;0.8284177696521411;0.9947665333747864;0.9951897859573364;0.11289063841104507;0.09081834554672241;-0.6851245760917664;1.9775645732879639;0.7400396466255188;0.9889681339263916
165;7;1;2.869131006541677;0.7516735539515826;0.9947665333747864;0.9951996207237244;0.1131097674369812;0.0907709002494812;0.8638101816177368;1.1675958633422852;0.24166345596313477;0.8414557576179504
165;7;2;2.3879607492450017;0.8299081133024444;0.9947665333747864;0.9951996207237244;0.1131097674369812;0.0907709002494812;0.347196102142334;1.1348586082458496;1.2012054920196533;0.47104161977767944
165;7;3;0.8497445748201731;0.8327926788031945;0.9947665333747864;0.9951996207237244;0.1131097674369812;0.0907709002494812;-0.6852455139160156;1.977935552597046;0.7400268316268921;0.9889500141143799
166;7;1;2.875887183057607;0.7504869855298058;0.9947665333747864;0.9952095746994019;0.11338116973638535;0.09072639793157578;0.8639955520629883;1.1675128936767578;0.24190735816955566;0.8419537544250488
166;7;2;2.389865851871553;0.8285266115084129;0.9947665333747864;0.9952095746994019;0.11338116973638535;0.09072639793157578;0.3473590314388275;1.1349632740020752;1.2017061710357666;0.4712441861629486
166;7;3;0.8497445748201731;0.8327926788031945;0.9947665333747864;0.9952095746994019;0.11338116973638535;0.09072639793157578;-0.6853936910629272;1.9782928228378296;0.7399941086769104;0.9889037609100342
167;7;1;2.8757138384311665;0.75088887383985;0.9947665333747864;0.9952094554901123;0.11361266672611237;0.09068473428487778;0.8642005324363708;1.167493224143982;0.24218307435512543;0.8420279622077942
167;7;2;2.3904380667708836;0.8285502724806628;0.9947665333747864;0.9952094554901123;0.11361266672611237;0.09068473428487778;0.34758442640304565;1.1350133419036865;1.2023108005523682;0.47162309288978577
167;7;3;0.8497445748201731;0.8327926788031945;0.9947665333747864;0.9952094554901123;0.11361266672611237;0.09068473428487778;-0.6855847239494324;1.9786330461502075;0.7399320602416992;0.98881596326828
168;7;1;2.8723061071502567;0.7528595413856971;0.9947665333747864;0.995204508304596;0.11368650197982788;0.09064117074012756;0.86440509557724;1.1674660444259644;0.24247871339321136;0.8421474099159241
168;7;2;2.390069575410159;0.8285031238844001;0.9947665333747864;0.995204508304596;0.11368650197982788;0.09064117074012756;0.347781240940094;1.135079026222229;1.2028779983520508;0.47195613384246826
168;7;3;0.8497445748201731;0.8327926788031945;0.9947665333747864;0.995204508304596;0.11368650197982788;0.09064117074012756;-0.6857732534408569;1.9789671897888184;0.7398681640625;0.9887256026268005
169;7;1;2.8716373616890305;0.7531813366393454;0.9947665333747864;0.9952095150947571;0.1137591078877449;0.09060238301753998;0.8645917773246765;1.167393684387207;0.2427576780319214;0.8425366878509521
169;7;2;2.3907172966491155;0.828503123884401;0.9947665333747864;0.9952095150947571;0.1137591078877449;0.09060238301753998;0.3479270339012146;1.1351780891418457;1.203366756439209;0.4721675515174866
169;7;3;0.8497445748201731;0.8327926788031945;0.9947665333747864;0.9952095150947571;0.1137591078877449;0.09060238301753998;-0.6859240531921387;1.9793044328689575;0.7398235201835632;0.9886624813079834
170;7;1;2.8748715547218593;0.7561752987097305;0.9947665333747864;0.9952045679092407;0.11388573050498962;0.09056200087070465;0.8647683262825012;1.1672865152359009;0.24302510917186737;0.8431223034858704
170;7;2;2.3881169244001885;0.8265955873628696;0.9947665333747864;0.9952045679092407;0.11388573050498962;0.09056200087070465;0.34803086519241333;1.1353037357330322;1.2037934064865112;0.47228553891181946
170;7;3;0.8497445748201731;0.8327926788031945;0.9947665333747864;0.9952045679092407;0.11388573050498962;0.09056200087070465;-0.6860482692718506;1.979642391204834;0.7397916913032532;0.988617479801178
171;7;1;2.874941272109309;0.7563179045945416;0.9947665333747864;0.9952094554901123;0.11405447870492935;0.0905243307352066;0.8649566769599915;1.1672052145004272;0.24328410625457764;0.8434803485870361
171;7;2;2.379342493268207;0.8263314555879377;0.9947665333747864;0.9952094554901123;0.11405447870492935;0.0905243307352066;0.348177433013916;1.1353901624679565;1.204289436340332;0.472515732049942
171;7;3;0.8497445748201731;0.8327926788031945;0.9947665333747864;0.9952094554901123;0.11405447870492935;0.0905243307352066;-0.6861867308616638;1.9799710512161255;0.7397486567497253;0.9885565638542175
172;7;1;2.8820267167051625;0.756016358261892;0.9947665333747864;0.9952094554901123;0.1141299232840538;0.0904882475733757;0.8651623129844666;1.1671549081802368;0.24354510009288788;0.8435764908790588
172;7;2;2.379583051818213;0.8263314555879369;0.9947665333747864;0.9952094554901123;0.1141299232840538;0.0904882475733757;0.3483688235282898;1.1354368925094604;1.2048581838607788;0.47286608815193176
172;7;3;0.8497445748201731;0.8327926788031945;0.9947665333747864;0.9952094554901123;0.1141299232840538;0.0904882475733757;-0.6863478422164917;1.9802889823913574;0.7396901249885559;0.9884738326072693
173;7;1;2.8784639964080156;0.7566333763609574;0.9947665333747864;0.9952095150947571;0.11411663144826889;0.09045057743787766;0.8653702735900879;1.1671024560928345;0.24378834664821625;0.8436129689216614
173;7;2;2.3789917172346016;0.8281277528081823;0.9947665333747864;0.9952095150947571;0.11411663144826889;0.09045057743787766;0.34858304262161255;1.1354624032974243;1.2054567337036133;0.4732606112957001
173;7;3;0.8497445748201731;0.8327926788031945;0.9947665333747864;0.9952095150947571;0.11411663144826889;0.09045057743787766;-0.6865033507347107;1.980602741241455;0.7396339178085327;0.9883943200111389
174;7;1;2.878750387997311;0.7566333763609583;0.9947665333747864;0.9952242970466614;0.11408790200948715;0.09041814506053925;0.8655658960342407;1.166992425918579;0.24402199685573578;0.8439711928367615
174;7;2;2.3745474212225055;0.8300070615781836;0.9947665333747864;0.9952242970466614;0.11408790200948715;0.09041814506053925;0.34873950481414795;1.1355299949645996;1.2059590816497803;0.4735053777694702
174;7;3;0.8451000449310149;0.832388645102879;0.9947665333747864;0.9952242970466614;0.11408790200948715;0.09041814506053925;-0.6866226196289062;1.9809201955795288;0.7395994067192078;0.9883455634117126
175;7;1;2.874525178314503;0.7554963382424003;0.9947665333747864;0.9952292442321777;0.11419127881526947;0.09038324654102325;0.8657581210136414;1.1668418645858765;0.24426071345806122;0.844542920589447
175;7;2;2.376528014209349;0.8326171311252635;0.9947665333747864;0.9952292442321777;0.11419127881526947;0.09038324654102325;0.3488515615463257;1.1356292963027954;1.2063884735107422;0.4736417531967163
175;7;3;0.8451000449310149;0.832388645102879;0.9947665333747864;0.9952292442321777;0.11419127881526947;0.09038324654102325;-0.6867222189903259;1.9812376499176025;0.7395768761634827;0.9883136749267578
176;7;1;2.8727544804884655;0.7549981371138372;0.9947665333747864;0.9952144622802734;0.11439736932516098;0.09034918993711472;0.8659688234329224;1.1667157411575317;0.2445058822631836;0.8448845148086548
176;7;2;2.3715544906189994;0.8337970035820117;0.9947665333747864;0.9952144622802734;0.11439736932516098;0.09034918993711472;0.34900563955307007;1.1356929540634155;1.2068818807601929;0.4738842248916626
176;7;3;0.8497445748201731;0.8327926788031945;0.9947665333747864;0.9952144622802734;0.11439736932516098;0.09034918993711472;-0.6868438720703125;1.9815449714660645;0.7395408749580383;0.9882627725601196
177;7;1;2.882565864086817;0.756873201002124;0.9947665333747864;0.9952144622802734;0.11453606933355331;0.09031738340854645;0.8662000894546509;1.166618824005127;0.24475717544555664;0.8449744582176208
177;7;2;2.364918385540461;0.8338199860739604;0.9947665333747864;0.9952144622802734;0.11453606933355331;0.09031738340854645;0.34919989109039307;1.1357210874557495;1.2074413299560547;0.4742385149002075
177;7;3;0.8497445748201731;0.8327926788031945;0.9947665333747864;0.9952144622802734;0.11453606933355331;0.09031738340854645;-0.6869914531707764;1.9818413257598877;0.7394883632659912;0.9881885051727295
178;7;1;2.8809644825303824;0.7566671807475274;0.9947665333747864;0.9952095150947571;0.1145867332816124;0.0902840718626976;0.8664335608482361;1.166518211364746;0.24498288333415985;0.8450256586074829
178;7;2;2.3655771715102034;0.8338199860739604;0.9947665333747864;0.9952095150947571;0.1145867332816124;0.0902840718626976;0.3494090437889099;1.1357331275939941;1.2080243825912476;0.4746271073818207
178;7;3;0.8427122380435978;0.8329952273419288;0.9947665333747864;0.9952095150947571;0.1145867332816124;0.0902840718626976;-0.6871324777603149;1.9821354150772095;0.7394381165504456;0.9881174564361572
179;7;1;2.8842704352475863;0.7569041103823091;0.9947665333747864;0.9952144622802734;0.1146019920706749;0.09025634825229645;0.8666539192199707;1.1663631200790405;0.24518457055091858;0.845402181148529
179;7;2;2.37609782552995;0.8385302609909422;0.9947665333747864;0.9952144622802734;0.1146019920706749;0.09025634825229645;0.3495525121688843;1.1357911825180054;1.2085098028182983;0.47486501932144165
179;7;3;0.8459323078603918;0.832388645102879;0.9947665333747864;0.9952144622802734;0.1146019920706749;0.09025634825229645;-0.6872366666793823;1.9824347496032715;0.739408016204834;0.9880748987197876
180;7;1;2.883180246297444;0.7572259056359583;0.9943639636039734;0.9952391386032104;0.1147104799747467;0.09022492170333862;0.8668718338012695;1.166178584098816;0.24537673592567444;0.845956027507782
180;7;2;2.3773199132014824;0.8368121408252014;0.9943639636039734;0.9952391386032104;0.1147104799747467;0.09022492170333862;0.3496476411819458;1.1358814239501953;1.208929419517517;0.4750087559223175
180;7;3;0.8459323078603918;0.832388645102879;0.9943639636039734;0.9952391386032104;0.1147104799747467;0.09022492170333862;-0.6873251795768738;1.9827343225479126;0.7393852472305298;0.9880426526069641
181;7;1;2.884875363384282;0.7575486768086837;0.9943639636039734;0.9952539801597595;0.11486869305372238;0.09019505977630615;0.8671088218688965;1.1660329103469849;0.24556998908519745;0.8462251424789429
181;7;2;2.372915262991598;0.8371252232091937;0.9943639636039734;0.9952539801597595;0.11486869305372238;0.09019505977630615;0.3497840464115143;1.1359339952468872;1.209423542022705;0.4752788841724396
181;7;3;0.85057683774955;0.8327926788031945;0.9943639636039734;0.9952539801597595;0.11486869305372238;0.09019505977630615;-0.6874424815177917;1.9830234050750732;0.7393430471420288;0.987982988357544
182;7;1;2.886304709643025;0.7575241406464777;0.9943639636039734;0.9952638149261475;0.11490757763385773;0.09016669541597366;0.8673641085624695;1.1659282445907593;0.2457633763551712;0.8462081551551819
182;7;2;2.37103107492526;0.8366465133622736;0.9943639636039734;0.9952638149261475;0.11490757763385773;0.09016669541597366;0.3499608635902405;1.1359498500823975;1.209991455078125;0.47567516565322876
182;7;3;0.8479686868490717;0.8332449145547074;0.9943639636039734;0.9952638149261475;0.11490757763385773;0.09016669541597366;-0.6875896453857422;1.983302116394043;0.7392808794975281;0.9878950715065002
183;7;1;2.8901327102423133;0.7557756134950848;0.9943639636039734;0.9952638149261475;0.11483234167098999;0.0901385247707367;0.8676161766052246;1.1658052206039429;0.24595332145690918;0.8463263511657715
183;7;2;2.3662403734563684;0.8350084929071482;0.9943639636039734;0.9952638149261475;0.11483234167098999;0.0901385247707367;0.350093275308609;1.1359949111938477;1.2105013132095337;0.4759925305843353
183;7;3;0.8459323078603918;0.832388645102879;0.9943639636039734;0.9952638149261475;0.11483234167098999;0.0901385247707367;-0.6877280473709106;1.9835801124572754;0.7392220497131348;0.9878118634223938
184;7;1;2.8901327102423133;0.7557756134950848;0.9943639636039734;0.9952638149261475;0.11480989307165146;0.09011213481426239;0.8678537607192993;1.1656490564346313;0.2461235523223877;0.8466781973838806
184;7;2;2.3702618344832764;0.8372221109217399;0.9943639636039734;0.9952638149261475;0.11480989307165146;0.09011213481426239;0.350174218416214;1.136075735092163;1.2109375;0.4761989414691925
184;7;3;0.8459323078603918;0.832388645102879;0.9943639636039734;0.9952638149261475;0.11480989307165146;0.09011213481426239;-0.6878408789634705;1.9838616847991943;0.7391766905784607;0.9877477288246155
185;7;1;2.895958688359544;0.7610264760233152;0.9943639636039734;0.9952688217163086;0.11487138271331787;0.09008357673883438;0.8680853247642517;1.165482997894287;0.2462894469499588;0.8471291661262512
185;7;2;2.3679251368496645;0.8362601244563441;0.9943639636039734;0.9952688217163086;0.11487138271331787;0.09008357673883438;0.35022032260894775;1.1361792087554932;1.2113288640975952;0.47634589672088623
185;7;3;0.8479686868490717;0.8332449145547074;0.9943639636039734;0.9952688217163086;0.11487138271331787;0.09008357673883438;-0.6879479289054871;1.9841421842575073;0.7391332983970642;0.9876863956451416
186;7;1;2.8943266070151115;0.7622939623842511;0.9943639636039734;0.9952539205551147;0.11497823148965836;0.09006000310182571;0.8683245778083801;1.1653612852096558;0.24644771218299866;0.8473078012466431
186;7;2;2.3707742275660593;0.8362373055477814;0.9943639636039734;0.9952539205551147;0.11497823148965836;0.09006000310182571;0.35031330585479736;1.1362425088882446;1.2117987871170044;0.476622074842453
186;7;3;0.8474509403696606;0.8385481893917335;0.9943639636039734;0.9952539205551147;0.11497823148965836;0.09006000310182571;-0.6880795359611511;1.9844143390655518;0.739073634147644;0.9876019954681396
187;7;1;2.8960243622529758;0.763134978719517;0.9943639636039734;0.9952687621116638;0.11498340219259262;0.09003498405218124;0.8685639500617981;1.165274739265442;0.24660053849220276;0.847284734249115
187;7;2;2.3694064995385267;0.8362193552473469;0.9943639636039734;0.9952687621116638;0.11498340219259262;0.09003498405218124;0.3504444360733032;1.1362731456756592;1.2123298645019531;0.4769974648952484
187;7;3;0.8474509403696606;0.8385481893917335;0.9943639636039734;0.9952687621116638;0.11498340219259262;0.09003498405218124;-0.6882268190383911;1.9846802949905396;0.739003598690033;0.987502932548523
188;7;1;2.8960243622529758;0.763134978719517;0.9943639636039734;0.9952737092971802;0.1149134635925293;0.09000958502292633;0.8687839508056641;1.165184497833252;0.24672682583332062;0.8472991585731506
188;7;2;2.364262843586328;0.8357741308317079;0.9943639636039734;0.9952737092971802;0.1149134635925293;0.09000958502292633;0.35058867931365967;1.136292576789856;1.21287202835083;0.4773806035518646
188;7;3;0.8479686868490717;0.8332449145547074;0.9943639636039734;0.9952737092971802;0.1149134635925293;0.09000958502292633;-0.6883553862571716;1.9849488735198975;0.738944411277771;0.9874192476272583
189;7;1;2.8938559883426276;0.7628606274781626;0.9943639636039734;0.9952835440635681;0.11484658718109131;0.08998618274927139;0.8689727783203125;1.165066123008728;0.2468252032995224;0.8475015163421631
189;7;2;2.364080623726278;0.8374110297973427;0.9943639636039734;0.9952835440635681;0.11484658718109131;0.08998618274927139;0.35073092579841614;1.1363154649734497;1.213391661643982;0.4777098596096039
189;7;3;0.8433241569599135;0.8328408808543917;0.9943639636039734;0.9952835440635681;0.11484658718109131;0.08998618274927139;-0.6884452700614929;1.9852248430252075;0.7389093041419983;0.9873695969581604
190;7;1;2.894580878837207;0.7628606274781626;0.9943639636039734;0.9953033328056335;0.11483857780694962;0.08996257930994034;0.8691411018371582;1.1649090051651;0.24694834649562836;0.8479876518249512
190;7;2;2.362930098523771;0.8374110297973418;0.9943639636039734;0.9953033328056335;0.11483857780694962;0.08996257930994034;0.35082143545150757;1.1363812685012817;1.2138166427612305;0.47789523005485535
190;7;3;0.8455089096292596;0.8375564836376044;0.9943639636039734;0.9953033328056335;0.11483857780694962;0.08996257930994034;-0.688511073589325;1.985504150390625;0.7388913035392761;0.9873441457748413
191;7;1;2.892946795518297;0.7632913114369471;0.9943639636039734;0.9952736496925354;0.11496299505233765;0.08993957936763763;0.8693138360977173;1.1647820472717285;0.24711759388446808;0.8482807278633118
191;7;2;2.365264544248512;0.8359916783059145;0.9943639636039734;0.9952736496925354;0.11496299505233765;0.08993957936763763;0.35095325112342834;1.1364184617996216;1.2142884731292725;0.4781602621078491
191;7;3;0.8474509403696606;0.8385481893917335;0.9943639636039734;0.9952736496925354;0.11496299505233765;0.08993957936763763;-0.6886008977890015;1.9857749938964844;0.7388624548912048;0.9873033165931702
192;7;1;2.890588755192373;0.767661357252674;0.9943639636039734;0.9952836036682129;0.1150444746017456;0.08991804718971252;0.8694970011711121;1.1646952629089355;0.2473383992910385;0.8483226299285889
192;7;2;2.356573846649887;0.8348508753212176;0.9943639636039734;0.9952836036682129;0.1150444746017456;0.08991804718971252;0.35112977027893066;1.1364238262176514;1.2148163318634033;0.478524774312973
192;7;3;0.8500590912701389;0.8380959536402206;0.9943639636039734;0.9952836036682129;0.1150444746017456;0.08991804718971252;-0.6887246370315552;1.986034870147705;0.7388166189193726;0.9872385263442993
193;7;1;2.8907740730230334;0.7679831525063223;0.9943639636039734;0.9952884912490845;0.11505849659442902;0.08989699184894562;0.8696739077568054;1.164595603942871;0.24759791791439056;0.8484905958175659
193;7;2;2.356186377576857;0.8368122803223912;0.9943639636039734;0.9952884912490845;0.11505849659442902;0.08989699184894562;0.35126757621765137;1.1364601850509644;1.2152798175811768;0.4788036346435547
193;7;3;0.8500590912701389;0.8380959536402206;0.9943639636039734;0.9952884912490845;0.11505849659442902;0.08989699184894562;-0.6888481974601746;1.9862927198410034;0.7387728095054626;0.9871765375137329
194;7;1;2.8911504023870744;0.7679831525063214;0.9943639636039734;0.9952835440635681;0.11514438688755035;0.08987647294998169;0.8698334097862244;1.1644693613052368;0.2478586733341217;0.8488805890083313
194;7;2;2.354766645845655;0.8368350992309557;0.9943639636039734;0.9952835440635681;0.11514438688755035;0.08987647294998169;0.3513563275337219;1.1365333795547485;1.2156676054000854;0.47897031903266907
194;7;3;0.8455089096292596;0.8375564836376044;0.9943639636039734;0.9952835440635681;0.11514438688755035;0.08987647294998169;-0.6889514923095703;1.9865539073944092;0.738740861415863;0.9871313571929932
195;7;1;2.890168862396626;0.7679831525063223;0.9943639636039734;0.9952836036682129;0.11531104892492294;0.08985444158315659;0.8699817061424255;1.1643375158309937;0.24811048805713654;0.849378228187561
195;7;2;2.3564725775387814;0.8376107048943524;0.9943639636039734;0.9952836036682129;0.11531104892492294;0.08985444158315659;0.3514072000980377;1.136631727218628;1.2160089015960693;0.47907528281211853
195;7;3;0.8474509403696606;0.8385481893917335;0.9943639636039734;0.9952836036682129;0.11531104892492294;0.08985444158315659;-0.6890474557876587;1.9868159294128418;0.7387111186981201;0.9870893359184265
196;7;1;2.890168862396626;0.7679831525063223;0.9943639636039734;0.9952638745307922;0.11550378799438477;0.08983664214611053;0.8701316714286804;1.1642545461654663;0.24833336472511292;0.8496155738830566
196;7;2;2.3498579776135013;0.8371319950474305;0.9943639636039734;0.9952638745307922;0.11550378799438477;0.08983664214611053;0.35149893164634705;1.1366921663284302;1.216428518295288;0.47930869460105896
196;7;3;0.845144192538033;0.8390306691980474;0.9943639636039734;0.9952638745307922;0.11550378799438477;0.08983664214611053;-0.6891634464263916;1.987072229385376;0.7386656403541565;0.9870249629020691
197;7;1;2.890168862396626;0.7679831525063223;0.9943639636039734;0.9952687621116638;0.11556370556354523;0.08981771022081375;0.8702804446220398;1.164214849472046;0.24851873517036438;0.8496325016021729
197;7;2;2.3484628345427856;0.8346084387783463;0.9943639636039734;0.9952687621116638;0.11556370556354523;0.08981771022081375;0.3516252040863037;1.1367194652557373;1.2169177532196045;0.479654997587204
197;7;3;0.845144192538033;0.8390306691980474;0.9943639636039734;0.9952687621116638;0.11556370556354523;0.08981771022081375;-0.6892938613891602;1.9873241186141968;0.7386074662208557;0.986942708492279
198;7;1;2.8985754024728454;0.7708106922397384;0.9943639636039734;0.9952786564826965;0.11550543457269669;0.08979623019695282;0.8704166412353516;1.164179801940918;0.24867446720600128;0.8496383428573608
198;7;2;2.348026725804141;0.8314935849227281;0.9943639636039734;0.9952786564826965;0.11550543457269669;0.08979623019695282;0.3517588973045349;1.1367357969284058;1.2174272537231445;0.48002690076828003
198;7;3;0.8474509403696606;0.8385481893917335;0.9943639636039734;0.9952786564826965;0.11550543457269669;0.08979623019695282;-0.6894099116325378;1.987579107284546;0.7385546565055847;0.9868680238723755
199;7;1;2.8985754024728454;0.7708106922397384;0.9943639636039734;0.9952836036682129;0.11540393531322479;0.08977702260017395;0.8705321550369263;1.1641030311584473;0.24882422387599945;0.8499481081962585
199;7;2;2.3418378210742903;0.8313676003685622;0.9943639636039734;0.9952836036682129;0.11540393531322479;0.08977702260017395;0.35182836651802063;1.1367993354797363;1.2178428173065186;0.4802556335926056
199;7;3;0.843199022424554;0.8377414482078505;0.9943639636039734;0.9952836036682129;0.11540393531322479;0.08977702260017395;-0.6894928216934204;1.9878413677215576;0.7385202646255493;0.9868193864822388
0;8;1;2.4226474502888884;0.6100168039520737;0.4303542673587799;0.40880268812179565;0.6985700726509094;0.6955970525741577;-0.00837918370962143;0.4085720181465149;-0.0240792166441679;0.25453054904937744
0;8;2;0.5464090541385085;0.12368896708718746;0.4303542673587799;0.40880268812179565;0.6985700726509094;0.6955970525741577;-0.016105016693472862;0.24421067535877228;-0.17463061213493347;0.18996652960777283
0;8;3;0.4920699957823542;0.11409964100665348;0.4303542673587799;0.40880268812179565;0.6985700726509094;0.6955970525741577;0.1527010053396225;0.34038683772087097;-0.2505676746368408;0.44179362058639526
1;8;1;2.4264817454409275;0.6098148163782593;0.42954909801483154;0.39723634719848633;0.6983590722084045;0.6954665184020996;-0.008623100817203522;0.4083021581172943;-0.024104459211230278;0.25414177775382996
1;8;2;0.5233503233489278;0.11682562836253352;0.42954909801483154;0.39723634719848633;0.6983590722084045;0.6954665184020996;-0.01647297479212284;0.24378898739814758;-0.17621074616909027;0.1897798329591751
1;8;3;0.46893970202078084;0.10733222555016297;0.42954909801483154;0.39723634719848633;0.6983590722084045;0.6954665184020996;0.1524830311536789;0.3401375710964203;-0.2523646652698517;0.4392523169517517
2;8;1;2.428291125840003;0.6098148163782584;0.4138486087322235;0.3784793019294739;0.6979275941848755;0.6951790452003479;-0.008998597040772438;0.4079139828681946;-0.024323148652911186;0.2534053921699524
2;8;2;0.49881091075125905;0.12298656666458618;0.4138486087322235;0.3784793019294739;0.6979275941848755;0.6951790452003479;-0.01702951453626156;0.24313956499099731;-0.17888954281806946;0.18956029415130615
2;8;3;0.44431501198968615;0.11350719113915253;0.4138486087322235;0.3784793019294739;0.6979275941848755;0.6951790452003479;0.1521877646446228;0.339801162481308;-0.2548198103904724;0.43578019738197327
3;8;1;2.42700020771644;0.6107257754313462;0.3888888955116272;0.3664931654930115;0.697256863117218;0.6946888566017151;-0.009513260796666145;0.4074190855026245;-0.02481679804623127;0.25227347016334534
3;8;2;0.40253541618639854;0.10291170933957527;0.3888888955116272;0.3664931654930115;0.697256863117218;0.6946888566017151;-0.017767412588000298;0.24226915836334229;-0.18277645111083984;0.18944619596004486
3;8;3;0.34767729251072854;0.09383440974834967;0.3888888955116272;0.3664931654930115;0.697256863117218;0.6946888566017151;0.1518460512161255;0.3394138813018799;-0.25775066018104553;0.4316353499889374
4;8;1;2.427457569353143;0.6091717395953307;0.39814814925193787;0.38979870080947876;0.6964071989059448;0.6940447092056274;-0.01013252791017294;0.40684717893600464;-0.025517333298921585;0.2509037256240845
4;8;2;0.2928956551503106;0.07102655364090382;0.39814814925193787;0.38979870080947876;0.6964071989059448;0.6940447092056274;-0.018621735274791718;0.2412634789943695;-0.18750008940696716;0.18962028622627258
4;8;3;0.2376999299635134;0.06235604240459702;0.39814814925193787;0.38979870080947876;0.6964071989059448;0.6940447092056274;0.15149372816085815;0.3390173316001892;-0.2609751224517822;0.4270752966403961
5;8;1;2.4352426571247126;0.6102435918954212;0.4259259104728699;0.43834081292152405;0.6955578923225403;0.6935029029846191;-0.010753047652542591;0.4062543213367462;-0.02623431198298931;0.24955438077449799
5;8;2;0.2002023705623701;0.03935403330779952;0.4259259104728699;0.43834081292152405;0.6955578923225403;0.6935029029846191;-0.019493309780955315;0.24025975167751312;-0.19237898290157318;0.19014346599578857
5;8;3;0.14466599268631875;0.031067972180449877;0.4259259104728699;0.43834081292152405;0.6955578923225403;0.6935029029846191;0.15115806460380554;0.3386427164077759;-0.2643246352672577;0.4223383665084839
6;8;1;2.4403797600668717;0.614275402515621;0.45370370149612427;0.4674887955188751;0.6948338150978088;0.6932440996170044;-0.01133713312447071;0.4056897759437561;-0.026909327134490013;0.24829596281051636
6;8;2;0.1269824969096902;0.020557392365372573;0.45370370149612427;0.4674887955188751;0.6948338150978088;0.6932440996170044;-0.020326385274529457;0.23933129012584686;-0.19704130291938782;0.1909557431936264
6;8;3;0.07124151355277775;0.012490718279345892;0.45370370149612427;0.4674887955188751;0.6948338150978088;0.6932440996170044;0.1508493274450302;0.33830130100250244;-0.2676529586315155;0.4176313877105713
7;8;1;2.4485283338796737;0.6171743423693483;0.48148149251937866;0.4831838607788086;0.6943672895431519;0.6931430101394653;-0.011869372799992561;0.4051756262779236;-0.027521682903170586;0.24716050922870636
7;8;2;0.07887724677280783;0.011345915915300875;0.48148149251937866;0.4831838607788086;0.6943672895431519;0.6931430101394653;-0.021092358976602554;0.23850838840007782;-0.20131926238536835;0.19195519387722015
7;8;3;0.03193061210070436;0.004516264242529822;0.48148149251937866;0.4831838607788086;0.6943672895431519;0.6931430101394653;0.15056905150413513;0.33799436688423157;-0.2708345055580139;0.4131320118904114
8;8;1;2.4507797359422305;0.6176975401686358;0.49074074625968933;0.48766815662384033;0.6940599083900452;0.6931121349334717;-0.012350787408649921;0.4047134816646576;-0.02807309292256832;0.2461474984884262
8;8;2;0.0473946513168606;0.006785397493157319;0.49074074625968933;0.48766815662384033;0.6940599083900452;0.6931121349334717;-0.021786997094750404;0.23778845369815826;-0.20519760251045227;0.19305872917175293
8;8;3;0.0473946513168606;0.006785397493157319;0.49074074625968933;0.48766815662384033;0.6940599083900452;0.6931121349334717;0.1503155678510666;0.3377193212509155;-0.2737639248371124;0.40898919105529785
9;8;1;2.463411497256833;0.6202447730586966;0.49074074625968933;0.48878923058509827;0.6937983632087708;0.6931107640266418;-0.012784591875970364;0.40429970622062683;-0.028567492961883545;0.24524526298046112
9;8;2;0.03850296227244199;0.00564990894005013;0.49074074625968933;0.48878923058509827;0.6937983632087708;0.6931107640266418;-0.02241491712629795;0.23715995252132416;-0.2087029665708542;0.19420622289180756
9;8;3;0.03850296227244199;0.00564990894005013;0.49074074625968933;0.48878923058509827;0.6937983632087708;0.6931107640266418;0.15008625388145447;0.33747294545173645;-0.2763565480709076;0.4053226709365845
10;8;1;2.465717392949058;0.6213497325544335;0.49074074625968933;0.4899103045463562;0.6935741901397705;0.6931170225143433;-0.013175489380955696;0.40392905473709106;-0.029010672122240067;0.24444125592708588
10;8;2;0.03850296227244199;0.00564990894005013;0.49074074625968933;0.4899103045463562;0.6935741901397705;0.6931170225143433;-0.022982554510235786;0.23661014437675476;-0.21187114715576172;0.19535870850086212
10;8;3;0.03850296227244199;0.00564990894005013;0.49074074625968933;0.4899103045463562;0.6935741901397705;0.6931170225143433;0.14987879991531372;0.33725211024284363;-0.27854886651039124;0.40222224593162537
11;8;1;2.465988179371535;0.6194854608855902;0.49074074625968933;0.49103137850761414;0.6933897733688354;0.6931275129318237;-0.013527733273804188;0.40359678864479065;-0.029408207163214684;0.24372433125972748
11;8;2;0.03850296227244199;0.00564990894005013;0.49074074625968933;0.49103137850761414;0.6933897733688354;0.6931275129318237;-0.023495646193623543;0.23612818121910095;-0.21473431587219238;0.19648878276348114
11;8;3;0.03850296227244199;0.00564990894005013;0.49074074625968933;0.49103137850761414;0.6933897733688354;0.6931275129318237;0.14969110488891602;0.33705419301986694;-0.28029865026474;0.39974766969680786
12;8;1;2.4653976801619173;0.6197784779458404;0.49074074625968933;0.49103137850761414;0.693246066570282;0.6931393146514893;-0.013845152221620083;0.4032987058162689;-0.029764676466584206;0.24308504164218903
12;8;2;0.03850296227244199;0.00564990894005013;0.49074074625968933;0.49103137850761414;0.693246066570282;0.6931393146514893;-0.023959655314683914;0.23570483922958374;-0.21732297539710999;0.19757550954818726
12;8;3;0.03850296227244199;0.00564990894005013;0.49074074625968933;0.49103137850761414;0.693246066570282;0.6931393146514893;0.14952126145362854;0.3368767499923706;-0.28158456087112427;0.3979291319847107
13;8;1;2.478081478026972;0.6224957120628662;0.49074074625968933;0.49215245246887207;0.693142294883728;0.693149983882904;-0.014131207950413227;0.40303122997283936;-0.030084265395998955;0.24251462519168854
13;8;2;0.03850296227244199;0.00564990894005013;0.49074074625968933;0.49215245246887207;0.693142294883728;0.693149983882904;-0.0243791863322258;0.23533229529857635;-0.21966300904750824;0.19860726594924927
13;8;3;0.03850296227244199;0.00564990894005013;0.49074074625968933;0.49215245246887207;0.693142294883728;0.693149983882904;0.1493675410747528;0.3367176353931427;-0.28240475058555603;0.3967691957950592
14;8;1;2.4769601441308904;0.6240261367393343;0.49074074625968933;0.49215245246887207;0.6930769085884094;0.6931575536727905;-0.014389037154614925;0.4027910530567169;-0.030370665714144707;0.24200570583343506
14;8;2;0.03850296227244199;0.00564990894005013;0.49074074625968933;0.49215245246887207;0.6930769085884094;0.6931575536727905;-0.02475868910551071;0.23500384390354156;-0.22177933156490326;0.1995750218629837
14;8;3;0.03850296227244199;0.00564990894005013;0.49074074625968933;0.49215245246887207;0.6930769085884094;0.6931575536727905;0.14922840893268585;0.3365749716758728;-0.28277501463890076;0.3962455689907074
15;8;1;2.47908436773388;0.6230412468164639;0.49074074625968933;0.4932735562324524;0.6930474638938904;0.6931610703468323;-0.014621429145336151;0.4025752544403076;-0.03062727488577366;0.24155132472515106
15;8;2;0.03850296227244199;0.00564990894005013;0.49074074625968933;0.4932735562324524;0.6930474638938904;0.6931610703468323;-0.025101909413933754;0.23471376299858093;-0.22369277477264404;0.20047609508037567
15;8;3;0.03850296227244199;0.00564990894005013;0.49074074625968933;0.4932735562324524;0.6930474638938904;0.6931610703468323;0.14910244941711426;0.33644700050354004;-0.2827264964580536;0.39631420373916626
16;8;1;2.4848688562696326;0.6258913037553233;0.49074074625968933;0.4932735562324524;0.6930512189865112;0.6931604743003845;-0.014830919913947582;0.4023813009262085;-0.030857080593705177;0.24114567041397095
16;8;2;0.030337284430192568;0.004516264242529822;0.49074074625968933;0.4932735562324524;0.6930512189865112;0.6931604743003845;-0.02541247382760048;0.23445716500282288;-0.2254236787557602;0.20130805671215057
16;8;3;0.030337284430192568;0.004516264242529822;0.49074074625968933;0.4932735562324524;0.6930512189865112;0.6931604743003845;0.14898839592933655;0.336332231760025;-0.2823028564453125;0.3969133198261261
17;8;1;2.4777530253958764;0.6234089505836948;0.49074074625968933;0.4943946301937103;0.6930845379829407;0.6931561827659607;-0.015019751153886318;0.40220698714256287;-0.031063085421919823;0.24078303575515747
17;8;2;0.030337284430192568;0.004516264242529822;0.49074074625968933;0.4943946301937103;0.6930845379829407;0.6931561827659607;-0.02569340541958809;0.23422980308532715;-0.2269887775182724;0.20207299292087555
17;8;3;0.030337284430192568;0.004516264242529822;0.49074074625968933;0.4943946301937103;0.6930845379829407;0.6931561827659607;0.14888513088226318;0.3362292945384979;-0.28155747056007385;0.3979674279689789
18;8;1;2.481945975682544;0.6240812041671591;0.49074074625968933;0.4943946301937103;0.6931436061859131;0.6931490898132324;-0.015189947560429573;0.402050256729126;-0.031247669830918312;0.24045886099338531
18;8;2;0.030337284430192568;0.004516264242529822;0.49074074625968933;0.4943946301937103;0.6931436061859131;0.6931490898132324;-0.025947675108909607;0.23402805626392365;-0.228404700756073;0.20277191698551178
18;8;3;0.030337284430192568;0.004516264242529822;0.49074074625968933;0.4943946301937103;0.6931436061859131;0.6931490898132324;0.1487915813922882;0.33613696694374084;-0.2805505096912384;0.3993915021419525
19;8;1;2.4844464335905325;0.6241987347952938;0.49074074625968933;0.4943946301937103;0.6932244896888733;0.6931405663490295;-0.015343399718403816;0.4019092917442322;-0.03141297027468681;0.24016912281513214
19;8;2;0.030337284430192568;0.004516264242529822;0.49074074625968933;0.4943946301937103;0.6932244896888733;0.6931405663490295;-0.02617795206606388;0.23384879529476166;-0.22968631982803345;0.20340672135353088
19;8;3;0.030337284430192568;0.004516264242529822;0.49074074625968933;0.4943946301937103;0.6932244896888733;0.6931405663490295;0.1487068235874176;0.3360541760921478;-0.27934587001800537;0.40109512209892273
20;8;1;2.4913051185104296;0.6242485465846901;0.49074074625968933;0.4943946301937103;0.6933225989341736;0.6931315660476685;-0.015481767244637012;0.40178242325782776;-0.03156091645359993;0.23991025984287262
20;8;2;0.030337284430192568;0.004516264242529822;0.49074074625968933;0.4943946301937103;0.6933225989341736;0.6931315660476685;-0.026386620476841927;0.2336893081665039;-0.23084710538387299;0.2039802372455597
20;8;3;0.030337284430192568;0.004516264242529822;0.49074074625968933;0.4943946301937103;0.6933225989341736;0.6931315660476685;0.1486300230026245;0.3359798789024353;-0.27800846099853516;0.4029864966869354
21;8;1;2.488919086523924;0.624248546584691;0.49074074625968933;0.49551570415496826;0.6934332251548767;0.6931234002113342;-0.015606551431119442;0.4016682505607605;-0.03169333562254906;0.23967865109443665
21;8;2;0.030337284430192568;0.004516264242529822;0.49074074625968933;0.49551570415496826;0.6934332251548767;0.6931234002113342;-0.026575570926070213;0.23354722559452057;-0.23189763724803925;0.20449811220169067
21;8;3;0.030337284430192568;0.004516264242529822;0.49074074625968933;0.49551570415496826;0.6934332251548767;0.6931234002113342;0.14856043457984924;0.33591321110725403;-0.27660176157951355;0.40497586131095886
22;8;1;2.500735170684398;0.6226739508003982;0.49074074625968933;0.49551570415496826;0.6935514807701111;0.6931167244911194;-0.015719091519713402;0.4015654921531677;-0.031811777502298355;0.23947149515151978
22;8;2;0.030337284430192568;0.004516264242529822;0.49074074625968933;0.49551570415496826;0.6935514807701111;0.6931167244911194;-0.02674677036702633;0.23342053592205048;-0.23284897208213806;0.2049635648727417
22;8;3;0.030337284430192568;0.004516264242529822;0.49074074625968933;0.49551570415496826;0.6935514807701111;0.6931167244911194;0.1484973281621933;0.3358534574508667;-0.27518540620803833;0.40697890520095825
23;8;1;2.500735170684398;0.6226739508003982;0.49074074625968933;0.49551570415496826;0.6936725378036499;0.6931120157241821;-0.015820613130927086;0.4014729857444763;-0.03191762790083885;0.23928621411323547
23;8;2;0.030337284430192568;0.004516264242529822;0.49074074625968933;0.49551570415496826;0.6936725378036499;0.6931120157241821;-0.026902005076408386;0.23330742120742798;-0.23371103405952454;0.20538002252578735
23;8;3;0.030337284430192568;0.004516264242529822;0.49074074625968933;0.49551570415496826;0.6936725378036499;0.6931120157241821;0.14844010770320892;0.33579984307289124;-0.27381348609924316;0.408919095993042
24;8;1;2.501233371812962;0.6231721519289621;0.49074074625968933;0.49551570415496826;0.6937918066978455;0.6931092739105225;-0.015912208706140518;0.40138962864875793;-0.032012153416872025;0.23912063241004944
24;8;2;0.030337284430192568;0.004516264242529822;0.49074074625968933;0.49551570415496826;0.6937918066978455;0.6931092739105225;-0.027042869478464127;0.23320631682872772;-0.23449276387691498;0.20575083792209625
24;8;3;0.030337284430192568;0.004516264242529822;0.49074074625968933;0.49551570415496826;0.6937918066978455;0.6931092739105225;0.14838819205760956;0.3357517719268799;-0.27253302931785583;0.41072991490364075
25;8;1;2.501233371812962;0.6231721519289621;0.49074074625968933;0.49551570415496826;0.69390469789505;0.6931084990501404;-0.015994898974895477;0.40131449699401855;-0.032096486538648605;0.23897266387939453
25;8;2;0.030337284430192568;0.004516264242529822;0.49074074625968933;0.49551570415496826;0.69390469789505;0.6931084990501404;-0.02717079408466816;0.23311586678028107;-0.23520216345787048;0.206079363822937
25;8;3;0.030337284430192568;0.004516264242529822;0.49074074625968933;0.49551570415496826;0.69390469789505;0.6931084990501404;0.148341104388237;0.3357086479663849;-0.2713828384876251;0.41235655546188354
26;8;1;2.504068139801495;0.6230279202846791;0.49074074625968933;0.49551570415496826;0.6940076351165771;0.6931091547012329;-0.016069550067186356;0.4012467563152313;-0.032171640545129776;0.23884055018424988
26;8;2;0.030337284430192568;0.004516264242529822;0.49074074625968933;0.49551570415496826;0.6940076351165771;0.6931091547012329;-0.027287082746624947;0.2330348938703537;-0.23584650456905365;0.20636887848377228
26;8;3;0.030337284430192568;0.004516264242529822;0.49074074625968933;0.49551570415496826;0.6940076351165771;0.6931091547012329;0.14829836785793304;0.33566999435424805;-0.2703930735588074;0.41375628113746643
27;8;1;2.5062326303989533;0.6245677728713188;0.49074074625968933;0.49551570415496826;0.6940972208976746;0.6931108236312866;-0.01613697223365307;0.40118563175201416;-0.03223853185772896;0.23872265219688416
27;8;2;0.030337284430192568;0.004516264242529822;0.49074074625968933;0.49551570415496826;0.6940972208976746;0.6931108236312866;-0.02739289402961731;0.23296231031417847;-0.2364322543144226;0.20662246644496918
27;8;3;0.030337284430192568;0.004516264242529822;0.49074074625968933;0.49551570415496826;0.6940972208976746;0.6931108236312866;0.14825956523418427;0.33563533425331116;-0.2695847749710083;0.41489940881729126
28;8;1;2.512155864890077;0.62467650255204;0.49074074625968933;0.49551570415496826;0.6941709518432617;0.6931127905845642;-0.016197897493839264;0.40113046765327454;-0.03229799494147301;0.23861750960350037
28;8;2;0.02243823410920598;0.003384457175747979;0.49074074625968933;0.49551570415496826;0.6941709518432617;0.6931127905845642;-0.027489284053444862;0.23289717733860016;-0.2369653284549713;0.20684315264225006
28;8;3;0.02243823410920598;0.003384457175747979;0.49074074625968933;0.49551570415496826;0.6941709518432617;0.6931127905845642;0.148224338889122;0.3356042504310608;-0.2689700722694397;0.41576871275901794
29;8;1;2.510989348684549;0.6240696069500578;0.49074074625968933;0.49551570415496826;0.6942275762557983;0.6931148171424866;-0.016252974048256874;0.4010806679725647;-0.03235076740384102;0.23852385580539703
29;8;2;0.02243823410920598;0.003384457175747979;0.49074074625968933;0.49551570415496826;0.6942275762557983;0.6931148171424866;-0.02757718600332737;0.2328387051820755;-0.23745094239711761;0.20703370869159698
29;8;3;0.02243823410920598;0.003384457175747979;0.49074074625968933;0.49551570415496826;0.6942275762557983;0.6931148171424866;0.1481923758983612;0.3355763554573059;-0.2685527205467224;0.41635891795158386
30;8;1;2.5165410642065416;0.6236939107221362;0.49074074625968933;0.49551570415496826;0.6942660212516785;0.6931164264678955;-0.01630277931690216;0.4010356664657593;-0.03239751607179642;0.23844049870967865
30;8;2;0.02243823410920598;0.003384457175747979;0.49074074625968933;0.49551570415496826;0.6942660212516785;0.6931164264678955;-0.02765745110809803;0.23278619349002838;-0.23789386451244354;0.20719671249389648
30;8;3;0.02243823410920598;0.003384457175747979;0.49074074625968933;0.49551570415496826;0.6942660212516785;0.6931164264678955;0.1481633186340332;0.335551381111145;-0.26832857728004456;0.4166759252548218
31;8;1;2.5164611106224344;0.6235751120977939;0.49074074625968933;0.49551570415496826;0.6942868828773499;0.6931172609329224;-0.01634782738983631;0.4009949564933777;-0.03243883699178696;0.23836638033390045
31;8;2;0.02243823410920598;0.003384457175747979;0.49074074625968933;0.49551570415496826;0.6942868828773499;0.6931172609329224;-0.027730846777558327;0.2327389419078827;-0.23829835653305054;0.20733465254306793
31;8;3;0.02243823410920598;0.003384457175747979;0.49074074625968933;0.49551570415496826;0.6942868828773499;0.6931172609329224;0.1481369435787201;0.33552899956703186;-0.26828673481941223;0.41673511266708374
32;8;1;2.5179537767908355;0.6227650372328197;0.49074074625968933;0.4966367781162262;0.6942906975746155;0.6931174397468567;-0.01638859696686268;0.40095826983451843;-0.032475367188453674;0.23830020427703857
32;8;2;0.02243823410920598;0.003384457175747979;0.49074074625968933;0.4966367781162262;0.6942906975746155;0.6931174397468567;-0.027797771617770195;0.23269644379615784;-0.23866680264472961;0.20745225250720978
32;8;3;0.02243823410920598;0.003384457175747979;0.49074074625968933;0.4966367781162262;0.6942906975746155;0.6931174397468567;0.14811299741268158;0.33550888299942017;-0.2684105336666107;0.41656002402305603
33;8;1;2.520040010503698;0.6237344751515792;0.49074074625968933;0.4966367781162262;0.694279134273529;0.6931169033050537;-0.01642548479139805;0.4009251594543457;-0.03250759467482567;0.23824115097522736
33;8;2;0.02243823410920598;0.003384457175747979;0.49074074625968933;0.4966367781162262;0.694279134273529;0.6931169033050537;-0.027858879417181015;0.23265822231769562;-0.2390027940273285;0.20755140483379364
33;8;3;0.02243823410920598;0.003384457175747979;0.49074074625968933;0.4966367781162262;0.694279134273529;0.6931169033050537;0.14809122681617737;0.3354909121990204;-0.26867878437042236;0.41618067026138306
34;8;1;2.521543132108583;0.6237743079948812;0.49074074625968933;0.4966367781162262;0.6942540407180786;0.6931157112121582;-0.016458900645375252;0.40089520812034607;-0.032535940408706665;0.23818852007389069
34;8;2;0.02243823410920598;0.003384457175747979;0.49074074625968933;0.4966367781162262;0.6942540407180786;0.6931157112121582;-0.02791474759578705;0.23262378573417664;-0.23930957913398743;0.20763371884822845
34;8;3;0.02243823410920598;0.003384457175747979;0.49074074625968933;0.4966367781162262;0.6942540407180786;0.6931157112121582;0.14807145297527313;0.33547475934028625;-0.2690669298171997;0.4156317412853241
35;8;1;2.518993230178653;0.6236222569882015;0.49074074625968933;0.4966367781162262;0.6942179799079895;0.6931142807006836;-0.0164891816675663;0.40086817741394043;-0.032560795545578;0.23814164102077484
35;8;2;0.02243823410920598;0.003384457175747979;0.49074074625968933;0.4966367781162262;0.6942179799079895;0.6931142807006836;-0.027965903282165527;0.23259277641773224;-0.23959004878997803;0.20770080387592316
35;8;3;0.02243823410920598;0.003384457175747979;0.49074074625968933;0.4966367781162262;0.6942179799079895;0.6931142807006836;0.14805348217487335;0.3354603350162506;-0.2695485055446625;0.4149506688117981
36;8;1;2.5188905907209778;0.6235118450187835;0.49074074625968933;0.4966367781162262;0.6941735148429871;0.6931126713752747;-0.01651664637029171;0.4008437693119049;-0.03258250653743744;0.23809996247291565
36;8;2;0.02243823410920598;0.003384457175747979;0.49074074625968933;0.4966367781162262;0.6941735148429871;0.6931126713752747;-0.02801281400024891;0.2325647920370102;-0.23984688520431519;0.20775407552719116
36;8;3;0.02243823410920598;0.003384457175747979;0.49074074625968933;0.4966367781162262;0.6941735148429871;0.6931126713752747;0.1480371654033661;0.33544737100601196;-0.2700960338115692;0.4141763746738434
37;8;1;2.5188905907209778;0.6235118450187835;0.49074074625968933;0.4966367781162262;0.6941232681274414;0.6931111216545105;-0.01654156669974327;0.4008216857910156;-0.03260139748454094;0.23806290328502655
37;8;2;0.02243823410920598;0.003384457175747979;0.49074074625968933;0.4966367781162262;0.6941232681274414;0.6931111216545105;-0.028055911883711815;0.23253953456878662;-0.24008241295814514;0.20779483020305634
37;8;3;0.02243823410920598;0.003384457175747979;0.49074074625968933;0.4966367781162262;0.6941232681274414;0.6931111216545105;0.14802232384681702;0.33543577790260315;-0.2706824541091919;0.4133470356464386
38;8;1;2.5215000524383093;0.6235118450187818;0.49074074625968933;0.4966367781162262;0.6940697431564331;0.6931097507476807;-0.016564197838306427;0.4008016884326935;-0.03261773660778999;0.23803004622459412
38;8;2;0.02243823410920598;0.003384457175747979;0.49074074625968933;0.4966367781162262;0.6940697431564331;0.6931097507476807;-0.028095560148358345;0.23251672089099884;-0.24029873311519623;0.2078242003917694
38;8;3;0.02243823410920598;0.003384457175747979;0.49074074625968933;0.4966367781162262;0.6940697431564331;0.6931097507476807;0.1480088233947754;0.33542534708976746;-0.2712818384170532;0.4124993681907654
39;8;1;2.5215000524383093;0.6235118450187818;0.49074074625968933;0.4966367781162262;0.694015383720398;0.693108856678009;-0.01658477447926998;0.40078359842300415;-0.03263179212808609;0.23800095915794373
39;8;2;0.02243823410920598;0.003384457175747979;0.49074074625968933;0.4966367781162262;0.694015383720398;0.693108856678009;-0.0281321182847023;0.23249611258506775;-0.24049781262874603;0.2078433483839035
39;8;3;0.02243823410920598;0.003384457175747979;0.49074074625968933;0.4966367781162262;0.694015383720398;0.693108856678009;0.14799658954143524;0.3354160487651825;-0.2718704342842102;0.41166698932647705
40;8;1;2.5215000524383093;0.6235118450187818;0.49074074625968933;0.4966367781162262;0.6939625144004822;0.6931082010269165;-0.016603505238890648;0.4007672369480133;-0.03264378756284714;0.23797526955604553
40;8;2;0.014767181276566177;0.002254481547527387;0.49074074625968933;0.4966367781162262;0.6939625144004822;0.6931082010269165;-0.02816588617861271;0.23247745633125305;-0.24068133533000946;0.20785319805145264
40;8;3;0.014767181276566177;0.002254481547527387;0.49074074625968933;0.4966367781162262;0.6939625144004822;0.6931082010269165;0.14798545837402344;0.33540770411491394;-0.2724272608757019;0.410879522562027
41;8;1;2.5216026918959837;0.6236222569882006;0.49074074625968933;0.4966367781162262;0.6939126253128052;0.6931079030036926;-0.0166205745190382;0.40075236558914185;-0.03265392407774925;0.2379526048898697
41;8;2;0.014767181276566177;0.002254481547527387;0.49074074625968933;0.4966367781162262;0.6939126253128052;0.6931079030036926;-0.028197146952152252;0.23246058821678162;-0.24085086584091187;0.20785468816757202
41;8;3;0.014767181276566177;0.002254481547527387;0.49074074625968933;0.4966367781162262;0.6939126253128052;0.6931079030036926;0.14797534048557281;0.33540022373199463;-0.27293458580970764;0.4101620316505432
42;8;1;2.5243031002660548;0.6235118450187827;0.49074074625968933;0.4966367781162262;0.6938675045967102;0.6931079030036926;-0.016636131331324577;0.4007388651371002;-0.032662391662597656;0.2379326969385147
42;8;2;0.014767181276566177;0.002254481547527387;0.49074074625968933;0.4966367781162262;0.6938675045967102;0.6931079030036926;-0.028226152062416077;0.23244529962539673;-0.24100783467292786;0.20784862339496613
42;8;3;0.014767181276566177;0.002254481547527387;0.49074074625968933;0.4966367781162262;0.6938675045967102;0.6931079030036926;0.1479661613702774;0.3353935480117798;-0.2733783721923828;0.40953442454338074
43;8;1;2.5243031002660548;0.6235118450187827;0.5;0.49775785207748413;0.693828284740448;0.6931082010269165;-0.016650274395942688;0.40072670578956604;-0.03266957774758339;0.23791508376598358
43;8;2;0.014767181276566621;0.002254481547527387;0.5;0.49775785207748413;0.693828284740448;0.6931082010269165;-0.028252843767404556;0.23243144154548645;-0.24115197360515594;0.207838237285614
43;8;3;0.014767181276566621;0.002254481547527387;0.5;0.49775785207748413;0.693828284740448;0.6931082010269165;0.14795784652233124;0.3353874981403351;-0.2737483084201813;0.40901127457618713
44;8;1;2.5243031002660548;0.6235118450187827;0.5;0.49775785207748413;0.6937957406044006;0.6931084990501404;-0.016663139685988426;0.4007156491279602;-0.0326756052672863;0.2378995567560196
44;8;2;0.014767181276566621;0.002254481547527387;0.5;0.49775785207748413;0.6937957406044006;0.6931084990501404;-0.028277458623051643;0.23241892457008362;-0.2412845939397812;0.2078239470720291
44;8;3;0.014767181276566621;0.002254481547527387;0.5;0.49775785207748413;0.6937957406044006;0.6931084990501404;0.14795027673244476;0.3353821039199829;-0.2740378975868225;0.4086017310619354
45;8;1;2.5243031002660548;0.6235118450187827;0.5;0.49775785207748413;0.6937702894210815;0.693108856678009;-0.016674859449267387;0.40070560574531555;-0.03268059715628624;0.23788589239120483
45;8;2;0.014767181276566621;0.002254481547527387;0.5;0.49775785207748413;0.6937702894210815;0.693108856678009;-0.028300199657678604;0.2324075698852539;-0.2414068579673767;0.20780614018440247
45;8;3;0.014767181276566621;0.002254481547527387;0.5;0.49775785207748413;0.6937702894210815;0.693108856678009;0.1479434370994568;0.3353773057460785;-0.2742443382740021;0.40830978751182556
46;8;1;2.5230398694418543;0.6249418430463676;0.5;0.49775785207748413;0.6937522888183594;0.6931091547012329;-0.016685545444488525;0.4006965160369873;-0.032684650272130966;0.23787391185760498
46;8;2;0.014767181276566621;0.002254481547527387;0.5;0.49775785207748413;0.6937522888183594;0.6931091547012329;-0.02832126058638096;0.23239727318286896;-0.24151980876922607;0.20778515934944153
46;8;3;0.014767181276566621;0.002254481547527387;0.5;0.49775785207748413;0.6937522888183594;0.6931091547012329;0.14793720841407776;0.3353729844093323;-0.27436816692352295;0.40813466906547546
47;8;1;2.51857691426874;0.6250543916578746;0.5;0.49775785207748413;0.693741500377655;0.6931093335151672;-0.016695303842425346;0.40068820118904114;-0.03268785402178764;0.2378634363412857
47;8;2;0.014767181276566621;0.002254481547527387;0.5;0.49775785207748413;0.693741500377655;0.6931093335151672;-0.02834080159664154;0.2323879450559616;-0.24162434041500092;0.20776130259037018
47;8;3;0.014767181276566621;0.002254481547527387;0.5;0.49775785207748413;0.693741500377655;0.6931093335151672;0.14793157577514648;0.3353690803050995;-0.2744130492210388;0.4080711901187897
48;8;1;2.51857691426874;0.6250543916578746;0.5;0.49775785207748413;0.6937376260757446;0.693109393119812;-0.016704222187399864;0.4006807208061218;-0.03269031643867493;0.23785433173179626
48;8;2;0.014767181276566621;0.002254481547527387;0.5;0.49775785207748413;0.6937376260757446;0.693109393119812;-0.028358981013298035;0.2323794662952423;-0.24172133207321167;0.2077348530292511
48;8;3;0.014767181276566621;0.002254481547527387;0.5;0.49775785207748413;0.6937376260757446;0.693109393119812;0.1479264795780182;0.3353655934333801;-0.27438515424728394;0.4081106185913086
49;8;1;2.51857691426874;0.6250543916578746;0.5;0.49775785207748413;0.6937400102615356;0.6931093335151672;-0.016712386161088943;0.40067389607429504;-0.03269209340214729;0.23784643411636353
49;8;2;0.014767181276566621;0.002254481547527387;0.5;0.49775785207748413;0.6937400102615356;0.6931093335151672;-0.028375934809446335;0.2323717474937439;-0.24181151390075684;0.2077060490846634
49;8;3;0.014767181276566621;0.002254481547527387;0.5;0.49775785207748413;0.6937400102615356;0.6931093335151672;0.1479218453168869;0.3353624641895294;-0.27429285645484924;0.4082411527633667
50;8;1;2.51857691426874;0.6250543916578746;0.5;0.49775785207748413;0.6937479972839355;0.6931091547012329;-0.016719870269298553;0.400667667388916;-0.03269325569272041;0.23783965408802032
50;8;2;0.014767181276566621;0.002254481547527387;0.5;0.49775785207748413;0.6937479972839355;0.6931091547012329;-0.02839178405702114;0.2323647290468216;-0.24189558625221252;0.20767515897750854
50;8;3;0.014767181276566621;0.002254481547527387;0.5;0.49775785207748413;0.6937479972839355;0.6931091547012329;0.14791767299175262;0.335359662771225;-0.2741459906101227;0.40844884514808655
51;8;1;2.51857691426874;0.6250543916578746;0.5;0.49775785207748413;0.693760871887207;0.6931089162826538;-0.016726752743124962;0.40066200494766235;-0.032693855464458466;0.23783385753631592
51;8;2;0.014767181276566621;0.002254481547527387;0.5;0.49775785207748413;0.693760871887207;0.6931089162826538;-0.02840663678944111;0.23235833644866943;-0.2419741451740265;0.2076423615217209
51;8;3;0.014767181276566621;0.002254481547527387;0.5;0.49775785207748413;0.693760871887207;0.6931089162826538;0.14791390299797058;0.335357129573822;-0.2739555835723877;0.40871813893318176
52;8;1;2.51857691426874;0.6250543916578746;0.5;0.49887892603874207;0.6937776207923889;0.6931087374687195;-0.01673300936818123;0.4006568193435669;-0.03269418329000473;0.2378288060426712
52;8;2;0.007295242779946864;0.0011263311981248858;0.5;0.49887892603874207;0.6937776207923889;0.6931087374687195;-0.028420286253094673;0.23235253989696503;-0.2420462816953659;0.2076103687286377
52;8;3;0.007295242779946864;0.0011263311981248858;0.5;0.49887892603874207;0.6937776207923889;0.6931087374687195;0.147910475730896;0.33535489439964294;-0.27373307943344116;0.40903282165527344
53;8;1;2.51857691426874;0.6250543916578746;0.5;0.49887892603874207;0.6937971115112305;0.693108320236206;-0.016738705337047577;0.4006521701812744;-0.0326942577958107;0.23782441020011902
53;8;2;0.007295242779946864;0.0011263311981248858;0.5;0.49887892603874207;0.6937971115112305;0.693108320236206;-0.028432849794626236;0.2323472797870636;-0.2421126812696457;0.20757904648780823
53;8;3;0.007295242779946864;0.0011263311981248858;0.5;0.49887892603874207;0.6937971115112305;0.693108320236206;0.14790742099285126;0.3353528380393982;-0.2734900414943695;0.40937650203704834
54;8;1;2.51857691426874;0.6250543916578746;0.5;0.49887892603874207;0.6938185095787048;0.693108081817627;-0.016743885353207588;0.40064793825149536;-0.03269410878419876;0.2378206104040146
54;8;2;0.007295242779946864;0.0011263311981248858;0.5;0.49887892603874207;0.6938185095787048;0.693108081817627;-0.028444435447454453;0.23234251141548157;-0.24217388033866882;0.2075483798980713
54;8;3;0.007295242779946864;0.0011263311981248858;0.5;0.49887892603874207;0.6938185095787048;0.693108081817627;0.147904634475708;0.33535102009773254;-0.2732376754283905;0.4097334146499634
55;8;1;2.516993267678229;0.6251058411019077;0.5;0.49887892603874207;0.6938406229019165;0.6931079030036926;-0.016748620197176933;0.40064406394958496;-0.03269375115633011;0.23781736195087433
55;8;2;0.007295242779946864;0.0011263311981248858;0.5;0.49887892603874207;0.6938406229019165;0.6931079030036926;-0.02845514379441738;0.23233817517757416;-0.2422304004430771;0.2075182944536209
55;8;3;0.007295242779946864;0.0011263311981248858;0.5;0.49887892603874207;0.6938406229019165;0.6931079030036926;0.14790213108062744;0.3353493809700012;-0.2729863226413727;0.4100888669490814
56;8;1;2.516993267678229;0.6251058411019077;0.5;0.5;0.6938629150390625;0.6931077837944031;-0.016752874478697777;0.4006406366825104;-0.03269343078136444;0.23781442642211914
56;8;2;0.0;0.0;0.5;0.5;0.6938629150390625;0.6931077837944031;-0.02846478298306465;0.23233428597450256;-0.2422812581062317;0.2074911892414093
56;8;3;0.0;0.0;0.5;0.5;0.6938629150390625;0.6931077837944031;0.14789989590644836;0.33534786105155945;-0.2727453410625458;0.4104296863079071
57;8;1;2.516993267678229;0.6251058411019077;0.5;0.5;0.6938841938972473;0.6931076645851135;-0.016756704077124596;0.40063750743865967;-0.03269314393401146;0.23781178891658783
57;8;2;0.0;0.0;0.5;0.5;0.6938841938972473;0.6931076645851135;-0.02847345359623432;0.23233075439929962;-0.2423270344734192;0.20746682584285736
57;8;3;0.0;0.0;0.5;0.5;0.6938841938972473;0.6931076645851135;0.147897869348526;0.335346519947052;-0.2725227177143097;0.4107445180416107
58;8;1;2.516993267678229;0.6251058411019077;0.5;0.5;0.693903923034668;0.6931076645851135;-0.016760148108005524;0.40063467621803284;-0.032692886888980865;0.237809419631958
58;8;2;0.0;0.0;0.5;0.5;0.693903923034668;0.6931076645851135;-0.028481261804699898;0.23232761025428772;-0.24236822128295898;0.20744489133358002
58;8;3;0.0;0.0;0.5;0.5;0.693903923034668;0.6931076645851135;0.14789605140686035;0.3353453576564789;-0.27232497930526733;0.41102415323257446
59;8;1;2.516993267678229;0.6251058411019077;0.5;0.5;0.6939216256141663;0.6931077837944031;-0.01676325500011444;0.40063217282295227;-0.03269265219569206;0.2378072589635849
59;8;2;0.0;0.0;0.5;0.5;0.6939216256141663;0.6931077837944031;-0.028488287702202797;0.2323247790336609;-0.24240532517433167;0.20742514729499817
59;8;3;0.0;0.0;0.5;0.5;0.6939216256141663;0.6931077837944031;0.14789442718029022;0.3353443145751953;-0.2721570134162903;0.4112617075443268
60;8;1;2.516993267678229;0.6251058411019077;0.5;0.5;0.6939365863800049;0.6931077837944031;-0.016766052693128586;0.4006299078464508;-0.03269244357943535;0.2378053516149521
60;8;2;0.0;0.0;0.5;0.5;0.6939365863800049;0.6931077837944031;-0.028494613245129585;0.23232223093509674;-0.24243870377540588;0.2074074000120163
60;8;3;0.0;0.0;0.5;0.5;0.6939365863800049;0.6931077837944031;0.14789295196533203;0.33534327149391174;-0.27202218770980835;0.41145238280296326
61;8;1;2.516993267678229;0.6251058411019077;0.5;0.5;0.6939486265182495;0.6931078433990479;-0.0167685654014349;0.40062785148620605;-0.03269225358963013;0.2378036081790924
61;8;2;0.0;0.0;0.5;0.5;0.6939486265182495;0.6931078433990479;-0.028500307351350784;0.2323199361562729;-0.24246874451637268;0.2073914259672165
61;8;3;0.0;0.0;0.5;0.5;0.6939486265182495;0.6931078433990479;0.14789162576198578;0.3353424072265625;-0.27192223072052;0.4115937352180481
62;8;1;2.516993267678229;0.6251058411019077;0.5;0.5;0.6939575672149658;0.6931079030036926;-0.016770832240581512;0.4006260335445404;-0.032692085951566696;0.23780204355716705
62;8;2;0.0;0.0;0.5;0.5;0.6939575672149658;0.6931079030036926;-0.02850542962551117;0.23231787979602814;-0.24249577522277832;0.20737704634666443
62;8;3;0.0;0.0;0.5;0.5;0.6939575672149658;0.6931079030036926;0.14789043366909027;0.3353416323661804;-0.2718573808670044;0.41168543696403503
63;8;1;2.516993267678229;0.6251058411019077;0.5;0.5;0.693963348865509;0.693108081817627;-0.016772864386439323;0.4006243646144867;-0.03269192576408386;0.23780064284801483
63;8;2;0.0;0.0;0.5;0.5;0.693963348865509;0.693108081817627;-0.028510039672255516;0.2323160171508789;-0.24252009391784668;0.20736409723758698
63;8;3;0.0;0.0;0.5;0.5;0.693963348865509;0.693108081817627;0.14788936078548431;0.3353409171104431;-0.2718265950679779;0.41172897815704346
64;8;1;2.516993267678229;0.6251058411019077;0.5;0.5;0.6939661502838135;0.6931080222129822;-0.016774702817201614;0.4006228744983673;-0.032691795378923416;0.23779939115047455
64;8;2;0.0;0.0;0.5;0.5;0.6939661502838135;0.6931080222129822;-0.028514187783002853;0.2323143482208252;-0.24254199862480164;0.2073524296283722
64;8;3;0.0;0.0;0.5;0.5;0.6939661502838135;0.6931080222129822;0.1478883922100067;0.335340291261673;-0.2718275785446167;0.41172757744789124
65;8;1;2.516993267678229;0.6251058411019077;0.5;0.5;0.6939660310745239;0.693108081817627;-0.016776341944932938;0.40062153339385986;-0.032691676169633865;0.23779825866222382
65;8;2;0.0;0.0;0.5;0.5;0.6939660310745239;0.693108081817627;-0.02851792238652706;0.23231282830238342;-0.2425616979598999;0.2073419690132141
65;8;3;0.0;0.0;0.5;0.5;0.6939660310745239;0.693108081817627;0.14788751304149628;0.3353397250175476;-0.2718571424484253;0.4116857945919037
66;8;1;2.516993267678229;0.6251058411019077;0.5;0.5;0.693963348865509;0.6931079030036926;-0.016777830198407173;0.40062034130096436;-0.03269156068563461;0.23779723048210144
66;8;2;0.0;0.0;0.5;0.5;0.693963348865509;0.6931079030036926;-0.028521284461021423;0.23231147229671478;-0.24257944524288177;0.2073325216770172
66;8;3;0.0;0.0;0.5;0.5;0.693963348865509;0.6931079030036926;0.147886723279953;0.33533918857574463;-0.2719113230705261;0.4116091728210449
67;8;1;2.516993267678229;0.6251058411019077;0.5;0.5;0.693958580493927;0.6931079030036926;-0.016779161989688873;0.4006192684173584;-0.032691460102796555;0.23779630661010742
67;8;2;0.0;0.0;0.5;0.5;0.693958580493927;0.6931079030036926;-0.028524309396743774;0.2323102504014969;-0.24259540438652039;0.2073240429162979
67;8;3;0.0;0.0;0.5;0.5;0.693958580493927;0.6931079030036926;0.1478860229253769;0.3353387415409088;-0.27198562026023865;0.4115040898323059
68;8;1;2.516993267678229;0.6251058411019077;0.5;0.5;0.6939519047737122;0.6931079030036926;-0.01678035594522953;0.4006182551383972;-0.03269136697053909;0.23779548704624176
68;8;2;0.0;0.0;0.5;0.5;0.6939519047737122;0.6931079030036926;-0.028527025133371353;0.23230916261672974;-0.24260976910591125;0.20731641352176666
68;8;3;0.0;0.0;0.5;0.5;0.6939519047737122;0.6931079030036926;0.14788539707660675;0.3353383243083954;-0.27207523584365845;0.41137734055519104
69;8;1;2.516993267678229;0.6251058411019077;0.5;0.5;0.6939439177513123;0.6931077837944031;-0.016781430691480637;0.400617390871048;-0.03269128501415253;0.23779474198818207
69;8;2;0.0;0.0;0.5;0.5;0.6939439177513123;0.6931077837944031;-0.028529474511742592;0.23230817914009094;-0.24262270331382751;0.2073095291852951
69;8;3;0.0;0.0;0.5;0.5;0.6939439177513123;0.6931077837944031;0.1478848159313202;0.33533793687820435;-0.27217531204223633;0.4112358093261719
70;8;1;2.516993267678229;0.6251058411019077;0.5;0.5;0.693934977054596;0.6931077837944031;-0.016782408580183983;0.4006165862083435;-0.03269121050834656;0.23779407143592834
70;8;2;0.0;0.0;0.5;0.5;0.693934977054596;0.6931077837944031;-0.02853167988359928;0.23230727016925812;-0.2426343560218811;0.20730336010456085
70;8;3;0.0;0.0;0.5;0.5;0.693934977054596;0.6931077837944031;0.1478843092918396;0.3353376090526581;-0.2722809910774231;0.4110863506793976
71;8;1;2.516993267678229;0.6251058411019077;0.5;0.5;0.6939255595207214;0.6931077241897583;-0.01678328402340412;0.4006158709526062;-0.032691147178411484;0.2377934753894806
71;8;2;0.0;0.0;0.5;0.5;0.6939255595207214;0.6931077241897583;-0.028533663600683212;0.23230649530887604;-0.24264481663703918;0.20729777216911316
71;8;3;0.0;0.0;0.5;0.5;0.6939255595207214;0.6931077241897583;0.1478838473558426;0.3353373110294342;-0.2723877727985382;0.4109353721141815
72;8;1;2.516993267678229;0.6251058411019077;0.5;0.5;0.6939160227775574;0.6931076645851135;-0.016784077510237694;0.40061521530151367;-0.03269108757376671;0.23779292404651642
72;8;2;0.0;0.0;0.5;0.5;0.6939160227775574;0.6931076645851135;-0.028535451740026474;0.23230576515197754;-0.2426542490720749;0.20729278028011322
72;8;3;0.0;0.0;0.5;0.5;0.6939160227775574;0.6931076645851135;0.14788343012332916;0.3353370130062103;-0.27249157428741455;0.41078856587409973
73;8;1;2.516993267678229;0.6251058411019077;0.5;0.5;0.693906843662262;0.6931077241897583;-0.0167847853153944;0.4006146490573883;-0.03269103541970253;0.23779244720935822
73;8;2;0.0;0.0;0.5;0.5;0.693906843662262;0.6931077241897583;-0.02853706106543541;0.2323051244020462;-0.2426627278327942;0.20728828012943268
73;8;3;0.0;0.0;0.5;0.5;0.693906843662262;0.6931077241897583;0.14788305759429932;0.3353367745876312;-0.2725887596607208;0.4106511175632477
74;8;1;2.516993267678229;0.6251058411019077;0.5;0.5;0.6938981413841248;0.6931076645851135;-0.016785426065325737;0.4006141126155853;-0.03269098326563835;0.2377920001745224
74;8;2;0.0;0.0;0.5;0.5;0.6938981413841248;0.6931076645851135;-0.02853851020336151;0.23230452835559845;-0.24267038702964783;0.20728422701358795
74;8;3;0.0;0.0;0.5;0.5;0.6938981413841248;0.6931076645851135;0.14788272976875305;0.3353365361690521;-0.27267634868621826;0.4105272591114044
75;8;1;2.516993267678229;0.6251058411019077;0.5;0.5;0.693890392780304;0.6931076645851135;-0.01678599789738655;0.4006136655807495;-0.03269093856215477;0.23779161274433136
75;8;2;0.0;0.0;0.5;0.5;0.693890392780304;0.6931076645851135;-0.028539810329675674;0.23230399191379547;-0.242677241563797;0.20728054642677307
75;8;3;0.0;0.0;0.5;0.5;0.693890392780304;0.6931076645851135;0.14788243174552917;0.3353363573551178;-0.272752046585083;0.4104202091693878
76;8;1;2.516993267678229;0.6251058411019077;0.5;0.5;0.6938836574554443;0.6931077837944031;-0.016786513850092888;0.4006132185459137;-0.032690901309251785;0.2377912551164627
76;8;2;0.0;0.0;0.5;0.5;0.6938836574554443;0.6931077837944031;-0.02854098193347454;0.23230354487895966;-0.24268341064453125;0.20727725327014923
76;8;3;0.0;0.0;0.5;0.5;0.6938836574554443;0.6931077837944031;0.1478821486234665;0.33533617854118347;-0.27281418442726135;0.4103323221206665
77;8;1;2.516993267678229;0.6251058411019077;0.5;0.5;0.693878173828125;0.6931076645851135;-0.016786983236670494;0.40061286091804504;-0.0326908640563488;0.23779092729091644
77;8;2;0.0;0.0;0.5;0.5;0.693878173828125;0.6931076645851135;-0.028542036190629005;0.23230311274528503;-0.24268898367881775;0.20727431774139404
77;8;3;0.0;0.0;0.5;0.5;0.693878173828125;0.6931076645851135;0.1478818953037262;0.33533599972724915;-0.2728617787361145;0.4102649986743927
78;8;1;2.516993267678229;0.6251058411019077;0.5;0.5;0.693873941898346;0.6931077837944031;-0.016787400469183922;0.4006125032901764;-0.032690830528736115;0.23779062926769257
78;8;2;0.0;0.0;0.5;0.5;0.693873941898346;0.6931077837944031;-0.028542984277009964;0.232302725315094;-0.24269399046897888;0.20727163553237915
78;8;3;0.0;0.0;0.5;0.5;0.693873941898346;0.6931077837944031;0.14788168668746948;0.3353358805179596;-0.2728945314884186;0.4102186858654022
79;8;1;2.516993267678229;0.6251058411019077;0.5;0.5;0.6938709616661072;0.6931077241897583;-0.016787776723504066;0.4006122052669525;-0.032690804451704025;0.23779037594795227
79;8;2;0.0;0.0;0.5;0.5;0.6938709616661072;0.6931077241897583;-0.02854383923113346;0.23230238258838654;-0.2426985204219818;0.20726925134658813
79;8;3;0.0;0.0;0.5;0.5;0.6938709616661072;0.6931077241897583;0.14788147807121277;0.33533573150634766;-0.2729126811027527;0.4101930260658264
80;8;1;2.516993267678229;0.6251058411019077;0.5;0.5;0.6938692927360535;0.6931077241897583;-0.01678811013698578;0.40061190724372864;-0.032690782099962234;0.23779012262821198
80;8;2;0.0;0.0;0.5;0.5;0.6938692927360535;0.6931077241897583;-0.028544610366225243;0.23230206966400146;-0.24270254373550415;0.20726709067821503
80;8;3;0.0;0.0;0.5;0.5;0.6938692927360535;0.6931077241897583;0.14788129925727844;0.3353356122970581;-0.2729169726371765;0.4101869463920593
81;8;1;2.516993267678229;0.6251058411019077;0.5;0.5;0.6938689947128296;0.6931077837944031;-0.016788413748145103;0.4006116986274719;-0.032690759748220444;0.23778995871543884
81;8;2;0.0;0.0;0.5;0.5;0.6938689947128296;0.6931077837944031;-0.02854529768228531;0.23230181634426117;-0.24270622432231903;0.20726515352725983
81;8;3;0.0;0.0;0.5;0.5;0.6938689947128296;0.6931077837944031;0.1478811353445053;0.33533552289009094;-0.2729087173938751;0.4101986289024353
82;8;1;2.516993267678229;0.6251058411019077;0.5;0.5;0.6938697099685669;0.6931077241897583;-0.016788695007562637;0.40061143040657043;-0.032690733671188354;0.23778976500034332
82;8;2;0.0;0.0;0.5;0.5;0.6938697099685669;0.6931077241897583;-0.02854592353105545;0.23230154812335968;-0.24270950257778168;0.20726342499256134
82;8;3;0.0;0.0;0.5;0.5;0.6938697099685669;0.6931077241897583;0.14788100123405457;0.3353354036808014;-0.2728893756866455;0.4102259874343872
83;8;1;2.516993267678229;0.6251058411019077;0.5;0.5;0.6938714385032654;0.6931077837944031;-0.016788937151432037;0.4006112515926361;-0.03269071877002716;0.2377895712852478
83;8;2;0.0;0.0;0.5;0.5;0.6938714385032654;0.6931077837944031;-0.02854648232460022;0.23230130970478058;-0.24271246790885925;0.2072618454694748
83;8;3;0.0;0.0;0.5;0.5;0.6938714385032654;0.6931077837944031;0.14788085222244263;0.3353353440761566;-0.2728608548641205;0.41026630997657776
84;8;1;2.516993267678229;0.6251058411019077;0.5;0.5;0.693873941898346;0.6931077241897583;-0.016789160668849945;0.4006110429763794;-0.03269070014357567;0.23778942227363586
84;8;2;0.0;0.0;0.5;0.5;0.693873941898346;0.6931077241897583;-0.028546983376145363;0.23230111598968506;-0.24271512031555176;0.20726042985916138
84;8;3;0.0;0.0;0.5;0.5;0.693873941898346;0.6931077241897583;0.14788076281547546;0.33533525466918945;-0.27282512187957764;0.4103168547153473
85;8;1;2.516993267678229;0.6251058411019077;0.5;0.5;0.693877100944519;0.6931077241897583;-0.016789359971880913;0.40061089396476746;-0.032690685242414474;0.23778928816318512
85;8;2;0.0;0.0;0.5;0.5;0.693877100944519;0.6931077241897583;-0.028547439724206924;0.23230093717575073;-0.24271753430366516;0.2072591632604599
85;8;3;0.0;0.0;0.5;0.5;0.693877100944519;0.6931077241897583;0.1478806436061859;0.3353351950645447;-0.2727842330932617;0.4103746712207794
86;8;1;2.516993267678229;0.6251058411019077;0.5;0.5;0.6938807368278503;0.6931076645851135;-0.01678953878581524;0.4006107449531555;-0.03269067034125328;0.23778916895389557
86;8;2;0.0;0.0;0.5;0.5;0.6938807368278503;0.6931076645851135;-0.028547843918204308;0.2323007434606552;-0.24271968007087708;0.20725801587104797
86;8;3;0.0;0.0;0.5;0.5;0.6938807368278503;0.6931076645851135;0.14788053929805756;0.3353351354598999;-0.2727402448654175;0.41043686866760254
87;8;1;2.516993267678229;0.6251058411019077;0.5;0.5;0.6938847303390503;0.6931076645851135;-0.016789695248007774;0.40061062574386597;-0.03269065544009209;0.23778903484344482
87;8;2;0.0;0.0;0.5;0.5;0.6938847303390503;0.6931076645851135;-0.028548218309879303;0.23230062425136566;-0.24272161722183228;0.2072569727897644
87;8;3;0.0;0.0;0.5;0.5;0.6938847303390503;0.6931076645851135;0.1478804647922516;0.3353350758552551;-0.2726950943470001;0.41050073504447937
88;8;1;2.516993267678229;0.6251058411019077;0.5;0.5;0.6938886642456055;0.6931077241897583;-0.016789842396974564;0.4006105065345764;-0.03269064426422119;0.23778894543647766
88;8;2;0.0;0.0;0.5;0.5;0.6938886642456055;0.6931077241897583;-0.02854854427278042;0.23230049014091492;-0.24272337555885315;0.20725604891777039
88;8;3;0.0;0.0;0.5;0.5;0.6938886642456055;0.6931077241897583;0.14788039028644562;0.33533501625061035;-0.2726506292819977;0.4105636179447174
89;8;1;2.516993267678229;0.6251058411019077;0.5;0.5;0.6938926577568054;0.6931076645851135;-0.016789976507425308;0.40061038732528687;-0.03269064053893089;0.2377888560295105
89;8;2;0.0;0.0;0.5;0.5;0.6938926577568054;0.6931076645851135;-0.028548842296004295;0.23230037093162537;-0.2427249550819397;0.20725522935390472
89;8;3;0.0;0.0;0.5;0.5;0.6938926577568054;0.6931076645851135;0.14788031578063965;0.3353349566459656;-0.2726083993911743;0.41062334179878235
90;8;1;2.516993267678229;0.6251058411019077;0.5;0.5;0.6938964128494263;0.6931076645851135;-0.01679009571671486;0.4006102979183197;-0.0326906256377697;0.23778878152370453
90;8;2;0.0;0.0;0.5;0.5;0.6938964128494263;0.6931076645851135;-0.028549108654260635;0.23230025172233582;-0.24272635579109192;0.20725446939468384
90;8;3;0.0;0.0;0.5;0.5;0.6938964128494263;0.6931076645851135;0.14788025617599487;0.3353349268436432;-0.27256980538368225;0.4106779098510742
91;8;1;2.516993267678229;0.6251058411019077;0.5;0.5;0.6938998103141785;0.6931076645851135;-0.016790201887488365;0.40061020851135254;-0.0326906181871891;0.23778870701789856
91;8;2;0.0;0.0;0.5;0.5;0.6938998103141785;0.6931076645851135;-0.028549354523420334;0.23230016231536865;-0.2427276372909546;0.20725379884243011
91;8;3;0.0;0.0;0.5;0.5;0.6938998103141785;0.6931076645851135;0.1478801965713501;0.3353348970413208;-0.27253589034080505;0.4107258915901184
92;8;1;2.516993267678229;0.6251058411019077;0.5;0.5;0.693902850151062;0.6931076645851135;-0.016790295019745827;0.40061014890670776;-0.032690610736608505;0.2377886325120926
92;8;2;0.0;0.0;0.5;0.5;0.693902850151062;0.6931076645851135;-0.028549565002322197;0.2323000729084015;-0.24272876977920532;0.20725317299365997
92;8;3;0.0;0.0;0.5;0.5;0.693902850151062;0.6931076645851135;0.14788013696670532;0.3353348672389984;-0.27250751852989197;0.41076600551605225
93;8;1;2.516993267678229;0.6251058411019077;0.5;0.5;0.6939054131507874;0.6931076645851135;-0.016790376976132393;0.400610089302063;-0.03269060701131821;0.237788587808609
93;8;2;0.0;0.0;0.5;0.5;0.6939054131507874;0.6931076645851135;-0.028549760580062866;0.23229998350143433;-0.24272982776165009;0.2072526514530182
93;8;3;0.0;0.0;0.5;0.5;0.6939054131507874;0.6931076645851135;0.14788010716438293;0.335334837436676;-0.2724851369857788;0.410797655582428
94;8;1;2.516993267678229;0.6251058411019077;0.5;0.5;0.6939073204994202;0.6931077241897583;-0.01679045893251896;0.4006099998950958;-0.03269060328602791;0.23778852820396423
94;8;2;0.0;0.0;0.5;0.5;0.6939073204994202;0.6931077241897583;-0.028549939393997192;0.23229992389678955;-0.2427307367324829;0.2072521448135376
94;8;3;0.0;0.0;0.5;0.5;0.6939073204994202;0.6931077241897583;0.14788006246089935;0.33533477783203125;-0.27246904373168945;0.4108204245567322
95;8;1;2.516993267678229;0.6251058411019077;0.5;0.5;0.6939088106155396;0.6931076645851135;-0.01679052785038948;0.40060997009277344;-0.03269059583544731;0.23778849840164185
95;8;2;0.0;0.0;0.5;0.5;0.6939088106155396;0.6931076645851135;-0.02855009399354458;0.23229984939098358;-0.24273157119750977;0.20725171267986298
95;8;3;0.0;0.0;0.5;0.5;0.6939088106155396;0.6931076645851135;0.14788001775741577;0.33533474802970886;-0.2724591791629791;0.4108343720436096
96;8;1;2.516993267678229;0.6251058411019077;0.5;0.5;0.693909764289856;0.6931076645851135;-0.016790594905614853;0.40060991048812866;-0.03269059211015701;0.23778843879699707
96;8;2;0.0;0.0;0.5;0.5;0.693909764289856;0.6931076645851135;-0.02855023927986622;0.2322997897863388;-0.24273233115673065;0.20725129544734955
96;8;3;0.0;0.0;0.5;0.5;0.693909764289856;0.6931076645851135;0.14787998795509338;0.33533474802970886;-0.27245527505874634;0.41083988547325134
97;8;1;2.516993267678229;0.6251058411019077;0.5;0.5;0.6939100623130798;0.6931077241897583;-0.01679064705967903;0.4006098508834839;-0.03269059211015701;0.2377883940935135
97;8;2;0.0;0.0;0.5;0.5;0.6939100623130798;0.6931077241897583;-0.028550367802381516;0.23229974508285522;-0.24273300170898438;0.2072509378194809
97;8;3;0.0;0.0;0.5;0.5;0.6939100623130798;0.6931077241897583;0.147879958152771;0.33533474802970886;-0.27245694398880005;0.4108375310897827
98;8;1;2.516993267678229;0.6251058411019077;0.5;0.5;0.6939098834991455;0.6931076645851135;-0.01679069735109806;0.4006098210811615;-0.032690584659576416;0.2377883493900299
98;8;2;0.0;0.0;0.5;0.5;0.6939098834991455;0.6931076645851135;-0.02855048142373562;0.23229970037937164;-0.24273362755775452;0.20725060999393463
98;8;3;0.0;0.0;0.5;0.5;0.6939098834991455;0.6931076645851135;0.1478799283504486;0.3353346884250641;-0.27246350049972534;0.41082826256752014
99;8;1;2.516993267678229;0.6251058411019077;0.5;0.5;0.6939092874526978;0.6931076645851135;-0.016790740191936493;0.4006097912788391;-0.03269058093428612;0.23778831958770752
99;8;2;0.0;0.0;0.5;0.5;0.6939092874526978;0.6931076645851135;-0.028550582006573677;0.23229965567588806;-0.2427341639995575;0.20725032687187195
99;8;3;0.0;0.0;0.5;0.5;0.6939092874526978;0.6931076645851135;0.14787989854812622;0.3353346884250641;-0.2724741995334625;0.4108131229877472
100;8;1;2.516993267678229;0.6251058411019077;0.5;0.5;0.6939082741737366;0.6931076645851135;-0.016790779307484627;0.4006097614765167;-0.03269058093428612;0.23778831958770752
100;8;2;0.0;0.0;0.5;0.5;0.6939082741737366;0.6931076645851135;-0.02855067513883114;0.23229962587356567;-0.2427346408367157;0.20725004374980927
100;8;3;0.0;0.0;0.5;0.5;0.6939082741737366;0.6931076645851135;0.14787988364696503;0.3353346586227417;-0.2724882960319519;0.4107931852340698
101;8;1;2.516993267678229;0.6251058411019077;0.5;0.5;0.6939070224761963;0.6931076645851135;-0.01679082028567791;0.40060970187187195;-0.03269058093428612;0.23778827488422394
101;8;2;0.0;0.0;0.5;0.5;0.6939070224761963;0.6931076645851135;-0.0285507645457983;0.2322995811700821;-0.2427350878715515;0.20724980533123016
101;8;3;0.0;0.0;0.5;0.5;0.6939070224761963;0.6931076645851135;0.14787986874580383;0.3353346586227417;-0.27250486612319946;0.4107697606086731
102;8;1;2.516993267678229;0.6251058411019077;0.5;0.5;0.6939056515693665;0.6931076645851135;-0.016790853813290596;0.40060970187187195;-0.03269058093428612;0.23778825998306274
102;8;2;0.0;0.0;0.5;0.5;0.6939056515693665;0.6931076645851135;-0.02855083718895912;0.2322995513677597;-0.24273547530174255;0.20724959671497345
102;8;3;0.0;0.0;0.5;0.5;0.6939056515693665;0.6931076645851135;0.14787983894348145;0.3353346586227417;-0.27252307534217834;0.4107440114021301
103;8;1;2.516993267678229;0.6251058411019077;0.5;0.5;0.693903923034668;0.6931077241897583;-0.016790883615612984;0.40060967206954956;-0.03269057720899582;0.23778824508190155
103;8;2;0.0;0.0;0.5;0.5;0.693903923034668;0.6931077241897583;-0.028550904244184494;0.23229952156543732;-0.2427358478307724;0.20724941790103912
103;8;3;0.0;0.0;0.5;0.5;0.693903923034668;0.6931077241897583;0.14787982404232025;0.3353346586227417;-0.2725420594215393;0.4107171595096588
104;8;1;2.516993267678229;0.6251058411019077;0.5;0.5;0.6939022541046143;0.6931076645851135;-0.01679091528058052;0.4006096124649048;-0.03269057348370552;0.23778821527957916
104;8;2;0.0;0.0;0.5;0.5;0.6939022541046143;0.6931076645851135;-0.028550967574119568;0.23229950666427612;-0.24273616075515747;0.2072492390871048
104;8;3;0.0;0.0;0.5;0.5;0.6939022541046143;0.6931076645851135;0.14787982404232025;0.3353346288204193;-0.2725610136985779;0.4106903672218323
105;8;1;2.516993267678229;0.6251058411019077;0.5;0.5;0.6939005851745605;0.6931077837944031;-0.01679093763232231;0.4006096124649048;-0.032690566033124924;0.23778818547725677
105;8;2;0.0;0.0;0.5;0.5;0.6939005851745605;0.6931077837944031;-0.028551021590828896;0.23229946196079254;-0.24273645877838135;0.20724909007549286
105;8;3;0.0;0.0;0.5;0.5;0.6939005851745605;0.6931077837944031;0.14787980914115906;0.3353346586227417;-0.27257928252220154;0.41066452860832214
106;8;1;2.516993267678229;0.6251058411019077;0.5;0.5;0.6938989758491516;0.6931076645851135;-0.016790958121418953;0.4006096124649048;-0.03269056975841522;0.23778818547725677
106;8;2;0.0;0.0;0.5;0.5;0.6938989758491516;0.6931076645851135;-0.028551071882247925;0.23229946196079254;-0.24273672699928284;0.20724894106388092
106;8;3;0.0;0.0;0.5;0.5;0.6938989758491516;0.6931076645851135;0.14787980914115906;0.3353345990180969;-0.27259618043899536;0.4106406271457672
107;8;1;2.516993267678229;0.6251058411019077;0.5;0.5;0.6938974857330322;0.6931076645851135;-0.016790976747870445;0.4006096124649048;-0.032690566033124924;0.23778817057609558
107;8;2;0.0;0.0;0.5;0.5;0.6938974857330322;0.6931076645851135;-0.028551114723086357;0.23229944705963135;-0.24273696541786194;0.20724882185459137
107;8;3;0.0;0.0;0.5;0.5;0.6938974857330322;0.6931076645851135;0.14787977933883667;0.3353345990180969;-0.27261126041412354;0.4106192886829376
108;8;1;2.516993267678229;0.6251058411019077;0.5;0.5;0.6938961744308472;0.6931076645851135;-0.016790997236967087;0.40060955286026;-0.032690566033124924;0.2377881556749344
108;8;2;0.0;0.0;0.5;0.5;0.6938961744308472;0.6931076645851135;-0.02855115570127964;0.23229941725730896;-0.24273715913295746;0.20724870264530182
108;8;3;0.0;0.0;0.5;0.5;0.6938961744308472;0.6931076645851135;0.14787977933883667;0.3353346288204193;-0.272624135017395;0.41060107946395874
109;8;1;2.516993267678229;0.6251058411019077;0.5;0.5;0.6938949227333069;0.6931076645851135;-0.016791019588708878;0.40060955286026;-0.032690566033124924;0.2377881407737732
109;8;2;0.0;0.0;0.5;0.5;0.6938949227333069;0.6931076645851135;-0.028551194816827774;0.23229940235614777;-0.24273733794689178;0.20724859833717346
109;8;3;0.0;0.0;0.5;0.5;0.6938949227333069;0.6931076645851135;0.14787976443767548;0.3353345990180969;-0.2726345360279083;0.4105863869190216
110;8;1;2.516993267678229;0.6251058411019077;0.5;0.5;0.6938940286636353;0.6931076645851135;-0.016791028901934624;0.40060955286026;-0.032690566033124924;0.237788125872612
110;8;2;0.0;0.0;0.5;0.5;0.6938940286636353;0.6931076645851135;-0.02855122648179531;0.23229940235614777;-0.2427375167608261;0.2072484940290451
110;8;3;0.0;0.0;0.5;0.5;0.6938940286636353;0.6931076645851135;0.14787976443767548;0.3353345990180969;-0.2726423144340515;0.41057538986206055
111;8;1;2.516993267678229;0.6251058411019077;0.5;0.5;0.6938934326171875;0.6931077837944031;-0.01679103635251522;0.40060955286026;-0.032690566033124924;0.2377881407737732
111;8;2;0.0;0.0;0.5;0.5;0.6938934326171875;0.6931077837944031;-0.028551258146762848;0.23229937255382538;-0.24273768067359924;0.20724840462207794
111;8;3;0.0;0.0;0.5;0.5;0.6938934326171875;0.6931077837944031;0.14787974953651428;0.3353345990180969;-0.2726474404335022;0.41056811809539795
112;8;1;2.516993267678229;0.6251058411019077;0.5;0.5;0.693892776966095;0.6931076645851135;-0.016791043803095818;0.4006095230579376;-0.032690566033124924;0.237788125872612
112;8;2;0.0;0.0;0.5;0.5;0.693892776966095;0.6931076645851135;-0.028551282361149788;0.23229937255382538;-0.24273782968521118;0.20724835991859436
112;8;3;0.0;0.0;0.5;0.5;0.693892776966095;0.6931076645851135;0.14787974953651428;0.3353345990180969;-0.27264997363090515;0.4105645418167114
113;8;1;2.516993267678229;0.6251058411019077;0.5;0.5;0.6938926577568054;0.6931076645851135;-0.016791054978966713;0.4006095230579376;-0.032690566033124924;0.237788125872612
113;8;2;0.0;0.0;0.5;0.5;0.6938926577568054;0.6931076645851135;-0.028551306575536728;0.232299342751503;-0.24273793399333954;0.207248255610466
113;8;3;0.0;0.0;0.5;0.5;0.6938926577568054;0.6931076645851135;0.14787974953651428;0.33533456921577454;-0.2726500928401947;0.4105643928050995
114;8;1;2.516993267678229;0.6251058411019077;0.5;0.5;0.6938926577568054;0.6931076645851135;-0.016791069880127907;0.4006095230579376;-0.032690566033124924;0.2377881109714508
114;8;2;0.0;0.0;0.5;0.5;0.6938926577568054;0.6931076645851135;-0.02855132520198822;0.232299342751503;-0.2427380532026291;0.20724821090698242
114;8;3;0.0;0.0;0.5;0.5;0.6938926577568054;0.6931076645851135;0.14787974953651428;0.33533456921577454;-0.27264806628227234;0.4105672538280487
115;8;1;2.516993267678229;0.6251058411019077;0.5;0.5;0.693892776966095;0.6931076645851135;-0.016791069880127907;0.4006095230579376;-0.032690566033124924;0.2377881109714508
115;8;2;0.0;0.0;0.5;0.5;0.693892776966095;0.6931076645851135;-0.028551345691084862;0.232299342751503;-0.24273817241191864;0.20724816620349884
115;8;3;0.0;0.0;0.5;0.5;0.693892776966095;0.6931076645851135;0.1478797346353531;0.33533456921577454;-0.27264413237571716;0.4105727970600128
116;8;1;2.516993267678229;0.6251058411019077;0.5;0.5;0.6938932538032532;0.6931076645851135;-0.016791081055998802;0.40060949325561523;-0.032690562307834625;0.2377880960702896
116;8;2;0.0;0.0;0.5;0.5;0.6938932538032532;0.6931076645851135;-0.028551366180181503;0.232299342751503;-0.2427382469177246;0.20724812150001526
116;8;3;0.0;0.0;0.5;0.5;0.6938932538032532;0.6931076645851135;0.1478797197341919;0.3353345990180969;-0.2726386487483978;0.410580575466156
117;8;1;2.516993267678229;0.6251058411019077;0.5;0.5;0.6938937306404114;0.6931077241897583;-0.01679108291864395;0.40060949325561523;-0.032690562307834625;0.2377880960702896
117;8;2;0.0;0.0;0.5;0.5;0.6938937306404114;0.6931077241897583;-0.028551381081342697;0.2322993278503418;-0.24273833632469177;0.20724809169769287
117;8;3;0.0;0.0;0.5;0.5;0.6938937306404114;0.6931077241897583;0.1478797197341919;0.33533453941345215;-0.272631973028183;0.4105899930000305
118;8;1;2.516993267678229;0.6251058411019077;0.5;0.5;0.6938942670822144;0.6931077241897583;-0.016791095957159996;0.40060949325561523;-0.03269055485725403;0.23778808116912842
118;8;2;0.0;0.0;0.5;0.5;0.6938942670822144;0.6931077241897583;-0.028551394119858742;0.2322993278503418;-0.24273841083049774;0.2072480469942093
118;8;3;0.0;0.0;0.5;0.5;0.6938942670822144;0.6931077241897583;0.1478797197341919;0.33533456921577454;-0.27262449264526367;0.41060057282447815
119;8;1;2.516993267678229;0.6251058411019077;0.5;0.5;0.6938949227333069;0.6931076645851135;-0.016791097819805145;0.40060949325561523;-0.03269055485725403;0.23778806626796722
119;8;2;0.0;0.0;0.5;0.5;0.6938949227333069;0.6931076645851135;-0.028551405295729637;0.2322993278503418;-0.24273847043514252;0.2072480022907257
119;8;3;0.0;0.0;0.5;0.5;0.6938949227333069;0.6931076645851135;0.1478797197341919;0.33533456921577454;-0.27261656522750854;0.4106118083000183
120;8;1;2.516993267678229;0.6251058411019077;0.5;0.5;0.6938956379890442;0.6931076645851135;-0.01679111085832119;0.40060946345329285;-0.03269055113196373;0.23778806626796722
120;8;2;0.0;0.0;0.5;0.5;0.6938956379890442;0.6931076645851135;-0.028551416471600533;0.2322993129491806;-0.2427385300397873;0.20724795758724213
120;8;3;0.0;0.0;0.5;0.5;0.6938956379890442;0.6931076645851135;0.1478797197341919;0.33533456921577454;-0.27260851860046387;0.410623162984848
121;8;1;2.516993267678229;0.6251058411019077;0.5;0.5;0.6938964128494263;0.6931076645851135;-0.01679111085832119;0.40060946345329285;-0.03269055485725403;0.23778805136680603
121;8;2;0.0;0.0;0.5;0.5;0.6938964128494263;0.6931076645851135;-0.028551427647471428;0.2322993129491806;-0.24273858964443207;0.20724794268608093
121;8;3;0.0;0.0;0.5;0.5;0.6938964128494263;0.6931076645851135;0.1478797197341919;0.33533456921577454;-0.2726006507873535;0.410634309053421
122;8;1;2.516993267678229;0.6251058411019077;0.5;0.5;0.6938971281051636;0.6931077241897583;-0.01679110899567604;0.40060946345329285;-0.03269055858254433;0.23778805136680603
122;8;2;0.0;0.0;0.5;0.5;0.6938971281051636;0.6931077241897583;-0.028551435098052025;0.2322992980480194;-0.24273863434791565;0.20724791288375854
122;8;3;0.0;0.0;0.5;0.5;0.6938971281051636;0.6931077241897583;0.1478797197341919;0.33533456921577454;-0.27259328961372375;0.4106447100639343
123;8;1;2.516993267678229;0.6251058411019077;0.5;0.5;0.6938976645469666;0.6931077241897583;-0.016791118308901787;0.40060946345329285;-0.03269055858254433;0.23778808116912842
123;8;2;0.0;0.0;0.5;0.5;0.6938976645469666;0.6931077241897583;-0.028551442548632622;0.2322993129491806;-0.24273866415023804;0.20724788308143616
123;8;3;0.0;0.0;0.5;0.5;0.6938976645469666;0.6931077241897583;0.1478797197341919;0.33533456921577454;-0.2725865840911865;0.4106541872024536
124;8;1;2.516993267678229;0.6251058411019077;0.5;0.5;0.6938983201980591;0.6931076645851135;-0.016791129484772682;0.40060946345329285;-0.03269055858254433;0.23778808116912842
124;8;2;0.0;0.0;0.5;0.5;0.6938983201980591;0.6931076645851135;-0.02855144999921322;0.23229928314685822;-0.24273870885372162;0.20724786818027496
124;8;3;0.0;0.0;0.5;0.5;0.6938983201980591;0.6931076645851135;0.1478797197341919;0.33533456921577454;-0.2725808024406433;0.41066235303878784
125;8;1;2.516993267678229;0.6251058411019077;0.5;0.5;0.6938988566398621;0.6931077241897583;-0.01679113134741783;0.40060946345329285;-0.032690562307834625;0.23778806626796722
125;8;2;0.0;0.0;0.5;0.5;0.6938988566398621;0.6931077241897583;-0.028551457449793816;0.2322992980480194;-0.2427387535572052;0.20724783837795258
125;8;3;0.0;0.0;0.5;0.5;0.6938988566398621;0.6931077241897583;0.1478797048330307;0.33533456921577454;-0.2725760340690613;0.41066911816596985
126;8;1;2.516993267678229;0.6251058411019077;0.5;0.5;0.6938992142677307;0.6931076645851135;-0.01679113321006298;0.40060946345329285;-0.032690566033124924;0.23778808116912842
126;8;2;0.0;0.0;0.5;0.5;0.6938992142677307;0.6931076645851135;-0.028551466763019562;0.23229928314685822;-0.2427387833595276;0.20724783837795258
126;8;3;0.0;0.0;0.5;0.5;0.6938992142677307;0.6931076645851135;0.1478797048330307;0.33533456921577454;-0.2725723385810852;0.4106743335723877
127;8;1;2.516993267678229;0.6251058411019077;0.5;0.5;0.6938995718955994;0.6931077241897583;-0.01679113321006298;0.40060946345329285;-0.032690566033124924;0.23778808116912842
127;8;2;0.0;0.0;0.5;0.5;0.6938995718955994;0.6931077241897583;-0.02855146862566471;0.2322993129491806;-0.24273882806301117;0.20724782347679138
127;8;3;0.0;0.0;0.5;0.5;0.6938995718955994;0.6931077241897583;0.1478797048330307;0.33533456921577454;-0.27256977558135986;0.410677969455719
128;8;1;2.516993267678229;0.6251058411019077;0.5;0.5;0.6938998103141785;0.6931076645851135;-0.01679113321006298;0.40060946345329285;-0.032690566033124924;0.23778808116912842
128;8;2;0.0;0.0;0.5;0.5;0.6938998103141785;0.6931076645851135;-0.028551476076245308;0.23229928314685822;-0.24273884296417236;0.20724782347679138
128;8;3;0.0;0.0;0.5;0.5;0.6938998103141785;0.6931076645851135;0.1478797048330307;0.33533456921577454;-0.2725682854652405;0.4106800854206085
129;8;1;2.516993267678229;0.6251058411019077;0.5;0.5;0.693899929523468;0.6931077241897583;-0.01679113507270813;0.40060946345329285;-0.032690566033124924;0.23778808116912842
129;8;2;0.0;0.0;0.5;0.5;0.693899929523468;0.6931077241897583;-0.028551476076245308;0.23229928314685822;-0.24273884296417236;0.2072477787733078
129;8;3;0.0;0.0;0.5;0.5;0.693899929523468;0.6931077241897583;0.1478797048330307;0.33533456921577454;-0.27256786823272705;0.4106806516647339
130;8;1;2.516993267678229;0.6251058411019077;0.5;0.5;0.6938999891281128;0.6931076645851135;-0.01679113879799843;0.40060946345329285;-0.03269056975841522;0.23778806626796722
130;8;2;0.0;0.0;0.5;0.5;0.6938999891281128;0.6931076645851135;-0.028551483526825905;0.23229928314685822;-0.24273888766765594;0.2072477787733078
130;8;3;0.0;0.0;0.5;0.5;0.6938999891281128;0.6931076645851135;0.1478797048330307;0.33533456921577454;-0.2725684344768524;0.4106798470020294
131;8;1;2.516993267678229;0.6251058411019077;0.5;0.5;0.6938999891281128;0.6931076645851135;-0.01679113879799843;0.40060946345329285;-0.03269057348370552;0.23778806626796722
131;8;2;0.0;0.0;0.5;0.5;0.6938999891281128;0.6931076645851135;-0.028551485389471054;0.23229928314685822;-0.24273890256881714;0.2072477787733078
131;8;3;0.0;0.0;0.5;0.5;0.6938999891281128;0.6931076645851135;0.1478797048330307;0.33533456921577454;-0.27256980538368225;0.4106779098510742
132;8;1;2.516993267678229;0.6251058411019077;0.5;0.5;0.6938998103141785;0.6931076645851135;-0.01679113879799843;0.40060946345329285;-0.03269057348370552;0.23778806626796722
132;8;2;0.0;0.0;0.5;0.5;0.6938998103141785;0.6931076645851135;-0.028551487252116203;0.23229928314685822;-0.24273893237113953;0.2072477489709854
132;8;3;0.0;0.0;0.5;0.5;0.6938998103141785;0.6931076645851135;0.1478797048330307;0.33533456921577454;-0.2725718915462494;0.4106749892234802
133;8;1;2.516993267678229;0.6251058411019077;0.5;0.5;0.6938996911048889;0.6931076645851135;-0.016791140660643578;0.40060946345329285;-0.03269057348370552;0.23778806626796722
133;8;2;0.0;0.0;0.5;0.5;0.6938996911048889;0.6931076645851135;-0.028551489114761353;0.23229928314685822;-0.24273893237113953;0.2072477489709854
133;8;3;0.0;0.0;0.5;0.5;0.6938996911048889;0.6931076645851135;0.1478797048330307;0.33533456921577454;-0.2725745439529419;0.4106712341308594
134;8;1;2.516993267678229;0.6251058411019077;0.5;0.5;0.6938994526863098;0.6931077241897583;-0.016791144385933876;0.40060946345329285;-0.03269057348370552;0.23778806626796722
134;8;2;0.0;0.0;0.5;0.5;0.6938994526863098;0.6931077241897583;-0.028551490977406502;0.23229928314685822;-0.24273896217346191;0.2072477489709854
134;8;3;0.0;0.0;0.5;0.5;0.6938994526863098;0.6931077241897583;0.1478797048330307;0.33533456921577454;-0.27257758378982544;0.41066691279411316
135;8;1;2.516993267678229;0.6251058411019077;0.5;0.5;0.6938990354537964;0.6931076645851135;-0.016791144385933876;0.40060946345329285;-0.03269057348370552;0.23778806626796722
135;8;2;0.0;0.0;0.5;0.5;0.6938990354537964;0.6931076645851135;-0.02855149284005165;0.23229926824569702;-0.2427389919757843;0.2072477489709854
135;8;3;0.0;0.0;0.5;0.5;0.6938990354537964;0.6931076645851135;0.1478797048330307;0.33533456921577454;-0.2725808918476105;0.4106622338294983
136;8;1;2.516993267678229;0.6251058411019077;0.5;0.5;0.6938988566398621;0.6931076645851135;-0.016791144385933876;0.40060946345329285;-0.03269057348370552;0.23778806626796722
136;8;2;0.0;0.0;0.5;0.5;0.6938988566398621;0.6931076645851135;-0.0285514947026968;0.23229928314685822;-0.2427389919757843;0.2072477489709854
136;8;3;0.0;0.0;0.5;0.5;0.6938988566398621;0.6931076645851135;0.1478797048330307;0.33533456921577454;-0.27258428931236267;0.41065743565559387
137;8;1;2.516993267678229;0.6251058411019077;0.5;0.5;0.6938984990119934;0.6931076645851135;-0.016791144385933876;0.40060946345329285;-0.03269057348370552;0.23778806626796722
137;8;2;0.0;0.0;0.5;0.5;0.6938984990119934;0.6931076645851135;-0.02855149656534195;0.23229926824569702;-0.2427389919757843;0.20724773406982422
137;8;3;0.0;0.0;0.5;0.5;0.6938984990119934;0.6931076645851135;0.1478797048330307;0.33533456921577454;-0.2725876569747925;0.41065266728401184
138;8;1;2.516993267678229;0.6251058411019077;0.5;0.5;0.6938982009887695;0.6931077241897583;-0.016791144385933876;0.40060946345329285;-0.03269057348370552;0.23778806626796722
138;8;2;0.0;0.0;0.5;0.5;0.6938982009887695;0.6931077241897583;-0.0285514984279871;0.23229926824569702;-0.2427390068769455;0.20724773406982422
138;8;3;0.0;0.0;0.5;0.5;0.6938982009887695;0.6931077241897583;0.1478797048330307;0.33533456921577454;-0.27259087562561035;0.4106481373310089
139;8;1;2.516993267678229;0.6251058411019077;0.5;0.5;0.6938980221748352;0.6931076645851135;-0.016791144385933876;0.40060946345329285;-0.03269057348370552;0.23778806626796722
139;8;2;0.0;0.0;0.5;0.5;0.6938980221748352;0.6931076645851135;-0.028551500290632248;0.23229926824569702;-0.2427390068769455;0.20724771916866302
139;8;3;0.0;0.0;0.5;0.5;0.6938980221748352;0.6931076645851135;0.1478797048330307;0.33533456921577454;-0.27259379625320435;0.410643994808197
140;8;1;2.516993267678229;0.6251058411019077;0.5;0.5;0.6938976645469666;0.6931077241897583;-0.016791144385933876;0.40060946345329285;-0.03269057348370552;0.23778806626796722
140;8;2;0.0;0.0;0.5;0.5;0.6938976645469666;0.6931077241897583;-0.028551502153277397;0.23229926824569702;-0.2427390068769455;0.20724771916866302
140;8;3;0.0;0.0;0.5;0.5;0.6938976645469666;0.6931077241897583;0.1478797048330307;0.33533456921577454;-0.2725963890552521;0.41064032912254333
141;8;1;2.516993267678229;0.6251058411019077;0.5;0.5;0.6938974857330322;0.6931076645851135;-0.016791144385933876;0.40060946345329285;-0.03269057348370552;0.23778806626796722
141;8;2;0.0;0.0;0.5;0.5;0.6938974857330322;0.6931076645851135;-0.028551504015922546;0.23229925334453583;-0.2427390068769455;0.20724770426750183
141;8;3;0.0;0.0;0.5;0.5;0.6938974857330322;0.6931076645851135;0.1478797048330307;0.33533456921577454;-0.27259859442710876;0.4106371998786926
142;8;1;2.516993267678229;0.6251058411019077;0.5;0.5;0.6938972473144531;0.6931076645851135;-0.016791144385933876;0.40060946345329285;-0.03269057348370552;0.23778806626796722
142;8;2;0.0;0.0;0.5;0.5;0.6938972473144531;0.6931076645851135;-0.028551504015922546;0.23229925334453583;-0.2427390068769455;0.20724770426750183
142;8;3;0.0;0.0;0.5;0.5;0.6938972473144531;0.6931076645851135;0.1478797048330307;0.33533456921577454;-0.27260032296180725;0.41063475608825684
143;8;1;2.516993267678229;0.6251058411019077;0.5;0.5;0.6938971281051636;0.6931077241897583;-0.016791144385933876;0.40060946345329285;-0.03269057348370552;0.23778806626796722
143;8;2;0.0;0.0;0.5;0.5;0.6938971281051636;0.6931077241897583;-0.028551504015922546;0.23229925334453583;-0.2427390217781067;0.20724770426750183
143;8;3;0.0;0.0;0.5;0.5;0.6938971281051636;0.6931077241897583;0.1478797048330307;0.33533456921577454;-0.27260157465934753;0.41063299775123596
144;8;1;2.516993267678229;0.6251058411019077;0.5;0.5;0.693897008895874;0.6931076645851135;-0.016791144385933876;0.40060946345329285;-0.03269057348370552;0.23778806626796722
144;8;2;0.0;0.0;0.5;0.5;0.693897008895874;0.6931076645851135;-0.028551504015922546;0.23229925334453583;-0.2427390217781067;0.20724770426750183
144;8;3;0.0;0.0;0.5;0.5;0.693897008895874;0.6931076645851135;0.1478797048330307;0.33533456921577454;-0.2726023495197296;0.4106318950653076
145;8;1;2.516993267678229;0.6251058411019077;0.5;0.5;0.6938969492912292;0.6931076645851135;-0.016791144385933876;0.40060946345329285;-0.03269057348370552;0.23778806626796722
145;8;2;0.0;0.0;0.5;0.5;0.6938969492912292;0.6931076645851135;-0.028551504015922546;0.23229925334453583;-0.2427390217781067;0.20724768936634064
145;8;3;0.0;0.0;0.5;0.5;0.6938969492912292;0.6931076645851135;0.1478797048330307;0.33533456921577454;-0.2726026773452759;0.4106314182281494
146;8;1;2.516993267678229;0.6251058411019077;0.5;0.5;0.6938969492912292;0.6931077241897583;-0.016791144385933876;0.40060946345329285;-0.03269057348370552;0.23778806626796722
146;8;2;0.0;0.0;0.5;0.5;0.6938969492912292;0.6931077241897583;-0.028551504015922546;0.23229925334453583;-0.2427390217781067;0.20724768936634064
146;8;3;0.0;0.0;0.5;0.5;0.6938969492912292;0.6931077241897583;0.1478797048330307;0.33533456921577454;-0.2726025879383087;0.41063156723976135
147;8;1;2.516993267678229;0.6251058411019077;0.5;0.5;0.6938968300819397;0.6931076645851135;-0.016791144385933876;0.40060946345329285;-0.03269057348370552;0.23778806626796722
147;8;2;0.0;0.0;0.5;0.5;0.6938968300819397;0.6931076645851135;-0.028551504015922546;0.23229925334453583;-0.2427390217781067;0.20724768936634064
147;8;3;0.0;0.0;0.5;0.5;0.6938968300819397;0.6931076645851135;0.1478797048330307;0.33533456921577454;-0.2726021111011505;0.4106322228908539
148;8;1;2.516993267678229;0.6251058411019077;0.5;0.5;0.6938969492912292;0.6931076645851135;-0.016791144385933876;0.40060946345329285;-0.03269057348370552;0.23778806626796722
148;8;2;0.0;0.0;0.5;0.5;0.6938969492912292;0.6931076645851135;-0.028551504015922546;0.23229925334453583;-0.2427390217781067;0.20724768936634064
148;8;3;0.0;0.0;0.5;0.5;0.6938969492912292;0.6931076645851135;0.1478797048330307;0.33533456921577454;-0.27260133624076843;0.4106333255767822
149;8;1;2.516993267678229;0.6251058411019077;0.5;0.5;0.6938970685005188;0.6931076645851135;-0.016791144385933876;0.40060946345329285;-0.03269057348370552;0.23778806626796722
149;8;2;0.0;0.0;0.5;0.5;0.6938970685005188;0.6931076645851135;-0.028551504015922546;0.23229925334453583;-0.2427390217781067;0.20724768936634064
149;8;3;0.0;0.0;0.5;0.5;0.6938970685005188;0.6931076645851135;0.1478797048330307;0.33533456921577454;-0.27260029315948486;0.4106348156929016
150;8;1;2.516993267678229;0.6251058411019077;0.5;0.5;0.6938971281051636;0.6931076645851135;-0.016791144385933876;0.40060946345329285;-0.03269057348370552;0.23778806626796722
150;8;2;0.0;0.0;0.5;0.5;0.6938971281051636;0.6931076645851135;-0.028551504015922546;0.23229925334453583;-0.2427390217781067;0.20724768936634064
150;8;3;0.0;0.0;0.5;0.5;0.6938971281051636;0.6931076645851135;0.1478797048330307;0.33533456921577454;-0.2725990414619446;0.4106365740299225
151;8;1;2.516993267678229;0.6251058411019077;0.5;0.5;0.6938972473144531;0.6931077241897583;-0.016791144385933876;0.40060946345329285;-0.03269057348370552;0.23778806626796722
151;8;2;0.0;0.0;0.5;0.5;0.6938972473144531;0.6931077241897583;-0.028551504015922546;0.23229925334453583;-0.2427390217781067;0.20724765956401825
151;8;3;0.0;0.0;0.5;0.5;0.6938972473144531;0.6931077241897583;0.1478797048330307;0.33533456921577454;-0.27259767055511475;0.4106385111808777
152;8;1;2.516993267678229;0.6251058411019077;0.5;0.5;0.6938973665237427;0.6931076645851135;-0.016791144385933876;0.40060946345329285;-0.03269057348370552;0.23778806626796722
152;8;2;0.0;0.0;0.5;0.5;0.6938973665237427;0.6931076645851135;-0.028551504015922546;0.23229925334453583;-0.2427390217781067;0.20724765956401825
152;8;3;0.0;0.0;0.5;0.5;0.6938973665237427;0.6931076645851135;0.1478797048330307;0.33533456921577454;-0.27259624004364014;0.41064053773880005
153;8;1;2.516993267678229;0.6251058411019077;0.5;0.5;0.6938974857330322;0.6931076645851135;-0.016791144385933876;0.40060946345329285;-0.03269057348370552;0.23778806626796722
153;8;2;0.0;0.0;0.5;0.5;0.6938974857330322;0.6931076645851135;-0.028551504015922546;0.23229925334453583;-0.2427390217781067;0.20724765956401825
153;8;3;0.0;0.0;0.5;0.5;0.6938974857330322;0.6931076645851135;0.1478797048330307;0.33533456921577454;-0.2725948095321655;0.4106425642967224
154;8;1;2.516993267678229;0.6251058411019077;0.5;0.5;0.693897545337677;0.6931076645851135;-0.016791144385933876;0.40060946345329285;-0.03269057348370552;0.23778806626796722
154;8;2;0.0;0.0;0.5;0.5;0.693897545337677;0.6931076645851135;-0.028551504015922546;0.23229925334453583;-0.2427390217781067;0.20724765956401825
154;8;3;0.0;0.0;0.5;0.5;0.693897545337677;0.6931076645851135;0.1478797048330307;0.33533456921577454;-0.2725934386253357;0.4106445014476776
155;8;1;2.516993267678229;0.6251058411019077;0.5;0.5;0.6938976645469666;0.6931077241897583;-0.016791144385933876;0.40060946345329285;-0.03269057348370552;0.23778806626796722
155;8;2;0.0;0.0;0.5;0.5;0.6938976645469666;0.6931077241897583;-0.028551504015922546;0.23229925334453583;-0.2427390217781067;0.20724765956401825
155;8;3;0.0;0.0;0.5;0.5;0.6938976645469666;0.6931077241897583;0.1478797048330307;0.33533456921577454;-0.272592157125473;0.41064631938934326
156;8;1;2.516993267678229;0.6251058411019077;0.5;0.5;0.6938978433609009;0.6931077241897583;-0.016791144385933876;0.40060946345329285;-0.03269057348370552;0.23778806626796722
156;8;2;0.0;0.0;0.5;0.5;0.6938978433609009;0.6931077241897583;-0.028551504015922546;0.23229925334453583;-0.24273905158042908;0.20724765956401825
156;8;3;0.0;0.0;0.5;0.5;0.6938978433609009;0.6931077241897583;0.1478797048330307;0.33533456921577454;-0.2725909948348999;0.4106479585170746
157;8;1;2.516993267678229;0.6251058411019077;0.5;0.5;0.6938980221748352;0.6931076645851135;-0.016791144385933876;0.40060946345329285;-0.03269057348370552;0.23778806626796722
157;8;2;0.0;0.0;0.5;0.5;0.6938980221748352;0.6931076645851135;-0.028551504015922546;0.23229925334453583;-0.24273905158042908;0.20724765956401825
157;8;3;0.0;0.0;0.5;0.5;0.6938980221748352;0.6931076645851135;0.1478797048330307;0.33533456921577454;-0.2725900113582611;0.4106493294239044
158;8;1;2.516993267678229;0.6251058411019077;0.5;0.5;0.6938980221748352;0.6931076645851135;-0.016791144385933876;0.40060946345329285;-0.03269057348370552;0.23778806626796722
158;8;2;0.0;0.0;0.5;0.5;0.6938980221748352;0.6931076645851135;-0.028551504015922546;0.23229925334453583;-0.24273905158042908;0.20724765956401825
158;8;3;0.0;0.0;0.5;0.5;0.6938980221748352;0.6931076645851135;0.1478797048330307;0.33533456921577454;-0.27258920669555664;0.41065049171447754
159;8;1;2.516993267678229;0.6251058411019077;0.5;0.5;0.6938981413841248;0.6931076645851135;-0.016791144385933876;0.40060946345329285;-0.03269057348370552;0.23778806626796722
159;8;2;0.0;0.0;0.5;0.5;0.6938981413841248;0.6931076645851135;-0.028551504015922546;0.23229925334453583;-0.24273905158042908;0.20724765956401825
159;8;3;0.0;0.0;0.5;0.5;0.6938981413841248;0.6931076645851135;0.1478797048330307;0.33533456921577454;-0.2725886106491089;0.4106513261795044
160;8;1;2.516993267678229;0.6251058411019077;0.5;0.5;0.6938981413841248;0.6931076645851135;-0.016791144385933876;0.40060946345329285;-0.03269057348370552;0.23778806626796722
160;8;2;0.0;0.0;0.5;0.5;0.6938981413841248;0.6931076645851135;-0.028551504015922546;0.23229925334453583;-0.24273905158042908;0.20724765956401825
160;8;3;0.0;0.0;0.5;0.5;0.6938981413841248;0.6931076645851135;0.1478797048330307;0.33533456921577454;-0.27258822321891785;0.41065189242362976
161;8;1;2.516993267678229;0.6251058411019077;0.5;0.5;0.6938982009887695;0.6931077241897583;-0.016791144385933876;0.40060946345329285;-0.03269057348370552;0.23778806626796722
161;8;2;0.0;0.0;0.5;0.5;0.6938982009887695;0.6931077241897583;-0.028551504015922546;0.23229925334453583;-0.24273905158042908;0.20724765956401825
161;8;3;0.0;0.0;0.5;0.5;0.6938982009887695;0.6931077241897583;0.1478797048330307;0.33533456921577454;-0.27258801460266113;0.41065216064453125
162;8;1;2.516993267678229;0.6251058411019077;0.5;0.5;0.6938982009887695;0.6931077241897583;-0.016791144385933876;0.40060946345329285;-0.03269057348370552;0.23778806626796722
162;8;2;0.0;0.0;0.5;0.5;0.6938982009887695;0.6931077241897583;-0.028551504015922546;0.23229925334453583;-0.24273905158042908;0.20724765956401825
162;8;3;0.0;0.0;0.5;0.5;0.6938982009887695;0.6931077241897583;0.1478797048330307;0.33533456921577454;-0.27258798480033875;0.410652220249176
163;8;1;2.516993267678229;0.6251058411019077;0.5;0.5;0.6938982009887695;0.6931077241897583;-0.016791144385933876;0.40060946345329285;-0.03269057348370552;0.23778806626796722
163;8;2;0.0;0.0;0.5;0.5;0.6938982009887695;0.6931077241897583;-0.028551504015922546;0.23229925334453583;-0.24273905158042908;0.20724765956401825
163;8;3;0.0;0.0;0.5;0.5;0.6938982009887695;0.6931077241897583;0.1478797048330307;0.33533456921577454;-0.2725881338119507;0.4106520116329193
164;8;1;2.516993267678229;0.6251058411019077;0.5;0.5;0.6938982009887695;0.6931076645851135;-0.016791144385933876;0.40060946345329285;-0.03269057348370552;0.23778806626796722
164;8;2;0.0;0.0;0.5;0.5;0.6938982009887695;0.6931076645851135;-0.028551504015922546;0.23229925334453583;-0.24273905158042908;0.20724765956401825
164;8;3;0.0;0.0;0.5;0.5;0.6938982009887695;0.6931076645851135;0.1478797048330307;0.33533456921577454;-0.2725884020328522;0.41065162420272827
165;8;1;2.516993267678229;0.6251058411019077;0.5;0.5;0.6938981413841248;0.6931076645851135;-0.016791144385933876;0.40060946345329285;-0.03269057348370552;0.23778806626796722
165;8;2;0.0;0.0;0.5;0.5;0.6938981413841248;0.6931076645851135;-0.028551504015922546;0.23229925334453583;-0.24273905158042908;0.20724765956401825
165;8;3;0.0;0.0;0.5;0.5;0.6938981413841248;0.6931076645851135;0.1478797048330307;0.33533456921577454;-0.2725888192653656;0.4106510281562805
166;8;1;2.516993267678229;0.6251058411019077;0.5;0.5;0.6938981413841248;0.6931076645851135;-0.016791144385933876;0.40060946345329285;-0.03269057348370552;0.23778806626796722
166;8;2;0.0;0.0;0.5;0.5;0.6938981413841248;0.6931076645851135;-0.028551504015922546;0.23229925334453583;-0.24273905158042908;0.20724765956401825
166;8;3;0.0;0.0;0.5;0.5;0.6938981413841248;0.6931076645851135;0.1478797048330307;0.33533456921577454;-0.2725892961025238;0.4106503427028656
167;8;1;2.516993267678229;0.6251058411019077;0.5;0.5;0.6938981413841248;0.6931076645851135;-0.016791144385933876;0.40060946345329285;-0.03269057348370552;0.23778806626796722
167;8;2;0.0;0.0;0.5;0.5;0.6938981413841248;0.6931076645851135;-0.028551504015922546;0.23229925334453583;-0.24273905158042908;0.20724765956401825
167;8;3;0.0;0.0;0.5;0.5;0.6938981413841248;0.6931076645851135;0.1478797048330307;0.33533456921577454;-0.27258986234664917;0.4106495678424835
168;8;1;2.516993267678229;0.6251058411019077;0.5;0.5;0.6938980221748352;0.6931076645851135;-0.016791144385933876;0.40060946345329285;-0.03269057348370552;0.23778806626796722
168;8;2;0.0;0.0;0.5;0.5;0.6938980221748352;0.6931076645851135;-0.028551504015922546;0.23229925334453583;-0.24273905158042908;0.20724765956401825
168;8;3;0.0;0.0;0.5;0.5;0.6938980221748352;0.6931076645851135;0.1478797048330307;0.33533456921577454;-0.2725904583930969;0.41064873337745667
169;8;1;2.516993267678229;0.6251058411019077;0.5;0.5;0.6938980221748352;0.6931076645851135;-0.016791144385933876;0.40060946345329285;-0.03269057348370552;0.23778806626796722
169;8;2;0.0;0.0;0.5;0.5;0.6938980221748352;0.6931076645851135;-0.028551504015922546;0.23229925334453583;-0.24273905158042908;0.20724765956401825
169;8;3;0.0;0.0;0.5;0.5;0.6938980221748352;0.6931076645851135;0.1478797048330307;0.33533456921577454;-0.2725910544395447;0.4106478691101074
170;8;1;2.516993267678229;0.6251058411019077;0.5;0.5;0.6938980221748352;0.6931076645851135;-0.016791144385933876;0.40060946345329285;-0.03269057348370552;0.23778806626796722
170;8;2;0.0;0.0;0.5;0.5;0.6938980221748352;0.6931076645851135;-0.028551504015922546;0.23229925334453583;-0.24273905158042908;0.20724765956401825
170;8;3;0.0;0.0;0.5;0.5;0.6938980221748352;0.6931076645851135;0.1478797048330307;0.33533456921577454;-0.27259165048599243;0.41064703464508057
171;8;1;2.516993267678229;0.6251058411019077;0.5;0.5;0.6938979029655457;0.6931077241897583;-0.016791144385933876;0.40060946345329285;-0.03269057348370552;0.23778806626796722
171;8;2;0.0;0.0;0.5;0.5;0.6938979029655457;0.6931077241897583;-0.028551504015922546;0.23229925334453583;-0.24273905158042908;0.20724765956401825
171;8;3;0.0;0.0;0.5;0.5;0.6938979029655457;0.6931077241897583;0.1478797048330307;0.33533456921577454;-0.2725922167301178;0.4106462299823761
172;8;1;2.516993267678229;0.6251058411019077;0.5;0.5;0.6938978433609009;0.6931076645851135;-0.016791144385933876;0.40060946345329285;-0.03269057348370552;0.23778806626796722
172;8;2;0.0;0.0;0.5;0.5;0.6938978433609009;0.6931076645851135;-0.028551504015922546;0.23229925334453583;-0.24273905158042908;0.20724765956401825
172;8;3;0.0;0.0;0.5;0.5;0.6938978433609009;0.6931076645851135;0.1478797048330307;0.33533456921577454;-0.2725927233695984;0.4106455147266388
173;8;1;2.516993267678229;0.6251058411019077;0.5;0.5;0.6938978433609009;0.6931077241897583;-0.016791144385933876;0.40060946345329285;-0.03269057348370552;0.23778806626796722
173;8;2;0.0;0.0;0.5;0.5;0.6938978433609009;0.6931077241897583;-0.028551504015922546;0.23229925334453583;-0.24273905158042908;0.20724765956401825
173;8;3;0.0;0.0;0.5;0.5;0.6938978433609009;0.6931077241897583;0.1478797048330307;0.33533456921577454;-0.2725931704044342;0.41064488887786865
174;8;1;2.516993267678229;0.6251058411019077;0.5;0.5;0.6938978433609009;0.6931077837944031;-0.016791144385933876;0.40060946345329285;-0.03269057348370552;0.23778806626796722
174;8;2;0.0;0.0;0.5;0.5;0.6938978433609009;0.6931077837944031;-0.028551504015922546;0.23229925334453583;-0.24273905158042908;0.20724765956401825
174;8;3;0.0;0.0;0.5;0.5;0.6938978433609009;0.6931077837944031;0.1478797048330307;0.33533456921577454;-0.27259352803230286;0.41064438223838806
175;8;1;2.516993267678229;0.6251058411019077;0.5;0.5;0.6938976645469666;0.6931077241897583;-0.016791144385933876;0.40060946345329285;-0.03269057348370552;0.23778806626796722
175;8;2;0.0;0.0;0.5;0.5;0.6938976645469666;0.6931077241897583;-0.028551504015922546;0.23229925334453583;-0.24273905158042908;0.20724765956401825
175;8;3;0.0;0.0;0.5;0.5;0.6938976645469666;0.6931077241897583;0.1478797048330307;0.33533456921577454;-0.27259382605552673;0.41064396500587463
176;8;1;2.516993267678229;0.6251058411019077;0.5;0.5;0.6938976645469666;0.6931077241897583;-0.016791144385933876;0.40060946345329285;-0.03269057348370552;0.23778806626796722
176;8;2;0.0;0.0;0.5;0.5;0.6938976645469666;0.6931077241897583;-0.028551504015922546;0.23229925334453583;-0.24273905158042908;0.20724765956401825
176;8;3;0.0;0.0;0.5;0.5;0.6938976645469666;0.6931077241897583;0.1478797048330307;0.33533456921577454;-0.27259403467178345;0.41064366698265076
177;8;1;2.516993267678229;0.6251058411019077;0.5;0.5;0.693897545337677;0.6931076645851135;-0.016791144385933876;0.40060946345329285;-0.03269057348370552;0.23778806626796722
177;8;2;0.0;0.0;0.5;0.5;0.693897545337677;0.6931076645851135;-0.028551504015922546;0.23229925334453583;-0.24273905158042908;0.20724765956401825
177;8;3;0.0;0.0;0.5;0.5;0.693897545337677;0.6931076645851135;0.1478797048330307;0.33533456921577454;-0.272594153881073;0.41064348816871643
178;8;1;2.516993267678229;0.6251058411019077;0.5;0.5;0.693897545337677;0.6931076645851135;-0.016791144385933876;0.40060946345329285;-0.03269057348370552;0.23778806626796722
178;8;2;0.0;0.0;0.5;0.5;0.693897545337677;0.6931076645851135;-0.028551504015922546;0.23229925334453583;-0.24273905158042908;0.20724765956401825
178;8;3;0.0;0.0;0.5;0.5;0.693897545337677;0.6931076645851135;0.1478797048330307;0.33533456921577454;-0.2725942134857178;0.41064339876174927
179;8;1;2.516993267678229;0.6251058411019077;0.5;0.5;0.693897545337677;0.6931076645851135;-0.016791144385933876;0.40060946345329285;-0.03269057348370552;0.23778806626796722
179;8;2;0.0;0.0;0.5;0.5;0.693897545337677;0.6931076645851135;-0.028551504015922546;0.23229925334453583;-0.24273905158042908;0.20724765956401825
179;8;3;0.0;0.0;0.5;0.5;0.693897545337677;0.6931076645851135;0.1478797048330307;0.33533456921577454;-0.2725941836833954;0.41064342856407166
180;8;1;2.516993267678229;0.6251058411019077;0.5;0.5;0.693897545337677;0.6931076645851135;-0.016791144385933876;0.40060946345329285;-0.03269057348370552;0.23778806626796722
180;8;2;0.0;0.0;0.5;0.5;0.693897545337677;0.6931076645851135;-0.028551504015922546;0.23229925334453583;-0.24273905158042908;0.20724765956401825
180;8;3;0.0;0.0;0.5;0.5;0.693897545337677;0.6931076645851135;0.1478797048330307;0.33533456921577454;-0.27259406447410583;0.410643607378006
181;8;1;2.516993267678229;0.6251058411019077;0.5;0.5;0.693897545337677;0.6931076645851135;-0.016791144385933876;0.40060946345329285;-0.03269057348370552;0.23778806626796722
181;8;2;0.0;0.0;0.5;0.5;0.693897545337677;0.6931076645851135;-0.028551504015922546;0.23229925334453583;-0.24273905158042908;0.20724765956401825
181;8;3;0.0;0.0;0.5;0.5;0.693897545337677;0.6931076645851135;0.1478797048330307;0.33533456921577454;-0.2725939154624939;0.4106438159942627
182;8;1;2.516993267678229;0.6251058411019077;0.5;0.5;0.6938976645469666;0.6931077241897583;-0.016791144385933876;0.40060946345329285;-0.03269057348370552;0.23778806626796722
182;8;2;0.0;0.0;0.5;0.5;0.6938976645469666;0.6931077241897583;-0.028551504015922546;0.23229925334453583;-0.24273905158042908;0.20724765956401825
182;8;3;0.0;0.0;0.5;0.5;0.6938976645469666;0.6931077241897583;0.1478797048330307;0.33533456921577454;-0.2725937068462372;0.4106441140174866
183;8;1;2.516993267678229;0.6251058411019077;0.5;0.5;0.6938976645469666;0.6931076645851135;-0.016791144385933876;0.40060946345329285;-0.03269057348370552;0.23778806626796722
183;8;2;0.0;0.0;0.5;0.5;0.6938976645469666;0.6931076645851135;-0.028551504015922546;0.23229925334453583;-0.24273905158042908;0.20724765956401825
183;8;3;0.0;0.0;0.5;0.5;0.6938976645469666;0.6931076645851135;0.1478797048330307;0.33533456921577454;-0.2725934684276581;0.4106444716453552
184;8;1;2.516993267678229;0.6251058411019077;0.5;0.5;0.6938976645469666;0.6931077837944031;-0.016791144385933876;0.40060946345329285;-0.03269057348370552;0.23778806626796722
184;8;2;0.0;0.0;0.5;0.5;0.6938976645469666;0.6931077837944031;-0.028551504015922546;0.23229925334453583;-0.24273905158042908;0.20724765956401825
184;8;3;0.0;0.0;0.5;0.5;0.6938976645469666;0.6931077837944031;0.1478797048330307;0.33533456921577454;-0.272593230009079;0.4106447994709015
185;8;1;2.516993267678229;0.6251058411019077;0.5;0.5;0.6938976645469666;0.6931076645851135;-0.016791144385933876;0.40060946345329285;-0.03269057348370552;0.23778806626796722
185;8;2;0.0;0.0;0.5;0.5;0.6938976645469666;0.6931076645851135;-0.028551504015922546;0.23229925334453583;-0.24273905158042908;0.20724765956401825
185;8;3;0.0;0.0;0.5;0.5;0.6938976645469666;0.6931076645851135;0.1478797048330307;0.33533456921577454;-0.2725929617881775;0.41064515709877014
186;8;1;2.516993267678229;0.6251058411019077;0.5;0.5;0.6938977837562561;0.6931076645851135;-0.016791144385933876;0.40060946345329285;-0.03269057348370552;0.23778806626796722
186;8;2;0.0;0.0;0.5;0.5;0.6938977837562561;0.6931076645851135;-0.028551504015922546;0.23229925334453583;-0.24273905158042908;0.20724765956401825
186;8;3;0.0;0.0;0.5;0.5;0.6938977837562561;0.6931076645851135;0.1478797048330307;0.33533456921577454;-0.272592693567276;0.4106455445289612
187;8;1;2.516993267678229;0.6251058411019077;0.5;0.5;0.6938978433609009;0.6931076645851135;-0.016791144385933876;0.40060946345329285;-0.03269057348370552;0.23778806626796722
187;8;2;0.0;0.0;0.5;0.5;0.6938978433609009;0.6931076645851135;-0.028551504015922546;0.23229925334453583;-0.24273905158042908;0.20724765956401825
187;8;3;0.0;0.0;0.5;0.5;0.6938978433609009;0.6931076645851135;0.1478797048330307;0.33533456921577454;-0.2725924551486969;0.41064590215682983
188;8;1;2.516993267678229;0.6251058411019077;0.5;0.5;0.6938978433609009;0.6931077241897583;-0.016791144385933876;0.40060946345329285;-0.03269057348370552;0.23778806626796722
188;8;2;0.0;0.0;0.5;0.5;0.6938978433609009;0.6931077241897583;-0.028551504015922546;0.23229925334453583;-0.24273905158042908;0.20724765956401825
188;8;3;0.0;0.0;0.5;0.5;0.6938978433609009;0.6931077241897583;0.1478797048330307;0.33533456921577454;-0.2725922465324402;0.4106461703777313
189;8;1;2.516993267678229;0.6251058411019077;0.5;0.5;0.6938977837562561;0.6931077241897583;-0.016791144385933876;0.40060946345329285;-0.03269057348370552;0.23778806626796722
189;8;2;0.0;0.0;0.5;0.5;0.6938977837562561;0.6931077241897583;-0.028551504015922546;0.23229925334453583;-0.24273905158042908;0.20724765956401825
189;8;3;0.0;0.0;0.5;0.5;0.6938977837562561;0.6931077241897583;0.1478797048330307;0.33533456921577454;-0.27259203791618347;0.4106464684009552
190;8;1;2.516993267678229;0.6251058411019077;0.5;0.5;0.6938978433609009;0.6931077241897583;-0.016791144385933876;0.40060946345329285;-0.03269057348370552;0.23778806626796722
190;8;2;0.0;0.0;0.5;0.5;0.6938978433609009;0.6931077241897583;-0.028551504015922546;0.23229925334453583;-0.24273905158042908;0.20724765956401825
190;8;3;0.0;0.0;0.5;0.5;0.6938978433609009;0.6931077241897583;0.1478797048330307;0.33533456921577454;-0.27259188890457153;0.4106466770172119
191;8;1;2.516993267678229;0.6251058411019077;0.5;0.5;0.6938978433609009;0.6931077241897583;-0.016791144385933876;0.40060946345329285;-0.03269057348370552;0.23778806626796722
191;8;2;0.0;0.0;0.5;0.5;0.6938978433609009;0.6931077241897583;-0.028551504015922546;0.23229925334453583;-0.24273905158042908;0.20724765956401825
191;8;3;0.0;0.0;0.5;0.5;0.6938978433609009;0.6931077241897583;0.1478797048330307;0.33533456921577454;-0.2725917398929596;0.410646915435791
192;8;1;2.516993267678229;0.6251058411019077;0.5;0.5;0.6938979029655457;0.6931076645851135;-0.016791144385933876;0.40060946345329285;-0.03269057348370552;0.23778806626796722
192;8;2;0.0;0.0;0.5;0.5;0.6938979029655457;0.6931076645851135;-0.028551504015922546;0.23229925334453583;-0.24273905158042908;0.20724765956401825
192;8;3;0.0;0.0;0.5;0.5;0.6938979029655457;0.6931076645851135;0.1478797048330307;0.33533456921577454;-0.27259165048599243;0.41064703464508057
193;8;1;2.516993267678229;0.6251058411019077;0.5;0.5;0.6938979029655457;0.6931076645851135;-0.016791144385933876;0.40060946345329285;-0.03269057348370552;0.23778806626796722
193;8;2;0.0;0.0;0.5;0.5;0.6938979029655457;0.6931076645851135;-0.028551504015922546;0.23229925334453583;-0.24273905158042908;0.20724765956401825
193;8;3;0.0;0.0;0.5;0.5;0.6938979029655457;0.6931076645851135;0.1478797048330307;0.33533456921577454;-0.27259159088134766;0.41064709424972534
194;8;1;2.516993267678229;0.6251058411019077;0.5;0.5;0.6938978433609009;0.6931076645851135;-0.016791144385933876;0.40060946345329285;-0.03269057348370552;0.23778806626796722
194;8;2;0.0;0.0;0.5;0.5;0.6938978433609009;0.6931076645851135;-0.028551504015922546;0.23229925334453583;-0.24273905158042908;0.20724765956401825
194;8;3;0.0;0.0;0.5;0.5;0.6938978433609009;0.6931076645851135;0.1478797048330307;0.33533456921577454;-0.27259159088134766;0.41064709424972534
195;8;1;2.516993267678229;0.6251058411019077;0.5;0.5;0.6938978433609009;0.6931077241897583;-0.016791144385933876;0.40060946345329285;-0.03269057348370552;0.23778806626796722
195;8;2;0.0;0.0;0.5;0.5;0.6938978433609009;0.6931077241897583;-0.028551504015922546;0.23229925334453583;-0.24273905158042908;0.20724765956401825
195;8;3;0.0;0.0;0.5;0.5;0.6938978433609009;0.6931077241897583;0.1478797048330307;0.33533456921577454;-0.27259159088134766;0.41064709424972534
196;8;1;2.516993267678229;0.6251058411019077;0.5;0.5;0.6938978433609009;0.6931077241897583;-0.016791144385933876;0.40060946345329285;-0.03269057348370552;0.23778806626796722
196;8;2;0.0;0.0;0.5;0.5;0.6938978433609009;0.6931077241897583;-0.028551504015922546;0.23229925334453583;-0.24273905158042908;0.20724765956401825
196;8;3;0.0;0.0;0.5;0.5;0.6938978433609009;0.6931077241897583;0.1478797048330307;0.33533456921577454;-0.27259165048599243;0.41064703464508057
197;8;1;2.516993267678229;0.6251058411019077;0.5;0.5;0.6938979029655457;0.6931077241897583;-0.016791144385933876;0.40060946345329285;-0.03269057348370552;0.23778806626796722
197;8;2;0.0;0.0;0.5;0.5;0.6938979029655457;0.6931077241897583;-0.028551504015922546;0.23229925334453583;-0.24273905158042908;0.20724765956401825
197;8;3;0.0;0.0;0.5;0.5;0.6938979029655457;0.6931077241897583;0.1478797048330307;0.33533456921577454;-0.2725917100906372;0.4106469452381134
198;8;1;2.516993267678229;0.6251058411019077;0.5;0.5;0.6938979029655457;0.6931077241897583;-0.016791144385933876;0.40060946345329285;-0.03269057348370552;0.23778806626796722
198;8;2;0.0;0.0;0.5;0.5;0.6938979029655457;0.6931077241897583;-0.028551504015922546;0.23229925334453583;-0.24273905158042908;0.20724765956401825
198;8;3;0.0;0.0;0.5;0.5;0.6938979029655457;0.6931077241897583;0.1478797048330307;0.33533456921577454;-0.27259179949760437;0.41064682602882385
199;8;1;2.516993267678229;0.6251058411019077;0.5;0.5;0.6938978433609009;0.6931077241897583;-0.016791144385933876;0.40060946345329285;-0.03269057348370552;0.23778806626796722
199;8;2;0.0;0.0;0.5;0.5;0.6938978433609009;0.6931077241897583;-0.028551504015922546;0.23229925334453583;-0.24273905158042908;0.20724765956401825
199;8;3;0.0;0.0;0.5;0.5;0.6938978433609009;0.6931077241897583;0.1478797048330307;0.33533456921577454;-0.27259188890457153;0.4106466770172119
0;9;1;1.8110725420016847;0.36563738945423285;0.6076892018318176;0.5359756946563721;0.6954962015151978;0.7162336111068726;-0.2773950397968292;0.30922645330429077;-0.17887547612190247;0.3622124493122101
0;9;2;0.9622794387561342;0.11803484052797808;0.6076892018318176;0.5359756946563721;0.6954962015151978;0.7162336111068726;0.03569069504737854;0.2711344063282013;-0.07014989852905273;0.45182713866233826
0;9;3;0.9774856449919271;0.11313807014585597;0.6076892018318176;0.5359756946563721;0.6954962015151978;0.7162336111068726;-0.31612497568130493;0.3109397888183594;-0.2572135925292969;0.09281753748655319
1;9;1;1.8012575638348807;0.3694568335644255;0.6086956858634949;0.5371955633163452;0.693905770778656;0.7135487198829651;-0.2776245176792145;0.3096611201763153;-0.17881032824516296;0.36089053750038147
1;9;2;0.9491860528521041;0.11693661336091088;0.6086956858634949;0.5371955633163452;0.693905770778656;0.7135487198829651;0.0357411652803421;0.27109265327453613;-0.07487749308347702;0.4439542293548584
1;9;3;0.9622794387561342;0.11803484052797808;0.6086956858634949;0.5371955633163452;0.693905770778656;0.7135487198829651;-0.3138050436973572;0.3097890317440033;-0.24159157276153564;0.11491038650274277
2;9;1;1.7997767405090626;0.3748047512439352;0.6105072498321533;0.5393438339233398;0.691371738910675;0.7090164422988892;-0.2779505252838135;0.3102843463420868;-0.17868129909038544;0.3590884804725647
2;9;2;0.9340527360263122;0.1192387010585283;0.6105072498321533;0.5393438339233398;0.691371738910675;0.7090164422988892;0.03584843501448631;0.271053284406662;-0.08122804760932922;0.43339699506759644
2;9;3;0.9451730590093668;0.11648952940524326;0.6105072498321533;0.5393438339233398;0.691371738910675;0.7090164422988892;-0.3107178807258606;0.30841347575187683;-0.22032664716243744;0.14498354494571686
3;9;1;1.802530595536635;0.3750569804970363;0.6153382062911987;0.5423391461372375;0.6887370347976685;0.7037109732627869;-0.27836042642593384;0.3110787272453308;-0.17846494913101196;0.35693779587745667
3;9;2;0.9164323443344173;0.11761385622892107;0.6153382062911987;0.5423391461372375;0.6887370347976685;0.7037109732627869;0.03604133799672127;0.2710345685482025;-0.08864617347717285;0.4210937023162842
3;9;3;0.9193508733434355;0.1188688045949493;0.6153382062911987;0.5423391461372375;0.6887370347976685;0.7037109732627869;-0.3071634769439697;0.3070528209209442;-0.19507499039173126;0.18069477379322052
4;9;1;1.813090502099719;0.37976607706325716;0.6173510551452637;0.5467468500137329;0.6867689490318298;0.6986446380615234;-0.2788429856300354;0.3120306432247162;-0.17813491821289062;0.35455819964408875
4;9;2;0.8917486909480301;0.11844980027174445;0.6173510551452637;0.5467468500137329;0.6867689490318298;0.6986446380615234;0.03634753078222275;0.2710528075695038;-0.09659960120916367;0.4079399108886719
4;9;3;0.9009862698583433;0.12043980199809878;0.6173510551452637;0.5467468500137329;0.6867689490318298;0.6986446380615234;-0.30343180894851685;0.30588454008102417;-0.16751641035079956;0.21966849267482758
5;9;1;1.8064658986398454;0.38533537278272245;0.6205716133117676;0.5510731935501099;0.6859724521636963;0.6945532560348511;-0.2793855667114258;0.31312936544418335;-0.17767105996608734;0.35205376148223877
5;9;2;0.8806318800998332;0.12984804067079603;0.6205716133117676;0.5510731935501099;0.6859724521636963;0.6945532560348511;0.03678983077406883;0.27112099528312683;-0.10461951792240143;0.3947191536426544
5;9;3;0.8933348010811883;0.12656172814034639;0.6205716133117676;0.5510731935501099;0.6859724521636963;0.6945532560348511;-0.2997804284095764;0.3050023317337036;-0.13925769925117493;0.2596323490142822
6;9;1;1.8218833590005676;0.38231714433613107;0.623792290687561;0.5546339750289917;0.6865170001983643;0.6918108463287354;-0.2799844443798065;0.314360648393631;-0.17706753313541412;0.3494988977909088
6;9;2;0.8808744916190347;0.1366797358930767;0.623792290687561;0.5546339750289917;0.6865170001983643;0.6918108463287354;0.03738441318273544;0.27124905586242676;-0.11232377588748932;0.38206350803375244
6;9;3;0.8797912367931175;0.13605305147162516;0.623792290687561;0.5546339750289917;0.6865170001983643;0.6918108463287354;-0.29642146825790405;0.30442067980766296;-0.11175327003002167;0.2985294759273529
7;9;1;1.8173361511236017;0.38612177970602524;0.6346617937088013;0.5592960119247437;0.6882638931274414;0.6904546618461609;-0.2806348502635956;0.3157126307487488;-0.17631946504116058;0.3469548523426056
7;9;2;0.8819408552725037;0.14476182519296588;0.6346617937088013;0.5592960119247437;0.6882638931274414;0.6904546618461609;0.03814047947525978;0.2714444100856781;-0.11942426860332489;0.3704424798488617
7;9;3;0.8837083691357854;0.1447343952612843;0.6346617937088013;0.5592960119247437;0.6882638931274414;0.6904546618461609;-0.29351693391799927;0.3040963411331177;-0.08624628931283951;0.33460181951522827
8;9;1;1.8239022839459853;0.38150856383755327;0.6378824710845947;0.5639185905456543;0.6908646821975708;0.6902632117271423;-0.28132763504981995;0.3171802759170532;-0.1754239797592163;0.3444688022136688
8;9;2;0.8751296080441229;0.1408472530770477;0.6378824710845947;0.5639185905456543;0.6908646821975708;0.6902632117271423;0.03906133398413658;0.2717131972312927;-0.12572205066680908;0.360172837972641
8;9;3;0.8751296080441247;0.1408472530770477;0.6378824710845947;0.5639185905456543;0.6908646821975708;0.6902632117271423;-0.2911810576915741;0.3039560914039612;-0.063731849193573;0.3664420247077942
9;9;1;1.8232575683920125;0.3740923701610108;0.6382850408554077;0.5679905414581299;0.693858802318573;0.6908672451972961;-0.2820577323436737;0.318759024143219;-0.17438888549804688;0.34206777811050415
9;9;2;0.8757773698127735;0.13848019540734002;0.6382850408554077;0.5679905414581299;0.693858802318573;0.6908672451972961;0.04014591872692108;0.27206116914749146;-0.13109531998634338;0.3514412045478821
9;9;3;0.8748562799901904;0.13923183113635806;0.6382850408554077;0.5679905414581299;0.693858802318573;0.6908672451972961;-0.2894861698150635;0.30392172932624817;-0.04493989050388336;0.39301782846450806
10;9;1;1.8484115722568797;0.3771298828711056;0.6415056586265564;0.5725390911102295;0.6967768669128418;0.6918530464172363;-0.28282931447029114;0.32044273614883423;-0.17321142554283142;0.3397674560546875
10;9;2;0.8841255114678814;0.13411520470321836;0.6415056586265564;0.5725390911102295;0.6967768669128418;0.6918530464172363;0.04139057919383049;0.27249452471733093;-0.1354844570159912;0.34433114528656006
10;9;3;0.8841255114678823;0.13411520470321836;0.6415056586265564;0.5725390911102295;0.6967768669128418;0.6918530464172363;-0.288470596075058;0.30392831563949585;-0.03033505380153656;0.41367223858833313
11;9;1;1.8566427840261275;0.3834193293106214;0.6437197923660278;0.5773937702178955;0.6991903781890869;0.6928396224975586;-0.2836379110813141;0.32223206758499146;-0.17190352082252502;0.33757880330085754
11;9;2;0.8889444174109133;0.13004960976871338;0.6437197923660278;0.5773937702178955;0.6991903781890869;0.6928396224975586;0.042790450155735016;0.27302029728889465;-0.138877734541893;0.33884891867637634
11;9;3;0.8880014997065215;0.13066901521445562;0.6437197923660278;0.5773937702178955;0.6991903781890869;0.6928396224975586;-0.2881462574005127;0.3039346933364868;-0.020129293203353882;0.42810535430908203
12;9;1;1.896966750591158;0.3982484743959893;0.6453300714492798;0.5805224180221558;0.7007795572280884;0.6935321092605591;-0.2844855487346649;0.3241274058818817;-0.1704721301794052;0.33550384640693665
12;9;2;0.8938492137971785;0.12831583334112207;0.6453300714492798;0.5805224180221558;0.7007795572280884;0.6935321092605591;0.044340528547763824;0.2736464738845825;-0.14129936695098877;0.3349447250366211
12;9;3;0.8891495629921344;0.1277537458449478;0.6453300714492798;0.5805224180221558;0.7007795572280884;0.6935321092605591;-0.2885047197341919;0.3039277493953705;-0.014303416013717651;0.4363443851470947
13;9;1;1.9301418794108072;0.41362584559966376;0.6449275016784668;0.5848560929298401;0.7013571858406067;0.693735659122467;-0.28537052869796753;0.32613688707351685;-0.16891910135746002;0.3335424065589905
13;9;2;0.9131487776313616;0.12416208928114036;0.6449275016784668;0.5848560929298401;0.7013571858406067;0.693735659122467;0.04603637009859085;0.27438226342201233;-0.14280086755752563;0.3325275182723999
13;9;3;0.9136326613387178;0.12464048178226461;0.6449275016784668;0.5848560929298401;0.7013571858406067;0.693735659122467;-0.289522647857666;0.3039218485355377;-0.012634724378585815;0.438704252243042
14;9;1;1.9359857977362784;0.409090089993696;0.6449275016784668;0.5890415906906128;0.700865626335144;0.6933698058128357;-0.28630128502845764;0.3282621502876282;-0.16724897921085358;0.3316892087459564
14;9;2;0.9225783763670092;0.12426535694968699;0.6449275016784668;0.5890415906906128;0.700865626335144;0.6933698058128357;0.04787430912256241;0.275238037109375;-0.14345572888851166;0.3314741849899292
14;9;3;0.9229082988952868;0.12468882902551437;0.6449275016784668;0.5890415906906128;0.700865626335144;0.6933698058128357;-0.29116523265838623;0.3039554953575134;-0.01472802460193634;0.43574386835098267
15;9;1;1.9665961637405145;0.40863097176806473;0.6453300714492798;0.5917800664901733;0.6993696689605713;0.6924583315849304;-0.28728389739990234;0.3305107057094574;-0.16548238694667816;0.3299231231212616
15;9;2;0.9351928453345;0.12094731379838741;0.6453300714492798;0.5917800664901733;0.6993696689605713;0.6924583315849304;0.04985132813453674;0.2762247920036316;-0.14335672557353973;0.33163338899612427
15;9;3;0.9304476553648788;0.12180871828874595;0.6453300714492798;0.5917800664901733;0.6993696689605713;0.6924583315849304;-0.2933879494667053;0.30408579111099243;-0.020048558712005615;0.4282195270061493
16;9;1;1.9882331120733783;0.41051086091910793;0.6465378403663635;0.5948198437690735;0.6970013976097107;0.6910994648933411;-0.2883267104625702;0.33289211988449097;-0.16363206505775452;0.32821956276893616
16;9;2;0.9355262388457968;0.124033420721684;0.6465378403663635;0.5948198437690735;0.6970013976097107;0.6910994648933411;0.05196452513337135;0.2773537039756775;-0.14261512458324432;0.3328264057636261
16;9;3;0.9369949356571601;0.12287263316265662;0.6465378403663635;0.5948198437690735;0.6970013976097107;0.6910994648933411;-0.2961376905441284;0.30438166856765747;-0.02795615792274475;0.4170365035533905
17;9;1;2.0537581896555066;0.4089032201519225;0.6457327008247375;0.5977509021759033;0.6939683556556702;0.6894350051879883;-0.28944140672683716;0.3354131877422333;-0.16171273589134216;0.3265520930290222
17;9;2;0.9324907355581011;0.1256123489958494;0.6457327008247375;0.5977509021759033;0.6939683556556702;0.6894350051879883;0.05421090126037598;0.278635710477829;-0.14136050641536713;0.33484625816345215
17;9;3;0.9324907355581011;0.1256123489958494;0.6457327008247375;0.5977509021759033;0.6939683556556702;0.6894350051879883;-0.2993538975715637;0.30491623282432556;-0.037739597260951996;0.40320059657096863
18;9;1;2.0933258395339776;0.42007191616251216;0.6481481790542603;0.6004869341850281;0.6905024647712708;0.6876306533813477;-0.29063084721565247;0.3380899429321289;-0.159756600856781;0.32487931847572327
18;9;2;0.9126297277420203;0.12694527689996393;0.6481481790542603;0.6004869341850281;0.6905024647712708;0.6876306533813477;0.05658669397234917;0.2800806760787964;-0.13974055647850037;0.3374571204185486
18;9;3;0.9172394375563497;0.12579387284055832;0.6481481790542603;0.6004869341850281;0.6905024647712708;0.6876306533813477;-0.30296942591667175;0.3057584762573242;-0.048650600016117096;0.3877701461315155
19;9;1;2.111114898940361;0.4278368892729554;0.6509661674499512;0.6023784875869751;0.6868276596069336;0.6858469843864441;-0.2919022738933563;0.340933233499527;-0.15782801806926727;0.3231370151042938
19;9;2;0.9229501485222968;0.1259993046797998;0.6509661674499512;0.6023784875869751;0.6868276596069336;0.6858469843864441;0.05908695608377457;0.2816964089870453;-0.13791966438293457;0.3403954803943634
19;9;3;0.9159754379211016;0.12777716656133453;0.6509661674499512;0.6023784875869751;0.6868276596069336;0.6858469843864441;-0.30691099166870117;0.30696529150009155;-0.05993673950433731;0.37180912494659424
20;9;1;2.1457820373736913;0.4336957391967289;0.6525765061378479;0.6041712164878845;0.6831339597702026;0.6842058897018433;-0.29326239228248596;0.34395891427993774;-0.15597808361053467;0.3212498724460602
20;9;2;0.9338160450174584;0.12586282474841415;0.6525765061378479;0.6041712164878845;0.6831339597702026;0.6842058897018433;0.061705395579338074;0.28348812460899353;-0.1360756754875183;0.343375027179718
20;9;3;0.9411564417563145;0.1258628247484146;0.6525765061378479;0.6041712164878845;0.6831339597702026;0.6842058897018433;-0.31110143661499023;0.3085746169090271;-0.07087360322475433;0.356342077255249
21;9;1;2.1565766812460367;0.4371257615442383;0.6533816456794739;0.6072133779525757;0.6795780062675476;0.6827754974365234;-0.2947162687778473;0.34717485308647156;-0.15428155660629272;0.3191429376602173
21;9;2;0.9383438248693974;0.12731275633273853;0.6533816456794739;0.6072133779525757;0.6795780062675476;0.6827754974365234;0.06443454325199127;0.2854579985141754;-0.13439421355724335;0.3460952937602997
21;9;3;0.9372062795885929;0.12765758466744925;0.6533816456794739;0.6072133779525757;0.6795780062675476;0.6827754974365234;-0.3154628872871399;0.31060120463371277;-0.08079484105110168;0.3423113226890564
22;9;1;2.112785993221638;0.44408451410465677;0.6582125425338745;0.6104556322097778;0.6762543320655823;0.6815700531005859;-0.2962682247161865;0.3505909740924835;-0.15280354022979736;0.31673434376716614
22;9;2;0.9331867352852541;0.1276780681800287;0.6582125425338745;0.6104556322097778;0.6762543320655823;0.6815700531005859;0.06726615130901337;0.28760507702827454;-0.13306079804897308;0.3482546806335449
22;9;3;0.9336449533717284;0.12855123586512507;0.6582125425338745;0.6104556322097778;0.6762543320655823;0.6815700531005859;-0.31992030143737793;0.3130357563495636;-0.08911927044391632;0.3305387794971466
23;9;1;2.123885216707764;0.4490167487072201;0.6590177416801453;0.61263108253479;0.6731740236282349;0.6805276274681091;-0.29792895913124084;0.35420799255371094;-0.15161767601966858;0.3139404058456421
23;9;2;0.9327977203457216;0.13085030891117855;0.6590177416801453;0.61263108253479;0.6731740236282349;0.6805276274681091;0.07019229978322983;0.2899264693260193;-0.1322508305311203;0.34956735372543335
23;9;3;0.932987277464413;0.1319458736120085;0.6590177416801453;0.61263108253479;0.6731740236282349;0.6805276274681091;-0.3244069814682007;0.315848708152771;-0.09537413716316223;0.3216930627822876
24;9;1;2.1255421501037484;0.44959020694532104;0.6614331603050232;0.6176586747169495;0.6702954173088074;0.6795492768287659;-0.29969435930252075;0.35803499817848206;-0.15079641342163086;0.31069132685661316
24;9;2;0.9339311579761587;0.1323369240357959;0.6614331603050232;0.6176586747169495;0.6702954173088074;0.6795492768287659;0.07320646196603775;0.2924182415008545;-0.1321186125278473;0.34978166222572327
24;9;3;0.9340635660542649;0.1322269211318905;0.6614331603050232;0.6176586747169495;0.6702954173088074;0.6795492768287659;-0.32886946201324463;0.31899765133857727;-0.09921287000179291;0.316264271736145
25;9;1;2.1273408834639476;0.4546731430105453;0.6674718260765076;0.6215305924415588;0.6675570607185364;0.6785002946853638;-0.30156776309013367;0.3620844781398773;-0.15039899945259094;0.3069043457508087
25;9;2;0.9360783226592888;0.1348422419756905;0.6674718260765076;0.6215305924415588;0.6675570607185364;0.6785002946853638;0.07630496472120285;0.29507753252983093;-0.13278648257255554;0.3486991822719574
25;9;3;0.9327805079849467;0.13000092220604698;0.6674718260765076;0.6215305924415588;0.6675570607185364;0.6785002946853638;-0.3332724869251251;0.3224378526210785;-0.10042674839496613;0.314547598361969
26;9;1;2.113025631107183;0.4555646294521969;0.6755233407020569;0.626997709274292;0.6648769974708557;0.6772367358207703;-0.3035459816455841;0.3663664758205414;-0.15047286450862885;0.3025400936603546
26;9;2;0.9306733700643033;0.13454440775534993;0.6755233407020569;0.626997709274292;0.6648769974708557;0.6772367358207703;0.07948847860097885;0.29790475964546204;-0.1343352347612381;0.34619075059890747
26;9;3;0.9365956112722733;0.13079171458911576;0.6755233407020569;0.626997709274292;0.6648769974708557;0.6772367358207703;-0.33760303258895874;0.3261340856552124;-0.09894920140504837;0.31663718819618225
27;9;1;2.1200683671277325;0.45756634362218396;0.6851851940155029;0.6329364776611328;0.662135899066925;0.6756498217582703;-0.3056299388408661;0.3708888292312622;-0.15102823078632355;0.29759785532951355
27;9;2;0.9341662146372496;0.1353989538386804;0.6851851940155029;0.6329364776611328;0.662135899066925;0.6756498217582703;0.08276282250881195;0.3009052872657776;-0.13679733872413635;0.34220847487449646
27;9;3;0.9429613488498969;0.13096486505335703;0.6851851940155029;0.6329364776611328;0.662135899066925;0.6756498217582703;-0.3418715000152588;0.3300706148147583;-0.09485237300395966;0.32243096828460693
28;9;1;2.1163691655341035;0.45563260920449355;0.6936392784118652;0.6389986276626587;0.6592620015144348;0.6736602783203125;-0.30782389640808105;0.3756680190563202;-0.1521201729774475;0.2920452952384949
28;9;2;0.9346774440154135;0.1364879814969151;0.6936392784118652;0.6389986276626587;0.6592620015144348;0.6736602783203125;0.08613967895507812;0.30409133434295654;-0.14015382528305054;0.33679071068763733
28;9;3;0.9421787604525358;0.13513540690257475;0.6936392784118652;0.6389986276626587;0.6592620015144348;0.6736602783203125;-0.34611186385154724;0.3342592120170593;-0.08833586424589157;0.3316466808319092
29;9;1;2.1079471265926495;0.4524975377222811;0.7006844282150269;0.6473103761672974;0.6562108993530273;0.6712295413017273;-0.31013625860214233;0.38072046637535095;-0.1536838263273239;0.285957008600235
29;9;2;0.9398443468150974;0.13780635539681452;0.7006844282150269;0.6473103761672974;0.6562108993530273;0.6712295413017273;0.08963833004236221;0.3074844181537628;-0.14432305097579956;0.33005768060684204
29;9;3;0.9410752114758143;0.13539411023859405;0.7006844282150269;0.6473103761672974;0.6562108993530273;0.6712295413017273;-0.3503790497779846;0.33874353766441345;-0.07970884442329407;0.3438471555709839
30;9;1;2.10355145049855;0.4580762373193057;0.7083332538604736;0.6554962396621704;0.6529519557952881;0.6683790683746338;-0.3125733435153961;0.38606661558151245;-0.15566860139369965;0.27942410111427307
30;9;2;0.935586501551894;0.1393144043521235;0.7083332538604736;0.6554962396621704;0.6529519557952881;0.6683790683746338;0.0932820662856102;0.3111128807067871;-0.14919088780879974;0.3222089409828186
30;9;3;0.9384322636665319;0.13992450630419562;0.7083332538604736;0.6554962396621704;0.6529519557952881;0.6683790683746338;-0.3547440767288208;0.3435991108417511;-0.06936534494161606;0.35847505927085876
31;9;1;2.1011589658845535;0.4520168378141225;0.7230273485183716;0.6647389531135559;0.6494869589805603;0.6651402115821838;-0.31514644622802734;0.3917533755302429;-0.15800178050994873;0.27250203490257263
31;9;2;0.9288391257753306;0.13728675663402168;0.7230273485183716;0.6647389531135559;0.6494869589805603;0.6651402115821838;0.09709929674863815;0.31501302123069763;-0.154605433344841;0.31350505352020264
31;9;3;0.933875573955059;0.13986844544602173;0.7230273485183716;0.6647389531135559;0.6494869589805603;0.6651402115821838;-0.35928845405578613;0.34893035888671875;-0.057756394147872925;0.37489259243011475
32;9;1;2.082535275842204;0.44044231343667484;0.737922728061676;0.674463152885437;0.6457010507583618;0.6615500450134277;-0.3178651034832001;0.3978179693222046;-0.1605772227048874;0.2653478980064392
32;9;2;0.924175923831605;0.13694178412312574;0.737922728061676;0.674463152885437;0.6457010507583618;0.6615500450134277;0.10112254321575165;0.3192286789417267;-0.1603878140449524;0.30424821376800537
32;9;3;0.9278024521127683;0.1432309931539817;0.737922728061676;0.674463152885437;0.6457010507583618;0.6615500450134277;-0.36409828066825867;0.3548658490180969;-0.04535958915948868;0.3924243450164795
33;9;1;2.074725533518845;0.43437574599518936;0.7522141933441162;0.6863406300544739;0.6416547298431396;0.6576606035232544;-0.32071927189826965;0.404330313205719;-0.1632464975118637;0.2581402063369751
33;9;2;0.9157067580765146;0.13676465539181804;0.7522141933441162;0.6863406300544739;0.6416547298431396;0.6576606035232544;0.10538646578788757;0.32380908727645874;-0.16634510457515717;0.29475921392440796
33;9;3;0.9246234722765658;0.14186985006744024;0.7522141933441162;0.6863406300544739;0.6416547298431396;0.6576606035232544;-0.3692569434642792;0.3615500330924988;-0.03264705836772919;0.4104025661945343
34;9;1;2.0826099099312083;0.42489717588628206;0.7679146528244019;0.6965759992599487;0.6372759938240051;0.653448760509491;-0.32370051741600037;0.41135406494140625;-0.16594646871089935;0.2510496973991394
34;9;2;0.9055719802264042;0.13479862553808974;0.7679146528244019;0.6965759992599487;0.6372759938240051;0.653448760509491;0.10992810875177383;0.3288087844848633;-0.1722726821899414;0.2853504419326782
34;9;3;0.9262860893425353;0.1420817202615523;0.7679146528244019;0.6965759992599487;0.6372759938240051;0.653448760509491;-0.3748408257961273;0.3691358268260956;-0.020053952932357788;0.42821189761161804
35;9;1;2.0770098672576074;0.4147772458002974;0.7757649421691895;0.708199143409729;0.6324378848075867;0.6488849520683289;-0.326827734708786;0.41893693804740906;-0.16857819259166718;0.24427185952663422
35;9;2;0.9060031775046697;0.14150450923587554;0.7757649421691895;0.708199143409729;0.6324378848075867;0.6488849520683289;0.11478327959775925;0.3342839479446411;-0.1779821515083313;0.2763051688671112
35;9;3;0.9243406673245413;0.1438626315250775;0.7757649421691895;0.708199143409729;0.6324378848075867;0.6488849520683289;-0.3809148073196411;0.37777626514434814;-0.007951557636260986;0.4453272819519043
36;9;1;2.0930349892203886;0.41151569745254113;0.7898551225662231;0.7189086675643921;0.6269129514694214;0.6438975930213928;-0.33011308312416077;0.4271208941936493;-0.17106583714485168;0.23802930116653442
36;9;2;0.8971932750898954;0.14916437481571343;0.7898551225662231;0.7189086675643921;0.6269129514694214;0.6438975930213928;0.11998263001441956;0.3402893841266632;-0.1833276003599167;0.26785483956336975
36;9;3;0.9193304628116419;0.14645697113151712;0.7898551225662231;0.7189086675643921;0.6269129514694214;0.6438975930213928;-0.387529581785202;0.3876153826713562;0.003376096487045288;0.46134698390960693
37;9;1;2.0929385791668;0.4202785477708195;0.7991142868995667;0.7304379940032959;0.6205101013183594;0.6384249925613403;-0.3335462510585785;0.43597516417503357;-0.17328590154647827;0.23254941403865814
37;9;2;0.8989919866712999;0.15508120071164644;0.7991142868995667;0.7304379940032959;0.6205101013183594;0.6384249925613403;0.12555226683616638;0.346876859664917;-0.18819427490234375;0.2601543068885803
37;9;3;0.9201616668308903;0.15473781985897972;0.7991142868995667;0.7304379940032959;0.6205101013183594;0.6384249925613403;-0.394718736410141;0.3987785279750824;0.01375056803226471;0.4760187268257141
38;9;1;2.0968980543742477;0.4152923658051004;0.8136070966720581;0.7417573928833008;0.6131313443183899;0.6323522329330444;-0.337112694978714;0.4455578327178955;-0.17520283162593842;0.228006511926651
38;9;2;0.9095710295287827;0.16465222829703974;0.8136070966720581;0.7417573928833008;0.6131313443183899;0.6323522329330444;0.13151226937770844;0.3540915548801422;-0.1925155371427536;0.2532646059989929
38;9;3;0.9161061607808572;0.16278011307803464;0.8136070966720581;0.7417573928833008;0.6131313443183899;0.6323522329330444;-0.4024982452392578;0.41136401891708374;0.023111745715141296;0.4892573952674866
39;9;1;2.089507065768787;0.41879454268469196;0.8208534717559814;0.7511062622070312;0.6047074198722839;0.6255733370780945;-0.3407793641090393;0.45591041445732117;-0.17691634595394135;0.22450365126132965
39;9;2;0.9076826893230701;0.17526925967792195;0.8208534717559814;0.7511062622070312;0.6047074198722839;0.6255733370780945;0.13787133991718292;0.3619672358036041;-0.19631163775920868;0.24713876843452454
39;9;3;0.9357506027949247;0.17367463203466071;0.8208534717559814;0.7511062622070312;0.6047074198722839;0.6255733370780945;-0.41086697578430176;0.4254361689090729;0.03152288496494293;0.5011525750160217
40;9;1;2.1114699013205733;0.4206615781022287;0.8313204050064087;0.760346531867981;0.595008134841919;0.6180599331855774;-0.3445211946964264;0.4670636057853699;-0.17850826680660248;0.22210538387298584
40;9;2;0.9382554105728742;0.19718738950517833;0.8313204050064087;0.760346531867981;0.595008134841919;0.6180599331855774;0.14463378489017487;0.37052634358406067;-0.19964858889579773;0.24159389734268188
40;9;3;0.9595945464878683;0.18381477570302884;0.8313204050064087;0.760346531867981;0.595008134841919;0.6180599331855774;-0.41980621218681335;0.4410175085067749;0.03916594386100769;0.5119614601135254
41;9;1;2.1778411884979834;0.42976628182658194;0.8452093601226807;0.7674087882041931;0.5839312076568604;0.6097712516784668;-0.3482838273048401;0.4790298044681549;-0.18016354739665985;0.2208096981048584
41;9;2;0.9844195897374091;0.2131844956498128;0.8452093601226807;0.7674087882041931;0.5839312076568604;0.6097712516784668;0.15178236365318298;0.37977278232574463;-0.20270946621894836;0.23634743690490723
41;9;3;1.0145544997727436;0.21387543977415957;0.8452093601226807;0.7674087882041931;0.5839312076568604;0.6097712516784668;-0.42928171157836914;0.45808541774749756;0.046325817704200745;0.5220870971679688
42;9;1;2.1919746834773477;0.425918562919978;0.8522543907165527;0.7750142812728882;0.5715720057487488;0.6007832288742065;-0.35199519991874695;0.49181950092315674;-0.18207918107509613;0.220566987991333
42;9;2;1.0237862324624336;0.2259399170465466;0.8522543907165527;0.7750142812728882;0.5715720057487488;0.6007832288742065;0.15929527580738068;0.38969507813453674;-0.20569603145122528;0.23099857568740845
42;9;3;1.0616677141135842;0.24402576025502842;0.8522543907165527;0.7750142812728882;0.5715720057487488;0.6007832288742065;-0.43924424052238464;0.47657015919685364;0.05336485803127289;0.5320417284965515
43;9;1;2.1851372751758875;0.42189414967062033;0.8605072498321533;0.7822396159172058;0.5581402778625488;0.5911111235618591;-0.35552647709846497;0.5054400563240051;-0.18463702499866486;0.22120802104473114
43;9;2;1.0866935350554474;0.2565951075098867;0.8605072498321533;0.7822396159172058;0.5581402778625488;0.5911111235618591;0.16714060306549072;0.40026023983955383;-0.20887750387191772;0.22508299350738525
43;9;3;1.0829677180895265;0.25400413829894264;0.8605072498321533;0.7822396159172058;0.5581402778625488;0.5911111235618591;-0.4496348798274994;0.49635857343673706;0.060688018798828125;0.5423982739448547
44;9;1;2.1886484075161707;0.42229049874419333;0.8649356365203857;0.7902106046676636;0.543893039226532;0.5808799266815186;-0.3586857318878174;0.5199292302131653;-0.18814045190811157;0.22256754338741302
44;9;2;1.1636845936910527;0.28343889784739895;0.8649356365203857;0.7902106046676636;0.543893039226532;0.5808799266815186;0.17527291178703308;0.4114159345626831;-0.21256646513938904;0.21813540160655975
44;9;3;1.0881512542723106;0.2738748694773685;0.8649356365203857;0.7902106046676636;0.543893039226532;0.5808799266815186;-0.46038955450057983;0.5173030495643616;0.06869781017303467;0.5537258386611938
45;9;1;2.1957862827774823;0.4243072145082092;0.8719806671142578;0.7976877093315125;0.5293228030204773;0.5700497627258301;-0.36136436462402344;0.5352529287338257;-0.1928539127111435;0.22443272173404694
45;9;2;1.202189650904569;0.30098487564836196;0.8719806671142578;0.7976877093315125;0.5293228030204773;0.5700497627258301;0.18364305794239044;0.4230976402759552;-0.21685658395290375;0.21007519960403442
45;9;3;1.0934749921710685;0.2951233225487129;0.8719806671142578;0.7976877093315125;0.5293228030204773;0.5700497627258301;-0.47144684195518494;0.5392438173294067;0.07777798175811768;0.5665671825408936
46;9;1;2.1975477460646236;0.41932993778339167;0.8743961453437805;0.8056340217590332;0.5148655772209167;0.5587043166160583;-0.363457053899765;0.551382839679718;-0.19889095425605774;0.22660453617572784
46;9;2;1.253061674503277;0.3256865888620406;0.8743961453437805;0.8056340217590332;0.5148655772209167;0.5587043166160583;0.1921950727701187;0.435233473777771;-0.22194992005825043;0.20080436766147614
46;9;3;1.096418188674102;0.30325842230948297;0.8743961453437805;0.8056340217590332;0.5148655772209167;0.5587043166160583;-0.48275184631347656;0.5620214939117432;0.08825360238552094;0.5813818573951721
47;9;1;2.1977053619227167;0.4173871460970524;0.8760064840316772;0.8137680292129517;0.500273585319519;0.54684978723526;-0.3649120628833771;0.568306028842926;-0.20611639320850372;0.22885315120220184
47;9;2;1.3213936589295834;0.3414965877348375;0.8760064840316772;0.8137680292129517;0.500273585319519;0.54684978723526;0.20088601112365723;0.44775283336639404;-0.22790353000164032;0.19050253927707672
47;9;3;1.1184416172122695;0.32780238670354045;0.8760064840316772;0.8137680292129517;0.500273585319519;0.54684978723526;-0.4942615032196045;0.585493803024292;0.10033734142780304;0.59847092628479
48;9;1;2.1946212900143838;0.42152807346458765;0.8828502893447876;0.8213438987731934;0.48562440276145935;0.5346313118934631;-0.365702360868454;0.5859997868537903;-0.2143726646900177;0.23090890049934387
48;9;2;1.377099370197568;0.35625924659015906;0.8828502893447876;0.8213438987731934;0.48562440276145935;0.5346313118934631;0.20967650413513184;0.4605867862701416;-0.23466269671916962;0.17972412705421448
48;9;3;1.1299015388237015;0.343311711666904;0.8828502893447876;0.8213438987731934;0.48562440276145935;0.5346313118934631;-0.5059441924095154;0.6095385551452637;0.11412303149700165;0.6179667711257935
49;9;1;2.1627528841475447;0.4222920062202573;0.8898953199386597;0.8300853371620178;0.4712686538696289;0.5221701264381409;-0.36586180329322815;0.6044528484344482;-0.22325348854064941;0.2326282411813736
49;9;2;1.4059581631587355;0.37139431060083705;0.8898953199386597;0.8300853371620178;0.4712686538696289;0.5221701264381409;0.2185375839471817;0.4736842215061188;-0.24182681739330292;0.16957980394363403
49;9;3;1.1720294539192722;0.35976177681354704;0.8898953199386597;0.8300853371620178;0.4712686538696289;0.5221701264381409;-0.5177773833274841;0.6340553760528564;0.12958963215351105;0.6398398876190186
50;9;1;2.158510940935251;0.4334970356582355;0.8933172225952148;0.8374982476234436;0.4575579762458801;0.5096222162246704;-0.3654951751232147;0.6236218810081482;-0.2323359102010727;0.23388898372650146
50;9;2;1.4160710043271543;0.3926550224597225;0.8933172225952148;0.8374982476234436;0.4575579762458801;0.5096222162246704;0.22745084762573242;0.48699823021888733;-0.24900798499584198;0.16116385161876678
50;9;3;1.1544468527742442;0.3810901019990185;0.8933172225952148;0.8374982476234436;0.4575579762458801;0.5096222162246704;-0.5297410488128662;0.6589515805244446;0.1466459184885025;0.6639611124992371
51;9;1;2.1384646642157055;0.43891407918826797;0.897946834564209;0.8430418968200684;0.44434982538223267;0.49704232811927795;-0.36470136046409607;0.6434502005577087;-0.24135389924049377;0.23440584540367126
51;9;2;1.408542737791934;0.3938572329096721;0.897946834564209;0.8430418968200684;0.44434982538223267;0.49704232811927795;0.23639504611492157;0.5004662275314331;-0.256137490272522;0.15523536503314972
51;9;3;1.127073930590015;0.39455232501163096;0.897946834564209;0.8430418968200684;0.44434982538223267;0.49704232811927795;-0.5418136119842529;0.6841312646865845;0.16516287624835968;0.6901480555534363
52;9;1;2.118468975700946;0.44937309804916037;0.9019725918769836;0.849637508392334;0.4317574203014374;0.48442715406417847;-0.36359474062919617;0.6638792157173157;-0.24989533424377441;0.2342081069946289
52;9;2;1.438473777611871;0.4036792385945773;0.9019725918769836;0.849637508392334;0.4317574203014374;0.48442715406417847;0.24535444378852844;0.5140402317047119;-0.26292890310287476;0.15259207785129547
52;9;3;1.0958959794692218;0.41637519637294806;0.9019725918769836;0.849637508392334;0.4317574203014374;0.48442715406417847;-0.5539718866348267;0.7094981670379639;0.1849849969148636;0.718180775642395
53;9;1;2.1212237134143823;0.4575267477935472;0.9053944945335388;0.8565170764923096;0.4195866584777832;0.47194579243659973;-0.36224597692489624;0.68486088514328;-0.25758427381515503;0.23336651921272278
53;9;2;1.4833017394375023;0.4282448135727823;0.9053944945335388;0.8565170764923096;0.4195866584777832;0.47194579243659973;0.25430041551589966;0.5276708602905273;-0.2692185938358307;0.15341226756572723
53;9;3;1.08950311612295;0.42359155160520645;0.9053944945335388;0.8565170764923096;0.4195866584777832;0.47194579243659973;-0.5661832690238953;0.7349435687065125;0.20596741139888763;0.7478543519973755
54;9;1;2.1231812204083678;0.45711424636516673;0.9138486385345459;0.8617866039276123;0.40731605887413025;0.45961034297943115;-0.360666424036026;0.7062694430351257;-0.26447421312332153;0.23188574612140656
54;9;2;1.500137409758934;0.4346304810223991;0.9138486385345459;0.8617866039276123;0.40731605887413025;0.45961034297943115;0.26319441199302673;0.5412817001342773;-0.27511799335479736;0.15725567936897278
54;9;3;1.0674217429546076;0.4400062100647424;0.9138486385345459;0.8617866039276123;0.40731605887413025;0.45961034297943115;-0.5783990621566772;0.7603418827056885;0.2280006855726242;0.7790141105651855
55;9;1;2.105190216413776;0.46009671008253594;0.9237117767333984;0.8678809404373169;0.3941762447357178;0.4474201798439026;-0.35872796177864075;0.7279949188232422;-0.2706896662712097;0.23014503717422485
55;9;2;1.4962926565153376;0.44517075778093274;0.9237117767333984;0.8678809404373169;0.3941762447357178;0.4474201798439026;0.27199554443359375;0.5548020005226135;-0.2806653678417206;0.16344094276428223
55;9;3;1.0707842842387922;0.44875044132677333;0.9237117767333984;0.8678809404373169;0.3941762447357178;0.4474201798439026;-0.5905582904815674;0.7855626940727234;0.25099438428878784;0.8115320801734924
56;9;1;2.0925353269913956;0.4582648743916855;0.9269323945045471;0.8699403405189514;0.38063159584999084;0.43554365634918213;-0.35647469758987427;0.7497938275337219;-0.27650007605552673;0.2280462086200714
56;9;2;1.510134384959887;0.44925597223181146;0.9269323945045471;0.8699403405189514;0.38063159584999084;0.43554365634918213;0.28064045310020447;0.568118155002594;-0.2863682508468628;0.17125651240348816
56;9;3;1.0716515388133914;0.45612595690618196;0.9269323945045471;0.8699403405189514;0.38063159584999084;0.43554365634918213;-0.60258948802948;0.8104698657989502;0.2748841643333435;0.8453173637390137
57;9;1;2.079666209868696;0.46892383024667605;0.9446457624435425;0.8770914673805237;0.3673395812511444;0.42436185479164124;-0.35386139154434204;0.7714912295341492;-0.2820958197116852;0.22554761171340942
57;9;2;1.539806056663724;0.45834747302021395;0.9446457624435425;0.8770914673805237;0.3673395812511444;0.42436185479164124;0.2890813946723938;0.5811290740966797;-0.29243597388267517;0.1805080771446228
57;9;3;1.0520099930254787;0.4688069213533952;0.9446457624435425;0.8770914673805237;0.3673395812511444;0.42436185479164124;-0.6144196391105652;0.8349339962005615;0.29958659410476685;0.8802518844604492
58;9;1;2.074346843817043;0.48050289659807044;0.9466586112976074;0.8846452236175537;0.35435357689857483;0.413641095161438;-0.3508133292198181;0.7931525707244873;-0.2870350480079651;0.22275757789611816
58;9;2;1.5492130605946928;0.45386488380523193;0.9466586112976074;0.8846452236175537;0.35435357689857483;0.413641095161438;0.2973019480705261;0.5938167572021484;-0.2985363006591797;0.19057141244411469
58;9;3;1.021879148734067;0.48066413947677056;0.9466586112976074;0.8846452236175537;0.35435357689857483;0.413641095161438;-0.6259890794754028;0.8588544130325317;0.32497721910476685;0.9161596894264221
59;9;1;2.041529112216021;0.4791865831657085;0.9541062116622925;0.8880208134651184;0.3421121835708618;0.4031994640827179;-0.3472943902015686;0.8147533535957336;-0.2912033200263977;0.21962480247020721
59;9;2;1.5619944011455233;0.4603786421308982;0.9541062116622925;0.8880208134651184;0.3421121835708618;0.4031994640827179;0.3052768111228943;0.6061464548110962;-0.3046673536300659;0.2007657140493393
59;9;3;0.9727140650296997;0.4804986772111919;0.9541062116622925;0.8880208134651184;0.3421121835708618;0.4031994640827179;-0.6372445225715637;0.8821442127227783;0.35094010829925537;0.9528766870498657
60;9;1;2.0458753514127217;0.4940395316031365;0.9553139805793762;0.8946089744567871;0.33032292127609253;0.39266636967658997;-0.3431456983089447;0.8362994194030762;-0.2946412265300751;0.21611042320728302
60;9;2;1.57224224794808;0.4548477400436379;0.9553139805793762;0.8946089744567871;0.33032292127609253;0.39266636967658997;0.31298717856407166;0.6180813312530518;-0.31080707907676697;0.21080118417739868
60;9;3;0.9790157763081995;0.49151313510735584;0.9553139805793762;0.8946089744567871;0.33032292127609253;0.39266636967658997;-0.6481413245201111;0.904733419418335;0.3773816227912903;0.9902706146240234
61;9;1;2.0442241333617543;0.5122979884967278;0.9581320285797119;0.9002488851547241;0.31856927275657654;0.3821330666542053;-0.3382163643836975;0.8577709197998047;-0.2976083755493164;0.21214760839939117
61;9;2;1.5652479884052966;0.46800825997467;0.9581320285797119;0.9002488851547241;0.31856927275657654;0.3821330666542053;0.32041746377944946;0.6295965909957886;-0.31694382429122925;0.22040629386901855
61;9;3;0.9635141345212475;0.4918959704445087;0.9581320285797119;0.9002488851547241;0.31856927275657654;0.3821330666542053;-0.6586461067199707;0.9265650510787964;0.40421825647354126;1.0282233953475952
62;9;1;2.0693922592756575;0.5196160691769469;0.9651771187782288;0.905118465423584;0.3074168562889099;0.37138131260871887;-0.3324126601219177;0.8791858553886414;-0.30022457242012024;0.20757971704006195
62;9;2;1.589344258779711;0.4787195209044701;0.9651771187782288;0.905118465423584;0.3074168562889099;0.37138131260871887;0.3275615870952606;0.6406832933425903;-0.32304883003234863;0.22928234934806824
62;9;3;0.936736542723617;0.5011966960451524;0.9651771187782288;0.905118465423584;0.3074168562889099;0.37138131260871887;-0.6687373518943787;0.9476005434989929;0.4313746690750122;1.066628336906433
63;9;1;2.0622197402428917;0.5347315492271165;0.9671899676322937;0.9104225635528564;0.29594162106513977;0.359856516122818;-0.3255198001861572;0.9006981253623962;-0.30238816142082214;0.2025603950023651
63;9;2;1.5843526804086867;0.48509696701096106;0.9671899676322937;0.9104225635528564;0.29594162106513977;0.359856516122818;0.3344428539276123;0.6513770222663879;-0.3288232684135437;0.23702827095985413
63;9;3;0.9395364846191683;0.5183272355367969;0.9671899676322937;0.9104225635528564;0.29594162106513977;0.359856516122818;-0.6784119009971619;0.9678328633308411;0.45878762006759644;1.1053961515426636
64;9;1;2.0704093068495757;0.5521381939013015;0.9696054458618164;0.9166428446769714;0.2847549617290497;0.34750983119010925;-0.31738048791885376;0.9223101735115051;-0.3044138550758362;0.19717158377170563
64;9;2;1.5756719637124181;0.4946315035648752;0.9696054458618164;0.9166428446769714;0.2847549617290497;0.34750983119010925;0.341063916683197;0.6616746783256531;-0.33431276679039;0.24372754991054535
64;9;3;0.9363632191134794;0.530424698441144;0.9696054458618164;0.9166428446769714;0.2847549617290497;0.34750983119010925;-0.6876752376556396;0.9872682690620422;0.4864354133605957;1.144495964050293
65;9;1;2.074086441985081;0.5644474101992749;0.9730273485183716;0.9231395721435547;0.27356788516044617;0.33464592695236206;-0.308150976896286;0.943821907043457;-0.306721955537796;0.19159181416034698
65;9;2;1.5906608977377994;0.5108638233977687;0.9730273485183716;0.9231395721435547;0.27356788516044617;0.33464592695236206;0.3474086821079254;0.6715487837791443;-0.3397631049156189;0.2498418390750885
65;9;3;0.9256205323126716;0.5467232054376994;0.9730273485183716;0.9231395721435547;0.27356788516044617;0.33464592695236206;-0.6965385675430298;1.005920171737671;0.5143137574195862;1.1839219331741333
66;9;1;2.0618395175945983;0.5677016370437893;0.9740338325500488;0.93019700050354;0.26209741830825806;0.322072833776474;-0.2979702055454254;0.9651195406913757;-0.3094843029975891;0.18606144189834595
66;9;2;1.609914563305738;0.5379758482496988;0.9740338325500488;0.93019700050354;0.26209741830825806;0.322072833776474;0.353482186794281;0.6810079216957092;-0.34518715739250183;0.25560441613197327
66;9;3;0.9294567658003441;0.5720312762199886;0.9740338325500488;0.93019700050354;0.26209741830825806;0.322072833776474;-0.7050217390060425;1.0238139629364014;0.5423920750617981;1.223630666732788
67;9;1;2.041551624833665;0.5803161465292703;0.9752415418624878;0.9362196922302246;0.2519979178905487;0.3098067343235016;-0.28691717982292175;0.986049234867096;-0.3131861984729767;0.18048979341983795
67;9;2;1.618959872526533;0.561739691351264;0.9752415418624878;0.9362196922302246;0.2519979178905487;0.3098067343235016;0.3592835068702698;0.6900387406349182;-0.3508123755455017;0.2615165710449219
67;9;3;0.9331603101272359;0.5924919735402874;0.9752415418624878;0.9362196922302246;0.2519979178905487;0.3098067343235016;-0.7131553888320923;1.040990948677063;0.5705999135971069;1.2635226249694824
68;9;1;2.0482937622124044;0.5933733251473794;0.9750401973724365;0.9442128539085388;0.24326828122138977;0.2975170314311981;-0.274742066860199;1.006923794746399;-0.31694456934928894;0.1756477952003479
68;9;2;1.6388130932230327;0.5874360331026485;0.9750401973724365;0.9442128539085388;0.24326828122138977;0.2975170314311981;0.3648836314678192;0.6987577080726624;-0.3560584783554077;0.26710110902786255
68;9;3;0.9063840247011132;0.6123510906734335;0.9750401973724365;0.9442128539085388;0.24326828122138977;0.2975170314311981;-0.7209914922714233;1.057532548904419;0.5987983345985413;1.3034011125564575
69;9;1;2.0467307454739982;0.6067328416917972;0.9810788631439209;0.9529049396514893;0.2359323799610138;0.28392285108566284;-0.26070693135261536;1.0284758806228638;-0.31906938552856445;0.17256410419940948
69;9;2;1.6311955956273705;0.593193750223834;0.9810788631439209;0.9529049396514893;0.2359323799610138;0.28392285108566284;0.3704102635383606;0.7073848247528076;-0.35973048210144043;0.27076709270477295
69;9;3;0.9068433173041699;0.6326531756299913;0.9810788631439209;0.9529049396514893;0.2359323799610138;0.28392285108566284;-0.7285858988761902;1.0735353231430054;0.6269132494926453;1.343161702156067
70;9;1;2.0429064038071347;0.6055465980170274;0.9847020506858826;0.9621895551681519;0.22838906943798065;0.2680516242980957;-0.24468858540058136;1.0508261919021606;-0.31907206773757935;0.17135946452617645
70;9;2;1.647920082835439;0.6020388175248819;0.9847020506858826;0.9621895551681519;0.22838906943798065;0.2680516242980957;0.3758868873119354;0.7159497737884521;-0.3617827892303467;0.27234601974487305
70;9;3;0.9225479956330656;0.6504551096983366;0.9847020506858826;0.9621895551681519;0.22838906943798065;0.2680516242980957;-0.7359576225280762;1.0890436172485352;0.6551035642623901;1.3830287456512451
71;9;1;2.0507026210571295;0.6402787073661727;0.9859097599983215;0.9738349318504333;0.21455276012420654;0.24875743687152863;-0.22636602818965912;1.0740301609039307;-0.31625881791114807;0.17225195467472076
71;9;2;1.668473554344553;0.6259272613904869;0.9859097599983215;0.9738349318504333;0.21455276012420654;0.24875743687152863;0.38127267360687256;0.7243875861167908;-0.36261510848999023;0.2721841633319855
71;9;3;0.9211923969229838;0.6814835165762698;0.9859097599983215;0.9738349318504333;0.21455276012420654;0.24875743687152863;-0.7430824637413025;1.1040372848510742;0.683804452419281;1.4236180782318115
72;9;1;2.0411649847953406;0.6530756865147715;0.9883252382278442;0.9813861846923828;0.2003910392522812;0.22839389741420746;-0.2067044973373413;1.0970667600631714;-0.31226494908332825;0.17417241632938385
72;9;2;1.6533985021948947;0.6595985134787381;0.9883252382278442;0.9813861846923828;0.2003910392522812;0.22839389741420746;0.3863685429096222;0.7323017716407776;-0.36418741941452026;0.27309224009513855
72;9;3;0.938938625024643;0.747475136039844;0.9883252382278442;0.9813861846923828;0.2003910392522812;0.22839389741420746;-0.7498512268066406;1.1183360815048218;0.7137472033500671;1.4659634828567505
73;9;1;2.069236534175597;0.6749007823972049;0.987922728061676;0.987984299659729;0.19010069966316223;0.21091409027576447;-0.18689362704753876;1.1188411712646484;-0.30906757712364197;0.17585982382297516
73;9;2;1.7047980559938507;0.6963351965667592;0.987922728061676;0.987984299659729;0.19010069966316223;0.21091409027576447;0.39094558358192444;0.7393006086349487;-0.36821305751800537;0.27701088786125183
73;9;3;0.9209218819816929;0.7675966271866916;0.987922728061676;0.987984299659729;0.19010069966316223;0.21091409027576447;-0.7560933828353882;1.1316355466842651;0.745631992816925;1.5110554695129395
74;9;1;2.0537062151311893;0.7011846366844621;0.988325297832489;0.9903942942619324;0.18403522670269012;0.1986307054758072;-0.16828154027462006;1.1382752656936646;-0.30901288986206055;0.17584913969039917
74;9;2;1.7208846825005173;0.7512690847173822;0.988325297832489;0.9903942942619324;0.18403522670269012;0.1986307054758072;0.39479145407676697;0.7450334429740906;-0.37625277042388916;0.28595036268234253
74;9;3;0.8959193068707476;0.7932413554119253;0.988325297832489;0.9903942942619324;0.18403522670269012;0.1986307054758072;-0.7616645097732544;1.1436741352081299;0.7797536253929138;1.5593106746673584
75;9;1;2.0756178825795395;0.7216992396011541;0.9887278079986572;0.9914907217025757;0.17986074090003967;0.18894819915294647;-0.15183125436306;1.1551698446273804;-0.3121587932109833;0.17381566762924194
75;9;2;1.6947224859890113;0.7640177206712506;0.9887278079986572;0.9914907217025757;0.17986074090003967;0.18894819915294647;0.3979102075099945;0.7495157122612;-0.38825830817222595;0.3000434935092926
75;9;3;0.8672965030405848;0.8129911251474313;0.9887278079986572;0.9914907217025757;0.17986074090003967;0.18894819915294647;-0.7665717005729675;1.1544814109802246;0.8157913088798523;1.6102756261825562
76;9;1;2.092572062049821;0.7149324662664553;0.9895329475402832;0.9917178153991699;0.17551982402801514;0.17998793721199036;-0.13807499408721924;1.1700698137283325;-0.31685829162597656;0.17064955830574036
76;9;2;1.6966567945108597;0.7526918472224691;0.9895329475402832;0.9917178153991699;0.17551982402801514;0.17998793721199036;0.40050992369651794;0.7531200051307678;-0.40279239416122437;0.31754550337791443
76;9;3;0.8683524784455159;0.8071162874960547;0.9895329475402832;0.9917178153991699;0.17551982402801514;0.17998793721199036;-0.7709749937057495;1.1643779277801514;0.8529379367828369;1.6628087759017944
77;9;1;2.0526487439065892;0.7115720253402391;0.9822865724563599;0.9916092157363892;0.16939832270145416;0.17234203219413757;-0.1271440088748932;1.1838338375091553;-0.3209047019481659;0.1677103489637375
77;9;2;1.696816921504479;0.7415559247068537;0.9822865724563599;0.9916092157363892;0.16939832270145416;0.17234203219413757;0.40288329124450684;0.7563539743423462;-0.4180394113063812;0.33613359928131104
77;9;3;0.861635677458997;0.818769983318469;0.9822865724563599;0.9916092157363892;0.16939832270145416;0.17234203219413757;-0.7751060724258423;1.1738111972808838;0.8901983499526978;1.7155029773712158
78;9;1;2.0851361342887653;0.7214592653287397;0.9828904867172241;0.9915252327919006;0.16372045874595642;0.16687171161174774;-0.11896119266748428;1.19735848903656;-0.3220498263835907;0.1664598286151886
78;9;2;1.727813107648779;0.7420523323397998;0.9828904867172241;0.9915252327919006;0.16372045874595642;0.16687171161174774;0.40531814098358154;0.7597301602363586;-0.4322064518928528;0.35324403643608093
78;9;3;0.8899291829072373;0.8082611430287141;0.9828904867172241;0.9915252327919006;0.16372045874595642;0.16687171161174774;-0.7791821956634521;1.18318510055542;0.9266579151153564;1.7670645713806152
79;9;1;2.028930820049122;0.7243933182142599;0.9840981960296631;0.991530179977417;0.15848928689956665;0.16331492364406586;-0.11325212568044662;1.2112044095993042;-0.31900638341903687;0.1677856296300888
79;9;2;1.7208384880393082;0.7446114275465816;0.9840981960296631;0.991530179977417;0.15848928689956665;0.16331492364406586;0.4080010652542114;0.7635767459869385;-0.4441307485103607;0.36723703145980835
79;9;3;0.8921257931231796;0.8040916516106487;0.9840981960296631;0.991530179977417;0.15848928689956665;0.16331492364406586;-0.7833409309387207;1.1927341222763062;0.9617041349411011;1.8166275024414062
80;9;1;2.0137090676778255;0.7343806880432613;0.9845007658004761;0.9916437864303589;0.15258848667144775;0.160262793302536;-0.10952519625425339;1.2254923582077026;-0.3114437758922577;0.1718791276216507
80;9;2;1.7537993477116443;0.749784142588497;0.9845007658004761;0.9916437864303589;0.15258848667144775;0.160262793302536;0.4109655022621155;0.7679585814476013;-0.4535242021083832;0.37773650884628296
80;9;3;0.8869761865875159;0.7948854845422142;0.9845007658004761;0.9916437864303589;0.15258848667144775;0.160262793302536;-0.7876118421554565;1.2024770975112915;0.9951356649398804;1.863906741142273
81;9;1;2.037169540226479;0.7416513702481726;0.9849033355712891;0.9916042685508728;0.14641673862934113;0.15679216384887695;-0.10708043724298477;1.2398232221603394;-0.30051085352897644;0.17796742916107178
81;9;2;1.7653906405668787;0.7557248070154845;0.9849033355712891;0.9916042685508728;0.14641673862934113;0.15679216384887695;0.4140666723251343;0.772648811340332;-0.4611055552959442;0.3858002722263336
81;9;3;0.8803868017280667;0.7968261081388484;0.9849033355712891;0.9916042685508728;0.14641673862934113;0.15679216384887695;-0.791915774345398;1.2122222185134888;1.0271588563919067;1.9091944694519043
82;9;1;2.0768945503817084;0.7388605074096302;0.9923510551452637;0.9915795922279358;0.14024631679058075;0.1534046083688736;-0.10526659339666367;1.253448247909546;-0.2884255051612854;0.1847485601902008
82;9;2;1.7763239632370338;0.753199542796263;0.9923510551452637;0.9915795922279358;0.14024631679058075;0.1534046083688736;0.41704192757606506;0.777222216129303;-0.4681892991065979;0.3934239447116852
82;9;3;0.8751784926898285;0.7988902480994555;0.9923510551452637;0.9915795922279358;0.14024631679058075;0.1534046083688736;-0.7960958480834961;1.2216274738311768;1.0582484006881714;1.9531617164611816
83;9;1;2.091528636384629;0.7469523810976275;0.9931561946868896;0.9909251928329468;0.13476605713367462;0.15153415501117706;-0.10361458361148834;1.2655454874038696;-0.27777671813964844;0.1907307356595993
83;9;2;1.8204086918904085;0.7558173212899075;0.9931561946868896;0.9909251928329468;0.13476605713367462;0.15153415501117706;0.41959699988365173;0.7811987400054932;-0.47623759508132935;0.4027956426143646
83;9;3;0.8641306231148125;0.8023655109988861;0.9931561946868896;0.9909251928329468;0.13476605713367462;0.15153415501117706;-0.7999719381332397;1.23030686378479;1.0889339447021484;1.996557593345642
84;9;1;2.141428031237342;0.7464102842855884;0.9935587644577026;0.9908635020256042;0.13111832737922668;0.1506720632314682;-0.10188072174787521;1.2755666971206665;-0.27047550678253174;0.19477161765098572
84;9;2;1.8196282273057607;0.7494328199336002;0.9935587644577026;0.9908635020256042;0.13111832737922668;0.1506720632314682;0.42152726650238037;0.7842332720756531;-0.48621225357055664;0.415480375289917
84;9;3;0.880679892986409;0.804152958408642;0.9935587644577026;0.9908635020256042;0.13111832737922668;0.1506720632314682;-0.8034131526947021;1.2379803657531738;1.119570255279541;2.039883852005005
85;9;1;2.1476702675483095;0.7484386278265371;0.9939613342285156;0.9909251928329468;0.1282973289489746;0.1489904820919037;-0.09996793419122696;1.283477783203125;-0.2667643129825592;0.19661034643650055
85;9;2;1.8286471234352994;0.7501549767659679;0.9939613342285156;0.9909251928329468;0.1282973289489746;0.1489904820919037;0.422793984413147;0.7862569093704224;-0.4982548654079437;0.4317275285720825
85;9;3;0.8750088733290067;0.8103052842317067;0.9939613342285156;0.9909251928329468;0.1282973289489746;0.1489904820919037;-0.8063933253288269;1.2445945739746094;1.1502012014389038;2.083202600479126
86;9;1;2.1685577949948396;0.7474437249973218;0.9939613342285156;0.9910709857940674;0.12564606964588165;0.1456863135099411;-0.09801174700260162;1.2896896600723267;-0.26552432775497437;0.19683873653411865
86;9;2;1.8220252614610075;0.7573740857782725;0.9939613342285156;0.9910709857940674;0.12564606964588165;0.1456863135099411;0.4235294759273529;0.7874792218208313;-0.5117491483688354;0.4505991041660309
86;9;3;0.8768385537551007;0.811904187061538;0.9939613342285156;0.9910709857940674;0.12564606964588165;0.1456863135099411;-0.8089989423751831;1.250339150428772;1.1805615425109863;2.126138687133789
87;9;1;2.175237363336354;0.7478253562319983;0.9935587644577026;0.9912487268447876;0.12358409911394119;0.1416000872850418;-0.09627427905797958;1.2948747873306274;-0.2650298476219177;0.19640430808067322
87;9;2;1.8270572618796885;0.7528081820010448;0.9935587644577026;0.9912487268447876;0.12358409911394119;0.1416000872850418;0.4239785671234131;0.7882881760597229;-0.5256384015083313;0.4704342484474182
87;9;3;0.8616507820145127;0.8033866562380223;0.9935587644577026;0.9912487268447876;0.12358409911394119;0.1416000872850418;-0.8113864660263062;1.2555540800094604;1.2101988792419434;2.1680521965026855
88;9;1;2.1809155760910484;0.7561161898186555;0.9931561946868896;0.9914239645004272;0.12274434417486191;0.1379607617855072;-0.09510859102010727;1.2997711896896362;-0.2633408010005951;0.1963007003068924
88;9;2;1.8099909335163789;0.7577979706836246;0.9931561946868896;0.9914239645004272;0.12274434417486191;0.1379607617855072;0.4244156777858734;0.7891160845756531;-0.5387715697288513;0.48937129974365234
88;9;3;0.8661365261741016;0.8045573369075265;0.9931561946868896;0.9914239645004272;0.12274434417486191;0.1379607617855072;-0.8137193918228149;1.2605972290039062;1.2386431694030762;2.2082784175872803
89;9;1;2.1842646607496565;0.7530821456156196;0.9935587644577026;0.9916882514953613;0.1228255033493042;0.13512933254241943;-0.09483001381158829;1.3049311637878418;-0.25897499918937683;0.19733229279518127
89;9;2;1.8111883486302442;0.7482599025022956;0.9935587644577026;0.9916882514953613;0.1228255033493042;0.13512933254241943;0.42504942417144775;0.7902854681015015;-0.5503149032592773;0.5060231685638428
89;9;3;0.8571221528528392;0.7982492463813009;0.9935587644577026;0.9916882514953613;0.1228255033493042;0.13512933254241943;-0.816112220287323;1.2657235860824585;1.265575647354126;2.2463667392730713
90;9;1;2.2135811791119213;0.7501587910703731;0.9931561946868896;0.9919301867485046;0.12230663001537323;0.13232576847076416;-0.09556563198566437;1.3105590343475342;-0.2513740360736847;0.19977827370166779
90;9;2;1.8221863057221244;0.756142153947112;0.9931561946868896;0.9919301867485046;0.12230663001537323;0.13232576847076416;0.425953209400177;0.7918981313705444;-0.5600602626800537;0.5199726819992065
90;9;3;0.8640695710132738;0.8031148209332919;0.9931561946868896;0.9919301867485046;0.12230663001537323;0.13232576847076416;-0.8185988664627075;1.271023154258728;1.2909287214279175;2.2822213172912598
91;9;1;2.2383847817219475;0.7534703461122563;0.9931561946868896;0.992137610912323;0.12116113305091858;0.12913314998149872;-0.09726438671350479;1.3164029121398926;-0.24142439663410187;0.20351026952266693
91;9;2;1.8451970614265942;0.769237890446619;0.9931561946868896;0.992137610912323;0.12116113305091858;0.12913314998149872;0.427039235830307;0.7938005328178406;-0.5685224533081055;0.5319440960884094
91;9;3;0.8630058901181501;0.8146795992744233;0.9931561946868896;0.992137610912323;0.12116113305091858;0.12913314998149872;-0.821130633354187;1.276416301727295;1.3148913383483887;2.3161096572875977
92;9;1;2.273260596586578;0.757766306882909;0.9931561946868896;0.993268609046936;0.11919571459293365;0.1258724182844162;-0.09983783960342407;1.3220727443695068;-0.23030050098896027;0.2081778347492218
92;9;2;1.8427128053372694;0.7624009803274294;0.9931561946868896;0.993268609046936;0.11919571459293365;0.1258724182844162;0.4281608760356903;0.7957428693771362;-0.5763392448425293;0.5428701043128967
92;9;3;0.845158388514724;0.8194605910088102;0.9931561946868896;0.993268609046936;0.11919571459293365;0.1258724182844162;-0.823607325553894;1.2817143201828003;1.3378076553344727;2.348518133163452
93;9;1;2.2731427646647777;0.7580622715179559;0.9935587048530579;0.993648886680603;0.1169280856847763;0.12309028208255768;-0.10300999879837036;1.3270487785339355;-0.21979565918445587;0.21304577589035034
93;9;2;1.849717580838485;0.766349196158409;0.9935587048530579;0.993648886680603;0.1169280856847763;0.12309028208255768;0.429107129573822;0.7973876595497131;-0.5844230651855469;0.5541324615478516
93;9;3;0.841587027136038;0.8317825425631749;0.9935587048530579;0.993648886680603;0.1169280856847763;0.12309028208255768;-0.825910210609436;1.286685585975647;1.3600683212280273;2.3799996376037598
94;9;1;2.310698132158705;0.7534563694565737;0.9935587644577026;0.9938908815383911;0.11506135761737823;0.12096483260393143;-0.10648298263549805;1.330941915512085;-0.21125249564647675;0.21748118102550507
94;9;2;1.8564388344822618;0.766670115304529;0.9935587644577026;0.9938908815383911;0.11506135761737823;0.12096483260393143;0.4297054708003998;0.7984603643417358;-0.5935021638870239;0.5668887495994568
94;9;3;0.8464924234579945;0.8255878076312755;0.9935587644577026;0.9938908815383911;0.11506135761737823;0.12096483260393143;-0.8279489278793335;1.2911497354507446;1.3819736242294312;2.410978317260742
95;9;1;2.335274358647391;0.7562503868656112;0.9939613342285156;0.9940637350082397;0.11345192790031433;0.11904633045196533;-0.11001195758581161;1.333650827407837;-0.20519685745239258;0.2211117297410965
95;9;2;1.8664320396837661;0.7844105543216364;0.9939613342285156;0.9940637350082397;0.11345192790031433;0.11904633045196533;0.4298919141292572;0.7988675832748413;-0.6038297414779663;0.5815452337265015
95;9;3;0.8438440427880991;0.8190997870621095;0.9939613342285156;0.9940637350082397;0.11345192790031433;0.11904633045196533;-0.8296985626220703;1.2950520515441895;1.4036455154418945;2.441627025604248
96;9;1;2.356585935953107;0.7490590831194419;0.9935587644577026;0.9942760467529297;0.11215750128030777;0.116989865899086;-0.11336814612150192;1.3353646993637085;-0.20139291882514954;0.22392630577087402
96;9;2;1.8747725460352402;0.7821717253267555;0.9935587644577026;0.9942760467529297;0.11215750128030777;0.116989865899086;0.4297276735305786;0.7987128496170044;-0.615165114402771;0.5977678298950195
96;9;3;0.8519113228840043;0.8246050541556502;0.9935587644577026;0.9942760467529297;0.11215750128030777;0.116989865899086;-0.8312085866928101;1.2984843254089355;1.4250093698501587;2.4718399047851562
97;9;1;2.36025717696522;0.7529587616283981;0.9935587644577026;0.9943946003913879;0.1113051101565361;0.1149701401591301;-0.11640677601099014;1.3365204334259033;-0.1988265961408615;0.2262391448020935
97;9;2;1.8606556879103184;0.7736561980161585;0.9935587644577026;0.9943946003913879;0.1113051101565361;0.1149701401591301;0.42938610911369324;0.7982704639434814;-0.6268351078033447;0.6145737767219543
97;9;3;0.8564477023053501;0.8280279029094195;0.9935587644577026;0.9943946003913879;0.1113051101565361;0.1149701401591301;-0.8325876593589783;1.3016539812088013;1.445836067199707;2.501293420791626
98;9;1;2.3588668280412897;0.7524599292139067;0.9935587644577026;0.9944143295288086;0.11109550297260284;0.1134214773774147;-0.11903955042362213;1.3376426696777344;-0.19621388614177704;0.22844649851322174
98;9;2;1.850943192119714;0.7801534464370214;0.9935587644577026;0.9944143295288086;0.11109550297260284;0.1134214773774147;0.42908164858818054;0.7978807687759399;-0.638035774230957;0.6307569742202759
98;9;3;0.8510314497892599;0.8419921618305879;0.9935587644577026;0.9944143295288086;0.11109550297260284;0.1134214773774147;-0.8339650630950928;1.3048092126846313;1.46583890914917;2.5295817852020264
99;9;1;2.377527479132933;0.7442102871444334;0.9935587644577026;0.9944292306900024;0.11150725930929184;0.11245331168174744;-0.12124744802713394;1.3391711711883545;-0.19258922338485718;0.23089759051799774
99;9;2;1.8331111381760827;0.780681981470214;0.9935587644577026;0.9944292306900024;0.11150725930929184;0.11245331168174744;0.428999662399292;0.7978457808494568;-0.6480846405029297;0.6452476978302002
99;9;3;0.8600216325552905;0.8393811409597549;0.9935587644577026;0.9944292306900024;0.11150725930929184;0.11245331168174744;-0.83544921875;1.308156967163086;1.4847822189331055;2.5563716888427734
100;9;1;2.3890557812123694;0.7561553091500173;0.9935587644577026;0.9944884181022644;0.11205295473337173;0.11177841573953629;-0.12300930172204971;1.3413759469985962;-0.18716220557689667;0.23367367684841156
100;9;2;1.826844272109013;0.7808153165183098;0.9935587644577026;0.9944884181022644;0.11205295473337173;0.11177841573953629;0.42924293875694275;0.7983295321464539;-0.6566275358200073;0.6575013995170593
100;9;3;0.8577746384691212;0.8429030150755303;0.9935587644577026;0.9944884181022644;0.11205295473337173;0.11177841573953629;-0.8370983004570007;1.3118078708648682;1.5025578737258911;2.581510066986084
101;9;1;2.3985928477580742;0.7592948725359028;0.9939613342285156;0.9944933652877808;0.11244761943817139;0.1109628975391388;-0.12426795065402985;1.3442208766937256;-0.18017613887786865;0.2367076724767685
101;9;2;1.8305021777692074;0.7775986745350099;0.9939613342285156;0.9944933652877808;0.11244761943817139;0.1109628975391388;0.4297964870929718;0.7993075251579285;-0.6637452840805054;0.6676419973373413
101;9;3;0.8660212975645525;0.8511014482437154;0.9939613342285156;0.9944933652877808;0.11244761943817139;0.1109628975391388;-0.8389029502868652;1.3157429695129395;1.5192286968231201;2.605086326599121
102;9;1;2.41904527325866;0.7551460078896071;0.9935587644577026;0.9945082068443298;0.11267992109060287;0.10999293625354767;-0.1249925047159195;1.3474258184432983;-0.1725202053785324;0.23971283435821533
102;9;2;1.8197381172538245;0.7783659577923312;0.9935587644577026;0.9945082068443298;0.11267992109060287;0.10999293625354767;0.4305417239665985;0.8005879521369934;-0.669898271560669;0.6763868927955627
102;9;3;0.866940966094214;0.8452643752478242;0.9935587644577026;0.9945082068443298;0.11267992109060287;0.10999293625354767;-0.8407977819442749;1.3198378086090088;1.5349947214126587;2.627382755279541
103;9;1;2.4576910482334764;0.7452674629983402;0.9939613342285156;0.994611918926239;0.11303218454122543;0.10912659764289856;-0.12523075938224792;1.3506062030792236;-0.16532860696315765;0.24236275255680084
103;9;2;1.8194803992512467;0.7799350784215111;0.9939613342285156;0.994611918926239;0.11303218454122543;0.10912659764289856;0.43131735920906067;0.8019075989723206;-0.6756817698478699;0.6846572160720825
103;9;3;0.8600547281145845;0.843942071032254;0.9939613342285156;0.994611918926239;0.11303218454122543;0.10912659764289856;-0.8426896929740906;1.3239161968231201;1.5501165390014648;2.648768186569214
104;9;1;2.478839056579792;0.7482842516731756;0.9935587644577026;0.9946069717407227;0.11367131769657135;0.10856886208057404;-0.12504053115844727;1.3533955812454224;-0.15971232950687408;0.24432280659675598
104;9;2;1.8240815211394477;0.7910502165166973;0.9935587644577026;0.9946069717407227;0.11367131769657135;0.10856886208057404;0.43196743726730347;0.8030110001564026;-0.6816854476928711;0.6933565735816956
104;9;3;0.8464923359280601;0.8443586045691025;0.9935587644577026;0.9946069717407227;0.11367131769657135;0.10856886208057404;-0.8444921970367432;1.327817678451538;1.5648270845413208;2.669572114944458
105;9;1;2.483432192567884;0.7495172012557072;0.9935587644577026;0.994621753692627;0.11455439031124115;0.10810723155736923;-0.12459246069192886;1.3556314706802368;-0.15599630773067474;0.24548877775669098
105;9;2;1.8429401578706504;0.7930799943673685;0.9935587644577026;0.994621753692627;0.11455439031124115;0.10810723155736923;0.4324253797531128;0.8037821650505066;-0.6881594061851501;0.7028466463088989
105;9;3;0.8488820580726246;0.8437011070957645;0.9935587644577026;0.994621753692627;0.11455439031124115;0.10810723155736923;-0.8461605906486511;1.3314639329910278;1.5792518854141235;2.689971923828125
106;9;1;2.4928028998611094;0.7481296433482356;0.9935587644577026;0.9946464896202087;0.1155230700969696;0.10754147171974182;-0.12394958734512329;1.3573668003082275;-0.15382243692874908;0.24601677060127258
106;9;2;1.8458991974814047;0.7973723776490504;0.9935587644577026;0.9946464896202087;0.1155230700969696;0.10754147171974182;0.43271440267562866;0.8042483329772949;-0.6950478553771973;0.7130019664764404
106;9;3;0.8461461586270511;0.8441063338648265;0.9935587644577026;0.9946464896202087;0.1155230700969696;0.10754147171974182;-0.8477002382278442;1.3348766565322876;1.5933914184570312;2.709968090057373
107;9;1;2.4999814540848204;0.7510275427855886;0.9935587644577026;0.9947007894515991;0.11650681495666504;0.10691011697053909;-0.12328431755304337;1.358778715133667;-0.1526026725769043;0.24619841575622559
107;9;2;1.8407543083306797;0.7893309551742669;0.9935587644577026;0.9947007894515991;0.11650681495666504;0.10691011697053909;0.43292519450187683;0.8045426607131958;-0.7020732164382935;0.723358690738678
107;9;3;0.8542203893714371;0.8457839439171675;0.9935587644577026;0.9947007894515991;0.11650681495666504;0.10691011697053909;-0.8491546511650085;1.3381503820419312;1.6071536540985107;2.729430913925171
108;9;1;2.4985992930757845;0.7507430752857447;0.9935587644577026;0.99468594789505;0.11743678897619247;0.10634086281061172;-0.12274956703186035;1.3601175546646118;-0.15155337750911713;0.24639149010181427
108;9;2;1.839122453574345;0.7856248855552908;0.9935587644577026;0.99468594789505;0.11743678897619247;0.10634086281061172;0.4331815540790558;0.8048508167266846;-0.7088410258293152;0.7332956194877625
108;9;3;0.8475736325871068;0.8463432772593962;0.9935587644577026;0.99468594789505;0.11743678897619247;0.10634086281061172;-0.8505859375;1.3414115905761719;1.6204057931900024;2.7481722831726074
109;9;1;2.497821567079881;0.7509750841261758;0.9931561946868896;0.9947205185890198;0.1181541383266449;0.10588933527469635;-0.12245644629001617;1.3616143465042114;-0.14996294677257538;0.2468905746936798
109;9;2;1.8398808487356346;0.7854014937467659;0.9931561946868896;0.9947205185890198;0.1181541383266449;0.10588933527469635;0.43359121680259705;0.8053430914878845;-0.7149988412857056;0.7422431707382202
109;9;3;0.8468000473986415;0.8471498483169857;0.9931561946868896;0.9947205185890198;0.1181541383266449;0.10588933527469635;-0.852048397064209;1.3447682857513428;1.6330355405807495;2.766033411026001
110;9;1;2.4986696517055087;0.7535778482326494;0.9935587644577026;0.9947255253791809;0.11842678487300873;0.10545896738767624;-0.12243098020553589;1.363387107849121;-0.1474616527557373;0.24784517288208008
110;9;2;1.8305136008492955;0.788955680220162;0.9935587644577026;0.9947255253791809;0.11842678487300873;0.10545896738767624;0.43420320749282837;0.8061033487319946;-0.7203873991966248;0.7499449849128723
110;9;3;0.848353125429921;0.8414948833762295;0.9935587644577026;0.9947255253791809;0.11842678487300873;0.10545896738767624;-0.8535693883895874;1.3482710123062134;1.64500093460083;2.7829549312591553
111;9;1;2.500707056552976;0.7561606733134818;0.9935587644577026;0.9947649240493774;0.11810671538114548;0.1049276664853096;-0.12264283746480942;1.365410566329956;-0.14415958523750305;0.24918900430202484
111;9;2;1.8469266712368606;0.7885335037286527;0.9935587644577026;0.9947649240493774;0.11810671538114548;0.1049276664853096;0.434997022151947;0.8071082830429077;-0.7250665426254272;0.7565104365348816
111;9;3;0.8469696670989908;0.8414948833762295;0.9935587644577026;0.9947649240493774;0.11810671538114548;0.1049276664853096;-0.8551421165466309;1.3518996238708496;1.6563485860824585;2.7990031242370605
112;9;1;2.5091976656558703;0.7568974988551735;0.9931561946868896;0.9948045015335083;0.11729162931442261;0.1043156087398529;-0.12299265712499619;1.367544412612915;-0.14053627848625183;0.2506868243217468
112;9;2;1.8527106155992659;0.7894855434846608;0.9931561946868896;0.9948045015335083;0.11729162931442261;0.1043156087398529;0.4358906149864197;0.8082461953163147;-0.7292895317077637;0.762342095375061
112;9;3;0.8469450535439993;0.842625000647133;0.9931561946868896;0.9948045015335083;0.11729162931442261;0.1043156087398529;-0.8567314147949219;1.355576515197754;1.6671947240829468;2.8143417835235596
113;9;1;2.5146771770945104;0.7544507032916083;0.9931561946868896;0.9948341250419617;0.11626693606376648;0.10373560339212418;-0.1233663558959961;1.369604229927063;-0.13721789419651031;0.2520354688167572
113;9;2;1.8476975237306448;0.7954432191085168;0.9931561946868896;0.9948341250419617;0.11626693606376648;0.10373560339212418;0.436781644821167;0.8093701601028442;-0.7333681583404541;0.7679501175880432
113;9;3;0.8513912312664891;0.8471633532986815;0.9931561946868896;0.9948341250419617;0.11626693606376648;0.10373560339212418;-0.858291506767273;1.359200119972229;1.677682876586914;2.829174280166626
114;9;1;2.5207847749600063;0.754404386059738;0.9935587644577026;0.9948638081550598;0.11531416326761246;0.1032550260424614;-0.12365950644016266;1.3714377880096436;-0.13474078476428986;0.25297313928604126
114;9;2;1.8649360841023306;0.7993914573180034;0.9935587644577026;0.9948638081550598;0.11531416326761246;0.1032550260424614;0.43758660554885864;0.810355007648468;-0.7375520467758179;0.7737680077552795
114;9;3;0.8599505503632372;0.841173996858336;0.9935587644577026;0.9948638081550598;0.11531416326761246;0.1032550260424614;-0.8597835898399353;1.3626841306686401;1.6879351139068604;2.8436732292175293
115;9;1;2.52442438933414;0.7562261102614061;0.9939613342285156;0.9949082136154175;0.11458844691514969;0.10283239930868149;-0.12378580868244171;1.3729833364486694;-0.13321064412593842;0.2534383535385132
115;9;2;1.8656352969141219;0.7976290812535796;0.9939613342285156;0.9949082136154175;0.11458844691514969;0.10283239930868149;0.4382621645927429;0.8111437559127808;-0.7419644594192505;0.7800009250640869
115;9;3;0.861426252585634;0.8413576772348206;0.9939613342285156;0.9949082136154175;0.11458844691514969;0.10283239930868149;-0.861191987991333;1.36598801612854;1.698015570640564;2.857929229736328
116;9;1;2.522611721215771;0.7558984285979253;0.9943639039993286;0.9948983192443848;0.11412700265645981;0.10240805149078369;-0.12371315807104111;1.3742767572402954;-0.13255740702152252;0.2534545660018921
116;9;2;1.8700040025990559;0.8034185859891965;0.9943639039993286;0.9948983192443848;0.11412700265645981;0.10240805149078369;0.4388163983821869;0.8117598295211792;-0.7465659379959106;0.7865845561027527
116;9;3;0.858379908077378;0.8378357530416494;0.9943639039993286;0.9948983192443848;0.11412700265645981;0.10240805149078369;-0.8625266551971436;1.3691226243972778;1.7079248428344727;2.8719429969787598
117;9;1;2.5312335611047505;0.7612038291195224;0.9947664737701416;0.9948983192443848;0.11391784250736237;0.10199884325265884;-0.12345202267169952;1.375438928604126;-0.1324361115694046;0.2531884014606476
117;9;2;1.8704715107494634;0.8057156552381044;0.9947664737701416;0.9948983192443848;0.11391784250736237;0.10199884325265884;0.4393064081668854;0.8122926354408264;-0.7511650323867798;0.7932405471801758
117;9;3;0.861306001053916;0.8368046795469846;0.9947664737701416;0.9948983192443848;0.11391784250736237;0.10199884325265884;-0.8638182878494263;1.37214195728302;1.7176111936569214;2.8856418132781982
118;9;1;2.5346512215615533;0.7643495903010189;0.9947664737701416;0.9949032664299011;0.1138947457075119;0.10164307802915573;-0.12304270267486572;1.37661874294281;-0.13239477574825287;0.25285273790359497
118;9;2;1.8686747846507874;0.801133025386942;0.9947664737701416;0.9949032664299011;0.1138947457075119;0.10164307802915573;0.4398047626018524;0.81285560131073;-0.7555322647094727;0.7996208071708679
118;9;3;0.8579563445096996;0.8384516555387995;0.9947664737701416;0.9949032664299011;0.1138947457075119;0.10164307802915573;-0.8651056289672852;1.3751178979873657;1.7270004749298096;2.8989200592041016
119;9;1;2.5287017932061406;0.7649681101545598;0.9947664737701416;0.9949280023574829;0.11395478993654251;0.10135482251644135;-0.12253887951374054;1.377943754196167;-0.13200974464416504;0.2526696026325226
119;9;2;1.8764696904996558;0.8009630031631465;0.9947664737701416;0.9949280023574829;0.11395478993654251;0.10135482251644135;0.4403749704360962;0.81354820728302;-0.7594704627990723;0.8054129481315613
119;9;3;0.862546972617122;0.8315615113758787;0.9947664737701416;0.9949280023574829;0.11395478993654251;0.10135482251644135;-0.866421103477478;1.3781123161315918;1.736030101776123;2.9116897583007812
120;9;1;2.527923823501034;0.7665223097080833;0.9947664737701416;0.9949427843093872;0.11397569626569748;0.10110360383987427;-0.1219944953918457;1.3794686794281006;-0.13109765946865082;0.25274381041526794
120;9;2;1.875711676401398;0.7999151934218309;0.9947664737701416;0.9949427843093872;0.11397569626569748;0.10110360383987427;0.4410454034805298;0.8144153356552124;-0.76289963722229;0.8104780316352844
120;9;3;0.8690069933344704;0.8366438467869803;0.9947664737701416;0.9949427843093872;0.11397569626569748;0.10110360383987427;-0.8677792549133301;1.3811535835266113;1.7446773052215576;2.9239187240600586
121;9;1;2.5307581920695705;0.7705566055760196;0.9947664737701416;0.9949377775192261;0.11387404054403305;0.10085517913103104;-0.12146033346652985;1.3811695575714111;-0.1297159343957901;0.2530650794506073
121;9;2;1.8807905736515398;0.802102546559412;0.9947664737701416;0.9949377775192261;0.11387404054403305;0.10085517913103104;0.44180718064308167;0.8154414296150208;-0.7658538818359375;0.8148578405380249
121;9;3;0.8632263190942782;0.8328933048529212;0.9947664737701416;0.9949377775192261;0.11387404054403305;0.10085517913103104;-0.8691737055778503;1.3842312097549438;1.7529674768447876;2.935642957687378
122;9;1;2.5323086876957817;0.7683346663545976;0.9947664737701416;0.9949823021888733;0.11364709585905075;0.10060735046863556;-0.1209719330072403;1.382951259613037;-0.128106951713562;0.25353601574897766
122;9;2;1.8921605034524793;0.8024486280432166;0.9947664737701416;0.9949823021888733;0.11364709585905075;0.10060735046863556;0.4426170587539673;0.816555917263031;-0.7684799432754517;0.818769633769989
122;9;3;0.8602063250280976;0.8333612944772821;0.9947664737701416;0.9949823021888733;0.11364709585905075;0.10060735046863556;-0.8705803155899048;1.387300729751587;1.7609649896621704;2.946953296661377
123;9;1;2.52464526928091;0.770583938830403;0.9947664737701416;0.9949774146080017;0.11334951967000961;0.10038686543703079;-0.120551697909832;1.3846834897994995;-0.1266421526670456;0.2539893388748169
123;9;2;1.9031602039190583;0.8025288240013602;0.9947664737701416;0.9949774146080017;0.11334951967000961;0.10038686543703079;0.4434134364128113;0.8176595568656921;-0.7709864974021912;0.8225305080413818
123;9;3;0.8597576931099535;0.8330909787390035;0.9947664737701416;0.9949774146080017;0.11334951967000961;0.10038686543703079;-0.871968150138855;1.3903051614761353;1.768750786781311;2.9579639434814453
124;9;1;2.539095133100062;0.7748448779472437;0.9947664737701416;0.9950217604637146;0.11304900795221329;0.10017649084329605;-0.12015219032764435;1.386270523071289;-0.12544678151607513;0.25438350439071655
124;9;2;1.9089081904402105;0.8030038785758022;0.9947664737701416;0.9950217604637146;0.11304900795221329;0.10017649084329605;0.4441465735435486;0.8186734914779663;-0.7735373973846436;0.8263798952102661
124;9;3;0.8594953592127821;0.8324492666303915;0.9947664737701416;0.9950217604637146;0.11304900795221329;0.10017649084329605;-0.8733105659484863;1.3931958675384521;1.7763946056365967;2.96877384185791
125;9;1;2.536212530059518;0.774830533357882;0.9947664737701416;0.9950514435768127;0.11276783049106598;0.09997911751270294;-0.11979354918003082;1.3876523971557617;-0.12467508763074875;0.25464123487472534
125;9;2;1.9136373879364914;0.8081013573303046;0.9947664737701416;0.9950514435768127;0.11276783049106598;0.09997911751270294;0.44478827714920044;0.8195513486862183;-0.7762290835380554;0.83045893907547
125;9;3;0.8577105773756379;0.8326664996262099;0.9947664737701416;0.9950514435768127;0.11276783049106598;0.09997911751270294;-0.8745919466018677;1.3959453105926514;1.7839404344558716;2.979445219039917
126;9;1;2.5312716543580818;0.7749342970964515;0.9947664737701416;0.9950514435768127;0.11254224181175232;0.09978483617305756;-0.11949216574430466;1.3888282775878906;-0.12429579347372055;0.25477010011672974
126;9;2;1.9137168027044558;0.8085631691583544;0.9947664737701416;0.9950514435768127;0.11254224181175232;0.09978483617305756;0.44533711671829224;0.8202921152114868;-0.7790736556053162;0.8347707986831665
126;9;3;0.8591328438476245;0.8320797174045533;0.9947664737701416;0.9950514435768127;0.11254224181175232;0.09978483617305756;-0.8758111000061035;1.3985544443130493;1.7913979291915894;2.9899919033050537
127;9;1;2.5350943812941544;0.7747352393612221;0.9947664737701416;0.995076060295105;0.1123960092663765;0.09958997368812561;-0.11927968263626099;1.3898464441299438;-0.12415867298841476;0.2548304498195648
127;9;2;1.9263774995026939;0.8199283897403835;0.9947664737701416;0.995076060295105;0.1123960092663765;0.09958997368812561;0.445817232131958;0.8209331631660461;-0.7820026278495789;0.8392027616500854
127;9;3;0.85892381101681;0.8307799165082699;0.9947664737701416;0.995076060295105;0.1123960092663765;0.09958997368812561;-0.8769799470901489;1.4010478258132935;1.798746943473816;3.000385046005249
128;9;1;2.5245955693703523;0.774036567808281;0.9947664737701416;0.9950810670852661;0.11233200132846832;0.0994049459695816;-0.11918331682682037;1.3907859325408936;-0.1240001916885376;0.2549368143081665
128;9;2;1.924396101881264;0.8205511465961122;0.9947664737701416;0.9950810670852661;0.11233200132846832;0.0994049459695816;0.446267306804657;0.8215358257293701;-0.7848987579345703;0.84356689453125
128;9;3;0.857570301038991;0.8339184161619362;0.9947664737701416;0.9950810670852661;0.11233200132846832;0.0994049459695816;-0.8781174421310425;1.4034638404846191;1.805951476097107;3.010573625564575
129;9;1;2.5210737597707213;0.7740295061357063;0.9947664737701416;0.9951106905937195;0.11233159154653549;0.09923256188631058;-0.1192106157541275;1.3917196989059448;-0.12362182140350342;0.2551707923412323
129;9;2;1.926019875382555;0.8204782580987517;0.9947664737701416;0.9951106905937195;0.11233159154653549;0.09923256188631058;0.4467218220233917;0.8221551179885864;-0.7876579165458679;0.8477017283439636
129;9;3;0.8591680567430968;0.8325177821279581;0.9947664737701416;0.9951106905937195;0.11233159154653549;0.09923256188631058;-0.8792411684989929;1.405836820602417;1.8129794597625732;3.020512580871582
130;9;1;2.5288619096794944;0.7775319232902644;0.9947664737701416;0.9951058030128479;0.11236352473497391;0.09906159341335297;-0.1193513497710228;1.3926876783370972;-0.12292438000440598;0.255574107170105
130;9;2;1.9320919382766935;0.8204782580987513;0.9947664737701416;0.9951058030128479;0.11236352473497391;0.09906159341335297;0.4471990168094635;0.8228203654289246;-0.790228009223938;0.8515269160270691
130;9;3;0.8591680567430968;0.8325177821279581;0.9947664737701416;0.9951058030128479;0.11236352473497391;0.09906159341335297;-0.8803612589836121;1.4081863164901733;1.8198164701461792;3.030181646347046
131;9;1;2.5293049533970757;0.7774203164008702;0.9943639039993286;0.9950811266899109;0.11240554600954056;0.09888295829296112;-0.1195768341422081;1.3936913013458252;-0.1219441220164299;0.25612425804138184
131;9;2;1.9412657008808676;0.8209533126731943;0.9943639039993286;0.9950811266899109;0.11240554600954056;0.09888295829296112;0.4476974308490753;0.8235294818878174;-0.792616069316864;0.8550596833229065
131;9;3;0.8591680567430968;0.8325177821279581;0.9943639039993286;0.9950811266899109;0.11240554600954056;0.09888295829296112;-0.881477952003479;1.4105122089385986;1.8264713287353516;3.039592981338501
132;9;1;2.530188116361793;0.7772420185577023;0.9943639039993286;0.9950958490371704;0.11246400326490402;0.09869787842035294;-0.1198437437415123;1.3946986198425293;-0.1207672581076622;0.2567795515060425
132;9;2;1.9412584487406699;0.8210328457287259;0.9943639039993286;0.9950958490371704;0.11246400326490402;0.09869787842035294;0.44819357991218567;0.8242566585540771;-0.794898509979248;0.8583773970603943
132;9;3;0.857570301038991;0.8339184161619362;0.9943639039993286;0.9950958490371704;0.11246400326490402;0.09869787842035294;-0.882583498954773;1.4127986431121826;1.8329716920852661;3.048786163330078
133;9;1;2.5313509419185722;0.7764412944972667;0.9943639039993286;0.9950909614562988;0.11256331950426102;0.09851431101560593;-0.12011010944843292;1.395656943321228;-0.11959923803806305;0.2574461102485657
133;9;2;1.9391269244182006;0.826993717046411;0.9943639039993286;0.9950909614562988;0.11256331950426102;0.09851431101560593;0.448659747838974;0.8249579668045044;-0.797163188457489;0.8616266250610352
133;9;3;0.857570301038991;0.8339184161619362;0.9943639039993286;0.9950909614562988;0.11256331950426102;0.09851431101560593;-0.8836653232574463;1.4150210618972778;1.839355230331421;3.0578134059906006
134;9;1;2.535978494181215;0.7774631662067604;0.9943639039993286;0.9950810670852661;0.11272827535867691;0.09834683686494827;-0.1203293576836586;1.396520972251892;-0.11862887442111969;0.2580336630344391
134;9;2;1.943934563315624;0.8260732835322901;0.9943639039993286;0.9950810670852661;0.11272827535867691;0.09834683686494827;0.4490721523761749;0.8255935907363892;-0.7994871139526367;0.8649420738220215
134;9;3;0.8572145417234465;0.8338228814107795;0.9943639039993286;0.9950810670852661;0.11272827535867691;0.09834683686494827;-0.8847125768661499;1.417157769203186;1.8456549644470215;3.0667226314544678
135;9;1;2.537808502469127;0.7772859270542449;0.9943639039993286;0.9950613379478455;0.11297070235013962;0.09819117188453674;-0.12047441303730011;1.3972773551940918;-0.11793606728315353;0.25850796699523926
135;9;2;1.9536289217405152;0.8259306776474795;0.9943639039993286;0.9950613379478455;0.11297070235013962;0.09819117188453674;0.4494231045246124;0.826151430606842;-0.8018954992294312;0.8683643341064453
135;9;3;0.8572145417234465;0.8338228814107795;0.9943639039993286;0.9950613379478455;0.11297070235013962;0.09819117188453674;-0.8857212066650391;1.419202208518982;1.851886510848999;3.075535535812378
136;9;1;2.537808502469127;0.7772859270542449;0.9943639039993286;0.9950613975524902;0.11327622085809708;0.09803838282823563;-0.1205374225974083;1.3979450464248657;-0.11749140173196793;0.25888776779174805
136;9;2;1.9517988923881795;0.820291493811176;0.9943639039993286;0.9950613975524902;0.11327622085809708;0.09803838282823563;0.44972237944602966;0.8266446590423584;-0.8043622970581055;0.8718600273132324
136;9;3;0.8634903714009257;0.8346084996879946;0.9943639039993286;0.9950613975524902;0.11327622085809708;0.09803838282823563;-0.8866963386535645;1.4211641550064087;1.8580451011657715;3.084244966506958
137;9;1;2.5318239240899594;0.7766779602234806;0.9943639039993286;0.9950514435768127;0.11361701041460037;0.09788640588521957;-0.12052693217992783;1.398568034172058;-0.11717521399259567;0.25923579931259155
137;9;2;1.9569657750106613;0.8200988666196034;0.9943639039993286;0.9950514435768127;0.11361701041460037;0.09788640588521957;0.4499933421611786;0.8271075487136841;-0.8068217039108276;0.875330924987793
137;9;3;0.8634903714009257;0.8346084996879946;0.9943639039993286;0.9950514435768127;0.11361701041460037;0.09788640588521957;-0.8876488208770752;1.4230663776397705;1.8641102313995361;3.092822551727295
138;9;1;2.5396507847234515;0.7758017505855586;0.9943639039993286;0.9950612783432007;0.11395706981420517;0.09773795306682587;-0.12046544998884201;1.3991985321044922;-0.11681218445301056;0.2596428096294403
138;9;2;1.9551424314147852;0.8203643749905378;0.9943639039993286;0.9950612783432007;0.11395706981420517;0.09773795306682587;0.45026350021362305;0.8275817632675171;-0.8091961145401001;0.8786556124687195
138;9;3;0.8634903714009257;0.8346084996879946;0.9943639039993286;0.9950612783432007;0.11395706981420517;0.09773795306682587;-0.8885918855667114;1.4249361753463745;1.87005615234375;3.101231098175049
139;9;1;2.532630588673226;0.773102473620356;0.9939613342285156;0.9950662851333618;0.1142553985118866;0.09759601205587387;-0.12037354707717896;1.3998758792877197;-0.1162860170006752;0.2601654529571533
139;9;2;1.9653480485544383;0.8198893204160966;0.9939613342285156;0.9950662851333618;0.1142553985118866;0.09759601205587387;0.45055362582206726;0.8280985355377197;-0.8114289045333862;0.881742537021637
139;9;3;0.8630952357581512;0.8343116058347144;0.9939613342285156;0.9950662851333618;0.1142553985118866;0.09759601205587387;-0.8895351886749268;1.426794409751892;1.8758645057678223;3.109445333480835
140;9;1;2.531500564668492;0.7729177489231418;0.9939613342285156;0.9950761198997498;0.11448419094085693;0.09745922684669495;-0.12026908248662949;1.4006110429763794;-0.115561842918396;0.2608148753643036
140;9;2;1.9590035126566967;0.8195394049197695;0.9939613342285156;0.9950761198997498;0.11448419094085693;0.09745922684669495;0.4508707523345947;0.8286667466163635;-0.8135063648223877;0.8845701813697815
140;9;3;0.8630952357581512;0.8343116058347144;0.9939613342285156;0.9950761198997498;0.11448419094085693;0.09745922684669495;-0.8904818892478943;1.4286489486694336;1.8815319538116455;3.1174604892730713
141;9;1;2.5244425695560926;0.778662932196128;0.9939613342285156;0.9950612783432007;0.11463863402605057;0.09732673317193985;-0.12016637623310089;1.401389479637146;-0.11468353122472763;0.26155975461006165
141;9;2;1.9621941630355284;0.8195394049197691;0.9939613342285156;0.9950612783432007;0.11463863402605057;0.09732673317193985;0.4512069821357727;0.8292758464813232;-0.8154596090316772;0.8871622681617737
141;9;3;0.8630952357581512;0.8343116058347144;0.9939613342285156;0.9950612783432007;0.11463863402605057;0.09732673317193985;-0.891427755355835;1.430493712425232;1.887070894241333;3.125293731689453
142;9;1;2.514002986524363;0.7782427440934319;0.9939613342285156;0.9950613379478455;0.11473581939935684;0.09720116853713989;-0.120060496032238;1.402176856994629;-0.11375564336776733;0.2623405158519745
142;9;2;1.960646967390633;0.8200144594942111;0.9939613342285156;0.9950613379478455;0.11473581939935684;0.09720116853713989;0.45154523849487305;0.8298970460891724;-0.8173441290855408;0.8896060585975647
142;9;3;0.8586061315665479;0.8348068908131578;0.9939613342285156;0.9950613379478455;0.11473581939935684;0.09720116853713989;-0.8923639059066772;1.4323127269744873;1.892505407333374;3.132979393005371
143;9;1;2.5128458252645114;0.773436792818047;0.9939613342285156;0.9950613379478455;0.11481218785047531;0.09708384424448013;-0.11994855850934982;1.4029324054718018;-0.11291327327489853;0.2630770802497864
143;9;2;1.9618104465754609;0.8196531713952253;0.9939613342285156;0.9950613379478455;0.11481218785047531;0.09708384424448013;0.45186567306518555;0.8304970860481262;-0.8192234039306641;0.8920021653175354
143;9;3;0.8563274212382312;0.8353915261645644;0.9939613342285156;0.9950613379478455;0.11481218785047531;0.09708384424448013;-0.8932797312736511;1.4340877532958984;1.897862195968628;3.140554904937744
144;9;1;2.5069761412064073;0.7731426824963696;0.9939613342285156;0.9950711727142334;0.11490608006715775;0.09696664661169052;-0.1198977455496788;1.4036171436309814;-0.11210035532712936;0.2638337314128876
144;9;2;1.9607563934960117;0.8196465591867419;0.9939613342285156;0.9950711727142334;0.11490608006715775;0.09696664661169052;0.4521535336971283;0.8310519456863403;-0.8211450576782227;0.89442378282547
144;9;3;0.8563274212382312;0.8353915261645644;0.9939613342285156;0.9950711727142334;0.11490608006715775;0.09696664661169052;-0.8941678404808044;1.435804843902588;1.9031615257263184;3.1480493545532227
145;9;1;2.5120649317967745;0.7692646112456654;0.9939613342285156;0.9951107501983643;0.1149851381778717;0.09684701263904572;-0.1198965534567833;1.404212236404419;-0.11140396445989609;0.2645544707775116
145;9;2;1.9596180881149197;0.8199558214235085;0.9939613342285156;0.9951107501983643;0.1149851381778717;0.09684701263904572;0.4523988962173462;0.8315446376800537;-0.8231428861618042;0.8969271779060364
145;9;3;0.8544281410936456;0.8360033653020862;0.9939613342285156;0.9951107501983643;0.1149851381778717;0.09684701263904572;-0.895023763179779;1.4374562501907349;1.9084174633026123;3.155482292175293
146;9;1;2.51454241962605;0.770588559777452;0.9939613342285156;0.99509596824646;0.11506695300340652;0.09673114866018295;-0.11993342638015747;1.404720664024353;-0.11083883047103882;0.26521536707878113
146;9;2;1.9618639005561125;0.819567160983266;0.9939613342285156;0.99509596824646;0.11506695300340652;0.09673114866018295;0.45260193943977356;0.8319749236106873;-0.825217604637146;0.8995165824890137
146;9;3;0.8524091243963472;0.8362453862757198;0.9939613342285156;0.99509596824646;0.11506695300340652;0.09673114866018295;-0.8958479762077332;1.4390426874160767;1.9136333465576172;3.162858486175537
147;9;1;2.509972279226485;0.7702310472362797;0.9939613342285156;0.9951057434082031;0.11512809246778488;0.09661757200956345;-0.12000378221273422;1.4051626920700073;-0.11036622524261475;0.2658257484436035
147;9;2;1.956750481882695;0.8195871158232113;0.9939613342285156;0.9951057434082031;0.11512809246778488;0.09661757200956345;0.45277270674705505;0.8323577642440796;-0.8273417353630066;0.9021519422531128
147;9;3;0.85116191417106;0.8314199119598227;0.9939613342285156;0.9951057434082031;0.11512809246778488;0.09661757200956345;-0.8966455459594727;1.440574049949646;1.9188017845153809;3.170167922973633
148;9;1;2.514576646007132;0.7700002826433563;0.9939613342285156;0.9951255321502686;0.115231454372406;0.09650689363479614;-0.1201074942946434;1.4055724143981934;-0.10989852994680405;0.2664218842983246
148;9;2;1.9573403682786026;0.816582533794957;0.9939613342285156;0.9951255321502686;0.115231454372406;0.09650689363479614;0.4529280364513397;0.8327192664146423;-0.8294647932052612;0.9047555327415466
148;9;3;0.8527286812374184;0.8312004876638444;0.9939613342285156;0.9951255321502686;0.115231454372406;0.09650689363479614;-0.8974243998527527;1.4420655965805054;1.9239084720611572;3.1773898601531982
149;9;1;2.5139222018966816;0.7698135799606627;0.9939613342285156;0.995120644569397;0.11535777151584625;0.09639720618724823;-0.1202203556895256;1.405979871749878;-0.10932860523462296;0.26706933975219727
149;9;2;1.9568488515332598;0.8165825337949566;0.9939613342285156;0.995120644569397;0.11535777151584625;0.09639720618724823;0.45308277010917664;0.8330819010734558;-0.8315443396568298;0.9072669744491577
149;9;3;0.8548049599145928;0.8310157286700861;0.9939613342285156;0.995120644569397;0.11535777151584625;0.09639720618724823;-0.8981925249099731;1.4435316324234009;1.9289402961730957;3.1845059394836426
150;9;1;2.4982886183609425;0.7698839603948446;0.9939613342285156;0.9951354265213013;0.11547515541315079;0.09628876298666;-0.12034066766500473;1.4064011573791504;-0.10863486677408218;0.26778021454811096
150;9;2;1.9568488515332598;0.8165825337949566;0.9939613342285156;0.9951354265213013;0.11547515541315079;0.09628876298666;0.4532451331615448;0.8334575295448303;-0.8335573673248291;0.9096561670303345
150;9;3;0.8548049599145928;0.8310157286700861;0.9939613342285156;0.9951354265213013;0.11547515541315079;0.09628876298666;-0.898953914642334;1.444980502128601;1.9338912963867188;3.1915078163146973
151;9;1;2.4849463213692085;0.7652125850103149;0.9939613342285156;0.9951452612876892;0.11556974053382874;0.09618538618087769;-0.12044941633939743;1.406835675239563;-0.10783638805150986;0.26854315400123596
151;9;2;1.9550262364451028;0.8165825337949562;0.9939613342285156;0.9951452612876892;0.11556974053382874;0.09618538618087769;0.4534147381782532;0.8338441848754883;-0.8355083465576172;0.9119357466697693
151;9;3;0.8564918167350992;0.8310359892295511;0.9939613342285156;0.9951452612876892;0.11556974053382874;0.09618538618087769;-0.8997094035148621;1.4464125633239746;1.9387640953063965;3.1983988285064697
152;9;1;2.4849463213692085;0.7652125850103149;0.9939613342285156;0.9951304793357849;0.11565104871988297;0.09608625620603561;-0.12054326385259628;1.4072715044021606;-0.10699518024921417;0.26933151483535767
152;9;2;1.951463371420771;0.8166212809978051;0.9939613342285156;0.9951304793357849;0.11565104871988297;0.09608625620603561;0.4535861313343048;0.8342318534851074;-0.8374165296554565;0.9141411185264587
152;9;3;0.8564918167350992;0.8310359892295511;0.9939613342285156;0.9951304793357849;0.11565104871988297;0.09608625620603561;-0.9004566073417664;1.4478232860565186;1.9435670375823975;3.2051913738250732
153;9;1;2.479653604104521;0.7657619261919404;0.9939613342285156;0.9951205849647522;0.11572259664535522;0.09599103033542633;-0.12061695009469986;1.4076948165893555;-0.10617174208164215;0.27012017369270325
153;9;2;1.9503726644309598;0.8161462264233639;0.9939613342285156;0.9951205849647522;0.11572259664535522;0.09599103033542633;0.4537527859210968;0.8346094489097595;-0.8393020629882812;0.9163078665733337
153;9;3;0.8564918167350992;0.8310359892295511;0.9939613342285156;0.9951205849647522;0.11572259664535522;0.09599103033542633;-0.9011924266815186;1.4492067098617554;1.9483098983764648;3.2118988037109375
154;9;1;2.4798483697496376;0.7730616564276378;0.9939613342285156;0.9951255321502686;0.11578866839408875;0.09589989483356476;-0.12066870927810669;1.408097267150879;-0.1054069995880127;0.2708940804004669
154;9;2;1.9494283339292666;0.8155626785416792;0.9939613342285156;0.9951255321502686;0.11578866839408875;0.09589989483356476;0.4539110064506531;0.8349701166152954;-0.8411761522293091;0.9184564352035522
154;9;3;0.8547032416194815;0.831620683221556;0.9939613342285156;0.9951255321502686;0.11578866839408875;0.09589989483356476;-0.9019152522087097;1.4505586624145508;1.9530000686645508;3.218531608581543
155;9;1;2.4798483697496376;0.7730616564276378;0.9939613342285156;0.9951354265213013;0.11584759503602982;0.09581301361322403;-0.12068942934274673;1.4084783792495728;-0.10474321991205215;0.27162596583366394
155;9;2;1.9504267832754953;0.8130294112953247;0.9939613342285156;0.9951354265213013;0.11584759503602982;0.09581301361322403;0.45406004786491394;0.8353120684623718;-0.8430421352386475;0.9205949902534485
155;9;3;0.8547032416194815;0.831620683221556;0.9939613342285156;0.9951354265213013;0.11584759503602982;0.09581301361322403;-0.9026246070861816;1.4518790245056152;1.9576406478881836;3.2250943183898926
156;9;1;2.481602449341686;0.7727881400221417;0.9939613342285156;0.9951601028442383;0.1159064844250679;0.09573046118021011;-0.12068738788366318;1.4088449478149414;-0.1041719913482666;0.27232682704925537
156;9;2;1.9386584291964306;0.8076915048384476;0.9939613342285156;0.9951601028442383;0.1159064844250679;0.09573046118021011;0.45420387387275696;0.8356415629386902;-0.8448886871337891;0.9227069616317749
156;9;3;0.8547032416194815;0.831620683221556;0.9939613342285156;0.9951601028442383;0.1159064844250679;0.09573046118021011;-0.9033233523368835;1.453171730041504;1.9622290134429932;3.2315833568573
157;9;1;2.4760012603374246;0.7725184673477656;0.9939613342285156;0.9951848387718201;0.11595611274242401;0.09565047919750214;-0.12066798657178879;1.4092124700546265;-0.10364987701177597;0.2730177640914917
157;9;2;1.9402309628082648;0.8077671914648441;0.9939613342285156;0.9951848387718201;0.11595611274242401;0.09565047919750214;0.4543505012989044;0.8359713554382324;-0.8466930389404297;0.9247581958770752
157;9;3;0.8547032416194815;0.831620683221556;0.9939613342285156;0.9951848387718201;0.11595611274242401;0.09565047919750214;-0.9040154218673706;1.4544446468353271;1.9667580127716064;3.237988233566284
158;9;1;2.477320498875395;0.7722525316236295;0.9939613342285156;0.995194673538208;0.11598536372184753;0.09557496756315231;-0.12064099311828613;1.4095971584320068;-0.1031397357583046;0.27370867133140564
158;9;2;1.9431121960350994;0.8079764646322531;0.9939613342285156;0.995194673538208;0.11598536372184753;0.09557496756315231;0.45450806617736816;0.8363146185874939;-0.8484317660331726;0.9267128705978394
158;9;3;0.8547032416194815;0.831620683221556;0.9939613342285156;0.995194673538208;0.11598536372184753;0.09557496756315231;-0.9047052264213562;1.455706238746643;1.9712204933166504;3.2442991733551025
159;9;1;2.485501493441488;0.771990230467356;0.9939613342285156;0.9951798319816589;0.11598851531744003;0.09550264477729797;-0.12061051279306412;1.4100111722946167;-0.10260456800460815;0.27441245317459106
159;9;2;1.9355914592460826;0.8079764646322523;0.9939613342285156;0.9951798319816589;0.11598851531744003;0.09550264477729797;0.45468226075172424;0.8366807699203491;-0.8500880599021912;0.9285457134246826
159;9;3;0.8547032416194815;0.831620683221556;0.9939613342285156;0.9951798319816589;0.11598851531744003;0.09550264477729797;-0.9053959846496582;1.45696222782135;1.975611686706543;3.250509262084961
160;9;1;2.4906538180434437;0.7706441524106591;0.9939613342285156;0.9952094554901123;0.11596233397722244;0.0954330787062645;-0.12057816982269287;1.4104580879211426;-0.1020331010222435;0.27512648701667786
160;9;2;1.9356807008388133;0.8078962814785999;0.9939613342285156;0.9952094554901123;0.11596233397722244;0.0954330787062645;0.4548749327659607;0.8370720744132996;-0.8516554832458496;0.9302544593811035
160;9;3;0.8542305823936029;0.8330054097676949;0.9939613342285156;0.9952094554901123;0.11596233397722244;0.0954330787062645;-0.9060887098312378;1.4582141637802124;1.9799315929412842;3.2566184997558594
161;9;1;2.4902022936472585;0.77064415241066;0.9939613342285156;0.9952094554901123;0.11591306328773499;0.09536606073379517;-0.12054882198572159;1.4109302759170532;-0.10148117691278458;0.27580851316452026
161;9;2;1.9339320315166164;0.8078962814785995;0.9939613342285156;0.9952094554901123;0.11591306328773499;0.09536606073379517;0.455081582069397;0.8374821543693542;-0.8531486392021179;0.9318610429763794
161;9;3;0.8535028911067526;0.8347958821016737;0.9939613342285156;0.9952094554901123;0.11591306328773499;0.09536606073379517;-0.906781792640686;1.4594589471817017;1.9841852188110352;3.262634038925171
162;9;1;2.4902022936472585;0.77064415241066;0.9939613342285156;0.995204508304596;0.11585751920938492;0.09530218690633774;-0.12051891535520554;1.4114164113998413;-0.10098530352115631;0.27643200755119324
162;9;2;1.9334745126459314;0.8080299503586246;0.9939613342285156;0.995204508304596;0.11585751920938492;0.09530218690633774;0.4552953243255615;0.8379011154174805;-0.8545882105827332;0.9333964586257935
162;9;3;0.8535028911067526;0.8347958821016737;0.9939613342285156;0.995204508304596;0.11585751920938492;0.09530218690633774;-0.9074726104736328;1.4606916904449463;1.988379955291748;3.268566370010376
163;9;1;2.4879800714250377;0.77064415241066;0.9939613342285156;0.995194673538208;0.11581652611494064;0.09524112194776535;-0.1204870343208313;1.4119067192077637;-0.10057443380355835;0.27697569131851196
163;9;2;1.9398082432072865;0.8078667705065983;0.9939613342285156;0.995194673538208;0.11581652611494064;0.09524112194776535;0.4555104672908783;0.8383206129074097;-0.8559907674789429;0.9348849058151245
163;9;3;0.8535028911067526;0.8347958821016737;0.9939613342285156;0.995194673538208;0.11581652611494064;0.09524112194776535;-0.9081586599349976;1.4619072675704956;1.992523193359375;3.274425745010376
164;9;1;2.4879800714250377;0.77064415241066;0.9939613342285156;0.9952045679092407;0.11580395698547363;0.09518250077962875;-0.12045618146657944;1.4123948812484741;-0.10025700181722641;0.27743473649024963
164;9;2;1.9390882954226312;0.8080272186587325;0.9939613342285156;0.9952045679092407;0.11580395698547363;0.09518250077962875;0.4557238221168518;0.8387361764907837;-0.8573655486106873;0.9363399744033813
164;9;3;0.8535937550334864;0.8347323399312758;0.9939613342285156;0.9952045679092407;0.11580395698547363;0.09518250077962875;-0.908838152885437;1.46310293674469;1.9966192245483398;3.2802183628082275
165;9;1;2.484485870900288;0.7703888296589101;0.9939613342285156;0.995204508304596;0.11582330614328384;0.09512565284967422;-0.12043026834726334;1.412881851196289;-0.10002020746469498;0.2778158187866211
165;9;2;1.945989435787438;0.8084070885460894;0.9939613342285156;0.995204508304596;0.11582330614328384;0.09512565284967422;0.4559359848499298;0.8391487002372742;-0.8587099313735962;0.9377569556236267
165;9;3;0.8535937550334864;0.8347323399312758;0.9939613342285156;0.995204508304596;0.11582330614328384;0.09512565284967422;-0.9095110893249512;1.464279055595398;2.000669240951538;3.2859461307525635
166;9;1;2.4800825969057403;0.7701384906494466;0.9939613342285156;0.9951848387718201;0.11587095260620117;0.09507067501544952;-0.12041053920984268;1.4133703708648682;-0.09980852901935577;0.2781555950641632
166;9;2;1.9456790758979778;0.8086275712872877;0.9939613342285156;0.9951848387718201;0.11587095260620117;0.09507067501544952;0.4561488926410675;0.8395612835884094;-0.8600189685821533;0.9391266703605652
166;9;3;0.8535937550334864;0.8347323399312758;0.9939613342285156;0.9951848387718201;0.11587095260620117;0.09507067501544952;-0.9101783633232117;1.4654371738433838;2.004672050476074;3.291606903076172
167;9;1;2.4800825969057403;0.7701384906494466;0.9939613342285156;0.995194673538208;0.11593478918075562;0.0950176790356636;-0.12040263414382935;1.4138636589050293;-0.09960418939590454;0.27846890687942505
167;9;2;1.940693262635981;0.8095064020892502;0.9939613342285156;0.995194673538208;0.11593478918075562;0.0950176790356636;0.4563647210597992;0.8399774432182312;-0.8612868189811707;0.9404385685920715
167;9;3;0.8535937550334864;0.8347323399312758;0.9939613342285156;0.995194673538208;0.11593478918075562;0.0950176790356636;-0.9108408689498901;1.4665799140930176;2.0086262226104736;3.29719877243042
168;9;1;2.4795843957771773;0.7701384906494457;0.9943639039993286;0.9951995611190796;0.11600230634212494;0.09496606141328812;-0.1204075738787651;1.4143640995025635;-0.09937776625156403;0.2787776291370392
168;9;2;1.940479294225156;0.8097703068214628;0.9943639039993286;0.9951995611190796;0.11600230634212494;0.09496606141328812;0.4565850496292114;0.8403995037078857;-0.8625091314315796;0.9416869878768921
168;9;3;0.8535937550334864;0.8347323399312758;0.9943639039993286;0.9951995611190796;0.11600230634212494;0.09496606141328812;-0.9114992022514343;1.4677079916000366;2.012531280517578;3.3027215003967285
169;9;1;2.4775653446647032;0.7737253346119202;0.9943639039993286;0.9951847791671753;0.11606252193450928;0.09491565823554993;-0.12042571604251862;1.4148691892623901;-0.09912772476673126;0.2790886163711548
169;9;2;1.9365540453098014;0.8101522979293398;0.9943639039993286;0.9951847791671753;0.11606252193450928;0.09491565823554993;0.45680898427963257;0.8408260941505432;-0.8636884093284607;0.9428759813308716
169;9;3;0.8535937550334864;0.8347323399312758;0.9943639039993286;0.9951847791671753;0.11606252193450928;0.09491565823554993;-0.9121527075767517;1.4688212871551514;2.0163891315460205;3.3081772327423096
170;9;1;2.4775653446647032;0.7737253346119202;0.9943639039993286;0.9951798915863037;0.11610712110996246;0.09486670792102814;-0.12045826762914658;1.4153735637664795;-0.09890637546777725;0.2793761193752289
170;9;2;1.942897176581491;0.8104393608866167;0.9943639039993286;0.9951798915863037;0.11610712110996246;0.09486670792102814;0.45703330636024475;0.8412528038024902;-0.8648337125778198;0.9440182447433472
170;9;3;0.8535937550334864;0.8347323399312758;0.9943639039993286;0.9951798915863037;0.11610712110996246;0.09486670792102814;-0.9128001928329468;1.4699171781539917;2.0202033519744873;3.3135714530944824
171;9;1;2.4775653446647032;0.7737253346119202;0.9943639039993286;0.9951847791671753;0.11613833159208298;0.09481916576623917;-0.1204993724822998;1.4158718585968018;-0.09872931987047195;0.2796357274055481
171;9;2;1.937386833955352;0.8104393608866167;0.9943639039993286;0.9951847791671753;0.11613833159208298;0.09481916576623917;0.45725733041763306;0.8416742086410522;-0.8659464120864868;0.9451347589492798
171;9;3;0.8535937550334864;0.8347323399312758;0.9943639039993286;0.9951847791671753;0.11613833159208298;0.09481916576623917;-0.913439929485321;1.4709924459457397;2.0239782333374023;3.3189098834991455
172;9;1;2.4775653446647032;0.7737253346119202;0.9943639039993286;0.9951798915863037;0.11616136133670807;0.0947728380560875;-0.120538629591465;1.4163607358932495;-0.09857048839330673;0.2798840403556824
172;9;2;1.937386833955352;0.8104393608866167;0.9943639039993286;0.9951798915863037;0.11616136133670807;0.0947728380560875;0.45747846364974976;0.8420870900154114;-0.8670334815979004;0.9462344646453857
172;9;3;0.8535937550334864;0.8347323399312758;0.9943639039993286;0.9951798915863037;0.11616136133670807;0.0947728380560875;-0.9140712022781372;1.4720458984375;2.027716875076294;3.3241970539093018
173;9;1;2.4747401896554386;0.7735285125094151;0.9939613342285156;0.9951897263526917;0.11618050932884216;0.09472770243883133;-0.12057169526815414;1.4168386459350586;-0.09843515604734421;0.28011587262153625
173;9;2;1.938262999229317;0.8104393608866167;0.9939613342285156;0.9951897263526917;0.11618050932884216;0.09472770243883133;0.457695335149765;0.8424902558326721;-0.8680991530418396;0.9473215341567993
173;9;3;0.8535937550334864;0.8347323399312758;0.9939613342285156;0.9951897263526917;0.11618050932884216;0.09472770243883133;-0.9146934747695923;1.473076581954956;2.031420946121216;3.329435348510742
174;9;1;2.4783046997586924;0.7737788515188786;0.9939613342285156;0.9952045679092407;0.11620114743709564;0.09468355029821396;-0.12059549242258072;1.4173070192337036;-0.09832089394330978;0.28032898902893066
174;9;2;1.9376623290227926;0.8104393608866167;0.9939613342285156;0.9952045679092407;0.11620114743709564;0.09468355029821396;0.4579078257083893;0.8428843021392822;-0.8691427111625671;0.9483943581581116
174;9;3;0.8535937550334864;0.8347323399312758;0.9939613342285156;0.9952045679092407;0.11620114743709564;0.09468355029821396;-0.9153067469596863;1.4740846157073975;2.035090684890747;3.334625244140625
175;9;1;2.4783046997586924;0.7737788515188786;0.9939613342285156;0.9951996207237244;0.11622745543718338;0.09464038908481598;-0.12060894072055817;1.417768955230713;-0.0982174351811409;0.2805245518684387
175;9;2;1.9396850271057202;0.8104393608866167;0.9939613342285156;0.9951996207237244;0.11622745543718338;0.09464038908481598;0.4581170976161957;0.8432717323303223;-0.870161235332489;0.949446439743042
175;9;3;0.8535937550334864;0.8347323399312758;0.9939613342285156;0.9951996207237244;0.11622745543718338;0.09464038908481598;-0.9159120321273804;1.475071907043457;2.0387256145477295;3.339765787124634
176;9;1;2.4783046997586924;0.7737788515188786;0.9939613342285156;0.9951996207237244;0.11626119166612625;0.0945982038974762;-0.12061275541782379;1.418228030204773;-0.09811213612556458;0.2807055711746216
176;9;2;1.9360793465525692;0.8104393608866163;0.9939613342285156;0.9951996207237244;0.11626119166612625;0.0945982038974762;0.45832449197769165;0.8436553478240967;-0.8711509704589844;0.9504697918891907
176;9;3;0.8535937550334864;0.8347323399312758;0.9939613342285156;0.9951996207237244;0.11626119166612625;0.0945982038974762;-0.9165095686912537;1.4760397672653198;2.0423245429992676;3.344855546951294
177;9;1;2.4783046997586924;0.7737788515188786;0.9939613342285156;0.995204508304596;0.11630253493785858;0.09455698728561401;-0.12060892581939697;1.418686866760254;-0.09799501299858093;0.2808745801448822
177;9;2;1.9366413834652825;0.8104393608866163;0.9939613342285156;0.995204508304596;0.11630253493785858;0.09455698728561401;0.45853114128112793;0.8440369963645935;-0.8721094131469727;0.9514582753181458
177;9;3;0.8537548913636446;0.8362952687102165;0.9939613342285156;0.995204508304596;0.11630253493785858;0.09455698728561401;-0.9171003699302673;1.4769898653030396;2.045886993408203;3.349893569946289
178;9;1;2.4783046997586924;0.7737788515188786;0.9939613342285156;0.9951996803283691;0.1163504347205162;0.09451662003993988;-0.12060008198022842;1.4191453456878662;-0.09786219149827957;0.2810325622558594
178;9;2;1.9352565818520846;0.8104393608866163;0.9939613342285156;0.9951996803283691;0.1163504347205162;0.09451662003993988;0.45873722434043884;0.844417154788971;-0.873036801815033;0.9524108171463013
178;9;3;0.8537548913636446;0.8362952687102165;0.9939613342285156;0.9951996803283691;0.1163504347205162;0.09451662003993988;-0.9176843166351318;1.4779224395751953;2.0494132041931152;3.3548803329467773
179;9;1;2.473257738625046;0.7736384407503962;0.9939613342285156;0.9951995611190796;0.11640389263629913;0.09447725862264633;-0.12059392035007477;1.4196020364761353;-0.0977507010102272;0.28115853667259216
179;9;2;1.9335077802924996;0.8125871742940891;0.9939613342285156;0.9951995611190796;0.11640389263629913;0.09447725862264633;0.4589419662952423;0.8447945713996887;-0.8739361763000488;0.9533308744430542
179;9;3;0.8537548913636446;0.8362952687102165;0.9939613342285156;0.9951995611190796;0.11640389263629913;0.09447725862264633;-0.9182608127593994;1.478837013244629;2.0529048442840576;3.35981822013855
180;9;1;2.473257738625046;0.7736384407503962;0.9939613342285156;0.9951896667480469;0.1164625734090805;0.0944385826587677;-0.1205923929810524;1.4200555086135864;-0.097658172249794;0.2812539339065552
180;9;2;1.930678077246215;0.8125871742940891;0.9939613342285156;0.9951896667480469;0.1164625734090805;0.0944385826587677;0.45914483070373535;0.8451682925224304;-0.8748089671134949;0.9542185664176941
180;9;3;0.8537548913636446;0.8362952687102165;0.9939613342285156;0.9951896667480469;0.1164625734090805;0.0944385826587677;-0.9188295602798462;1.479732632637024;2.056363582611084;3.3647096157073975
181;9;1;2.473257738625046;0.7736384407503962;0.9939613342285156;0.9951896667480469;0.11652538180351257;0.09440077096223831;-0.1205938383936882;1.420502781867981;-0.09755348414182663;0.2813408672809601
181;9;2;1.9304463109639158;0.8125871742940882;0.9939613342285156;0.9951896667480469;0.11652538180351257;0.09440077096223831;0.4593447744846344;0.8455362915992737;-0.8756596446037292;0.9550797343254089
181;9;3;0.8537548913636446;0.8362952687102165;0.9939613342285156;0.9951896667480469;0.11652538180351257;0.09440077096223831;-0.9193896651268005;1.4806088209152222;2.059791326522827;3.3695573806762695
182;9;1;2.473257738625046;0.7736384407503962;0.9939613342285156;0.9951896667480469;0.1165882870554924;0.09436388313770294;-0.12060108035802841;1.4209388494491577;-0.09745440632104874;0.2814162075519562
182;9;2;1.9284534349906464;0.8125871742940882;0.9939613342285156;0.9951896667480469;0.1165882870554924;0.09436388313770294;0.45953986048698425;0.8458951115608215;-0.8764960169792175;0.9559261202812195
182;9;3;0.8537548913636446;0.8362952687102165;0.9939613342285156;0.9951896667480469;0.1165882870554924;0.09436388313770294;-0.9199403524398804;1.4814637899398804;2.06318998336792;3.374363660812378
183;9;1;2.473257738625046;0.7736384407503962;0.9939613342285156;0.995194673538208;0.11665084213018417;0.09432777017354965;-0.120615653693676;1.4213619232177734;-0.09736479818820953;0.2814817428588867
183;9;2;1.9303340451723807;0.8125871742940891;0.9939613342285156;0.995194673538208;0.11665084213018417;0.09432777017354965;0.45972973108291626;0.8462434411048889;-0.8773201704025269;0.9567607045173645
183;9;3;0.8537548913636446;0.8362952687102165;0.9939613342285156;0.995194673538208;0.11665084213018417;0.09432777017354965;-0.9204813838005066;1.4822977781295776;2.066561222076416;3.379131317138672
184;9;1;2.473257738625046;0.7736384407503962;0.9939613342285156;0.9951896667480469;0.11670954525470734;0.09429240226745605;-0.1206376925110817;1.4217724800109863;-0.09728323668241501;0.2815414369106293
184;9;2;1.929583705043151;0.8123914345795553;0.9939613342285156;0.9951896667480469;0.11670954525470734;0.09429240226745605;0.4599147439002991;0.846581757068634;-0.8781318664550781;0.9575825929641724
184;9;3;0.8537548913636446;0.8362952687102165;0.9939613342285156;0.9951896667480469;0.11670954525470734;0.09429240226745605;-0.921012818813324;1.483111023902893;2.0699050426483154;3.3838601112365723
185;9;1;2.473257738625046;0.7736384407503962;0.9939613342285156;0.9951896667480469;0.11676061153411865;0.09425776451826096;-0.12066631764173508;1.4221723079681396;-0.09720426052808762;0.28160029649734497
185;9;2;1.9369402906624904;0.8123914345795558;0.9939613342285156;0.9951896667480469;0.11676061153411865;0.09425776451826096;0.4600961208343506;0.8469116687774658;-0.8789279460906982;0.9583879709243774
185;9;3;0.8537548913636446;0.8362952687102165;0.9939613342285156;0.9951896667480469;0.11676061153411865;0.09425776451826096;-0.9215353727340698;1.483904480934143;2.07322096824646;3.388549566268921
186;9;1;2.473257738625046;0.7736384407503962;0.9939613342285156;0.9951996207237244;0.1168009340763092;0.09422384202480316;-0.12069946527481079;1.4225643873214722;-0.09712096303701401;0.28166288137435913
186;9;2;1.9364992684063589;0.8123914345795562;0.9939613342285156;0.9951996207237244;0.1168009340763092;0.09422384202480316;0.46027520298957825;0.8472352027893066;-0.8797054290771484;0.959170937538147
186;9;3;0.8537548913636446;0.8362952687102165;0.9939613342285156;0.9951996207237244;0.1168009340763092;0.09422384202480316;-0.9220497608184814;1.4846796989440918;2.076508045196533;3.393198251724243
187;9;1;2.474229923121987;0.7735268802695154;0.9939613342285156;0.9952094554901123;0.11682869493961334;0.09419062733650208;-0.12073417007923126;1.4229509830474854;-0.09702800959348679;0.28173187375068665
187;9;2;1.937687235386881;0.8123914345795562;0.9939613342285156;0.9952094554901123;0.11682869493961334;0.09419062733650208;0.4604527950286865;0.8475543260574341;-0.880461573600769;0.9599272012710571
187;9;3;0.8537548913636446;0.8362952687102165;0.9939613342285156;0.9952094554901123;0.11682869493961334;0.09419062733650208;-0.9225565791130066;1.4854379892349243;2.079766035079956;3.397805690765381
188;9;1;2.475834603636746;0.7735268802695163;0.9939613342285156;0.9952144622802734;0.1168442815542221;0.09415807574987411;-0.1207718774676323;1.4233335256576538;-0.09695769846439362;0.28178709745407104
188;9;2;1.9304544528887257;0.8123914345795558;0.9939613342285156;0.9952144622802734;0.1168442815542221;0.09415807574987411;0.460629403591156;0.847869873046875;-0.8811952471733093;0.9606552124023438
188;9;3;0.8537548913636446;0.8362952687102165;0.9939613342285156;0.9952144622802734;0.1168442815542221;0.09415807574987411;-0.9230563044548035;1.4861798286437988;2.0829946994781494;3.402371883392334
189;9;1;2.475834603636746;0.7735268802695163;0.9943639039993286;0.9952144622802734;0.11685117334127426;0.09412624686956406;-0.12080369144678116;1.4237146377563477;-0.09686770290136337;0.2818492352962494
189;9;2;1.9272780727644587;0.8128411693703819;0.9943639039993286;0.9952144622802734;0.11685117334127426;0.09412624686956406;0.46080559492111206;0.8481833934783936;-0.8819036483764648;0.9613497853279114
189;9;3;0.8537548913636446;0.8362952687102165;0.9943639039993286;0.9952144622802734;0.11685117334127426;0.09412624686956406;-0.9235491752624512;1.4869056940078735;2.0861945152282715;3.4068970680236816
190;9;1;2.475834603636746;0.7735268802695163;0.9943639039993286;0.995219349861145;0.11685249209403992;0.09409507364034653;-0.12082745879888535;1.4240931272506714;-0.09676333516836166;0.2819140553474426
190;9;2;1.928157762010982;0.8128411693703814;0.9943639039993286;0.995219349861145;0.11685249209403992;0.09409507364034653;0.46098047494888306;0.8484938144683838;-0.8825897574424744;0.9620148539543152
190;9;3;0.8537548913636446;0.8362952687102165;0.9943639039993286;0.995219349861145;0.11685249209403992;0.09409507364034653;-0.9240350723266602;1.4876151084899902;2.0893664360046387;3.4113826751708984
191;9;1;2.4750855193071644;0.7736384407503971;0.9943639039993286;0.995219349861145;0.11685264110565186;0.09406455606222153;-0.1208476573228836;1.4244651794433594;-0.09669061750173569;0.28195661306381226
191;9;2;1.9269034344957001;0.8128411693703814;0.9943639039993286;0.995219349861145;0.11685264110565186;0.09406455606222153;0.46115216612815857;0.8487979173660278;-0.8832603693008423;0.9626615047454834
191;9;3;0.8537548913636446;0.8362952687102165;0.9943639039993286;0.995219349861145;0.11685264110565186;0.09406455606222153;-0.9245135188102722;1.4883073568344116;2.092512607574463;3.415832281112671
192;9;1;2.4750855193071644;0.7736384407503971;0.9943639039993286;0.9952144026756287;0.11685613542795181;0.0940345898270607;-0.1208592876791954;1.4248296022415161;-0.09661508351564407;0.2819962799549103
192;9;2;1.9269034344957001;0.8128411693703814;0.9943639039993286;0.9952144026756287;0.11685613542795181;0.0940345898270607;0.46132001280784607;0.8490948677062988;-0.8839175701141357;0.96329265832901
192;9;3;0.8512780083286389;0.8368477824526332;0.9943639039993286;0.9952144026756287;0.11685613542795181;0.0940345898270607;-0.924984335899353;1.4889817237854004;2.0956339836120605;3.4202463626861572
193;9;1;2.476758714278807;0.7766859982911463;0.9943639039993286;0.9952144026756287;0.11686433851718903;0.09400524944067001;-0.120863176882267;1.425184965133667;-0.09654521197080612;0.2820267081260681
193;9;2;1.9269034344957001;0.8128411693703814;0.9943639039993286;0.9952144026756287;0.11686433851718903;0.09400524944067001;0.46148326992988586;0.849383533000946;-0.884565532207489;0.9639139175415039
193;9;3;0.8512780083286389;0.8368477824526332;0.9943639039993286;0.9952144026756287;0.11686433851718903;0.09400524944067001;-0.9254473447799683;1.4896385669708252;2.098731279373169;3.424626588821411
194;9;1;2.476758714278808;0.7766859982911472;0.9943639039993286;0.995204508304596;0.11688166111707687;0.09397650510072708;-0.1208617240190506;1.4255321025848389;-0.09647742658853531;0.2820506989955902
194;9;2;1.9269034344957001;0.8128411693703814;0.9943639039993286;0.995204508304596;0.11688166111707687;0.09397650510072708;0.46164241433143616;0.8496646881103516;-0.8852025866508484;0.964523196220398
194;9;3;0.8512780083286389;0.8368477824526332;0.9943639039993286;0.995204508304596;0.11688166111707687;0.09397650510072708;-0.9259028434753418;1.4902780055999756;2.101804494857788;3.4289727210998535
195;9;1;2.478211948105149;0.7743041338563668;0.9943639039993286;0.9952045679092407;0.11690593510866165;0.09394824504852295;-0.12085763365030289;1.4258729219436646;-0.09640555828809738;0.282073050737381
195;9;2;1.924791198902562;0.8129255764957728;0.9943639039993286;0.9952045679092407;0.11690593510866165;0.09394824504852295;0.46179860830307007;0.8499400019645691;-0.8858264684677124;0.9651159644126892
195;9;3;0.8512780083286389;0.8368477824526332;0.9943639039993286;0.9952045679092407;0.11690593510866165;0.09394824504852295;-0.9263516664505005;1.4909018278121948;2.1048529148101807;3.433283805847168
196;9;1;2.478211948105149;0.7743041338563668;0.9943639039993286;0.995204508304596;0.11693336069583893;0.09392055869102478;-0.12085361778736115;1.4262083768844604;-0.09632387012243271;0.2820988893508911
196;9;2;1.9185232036563225;0.8136469530772885;0.9943639039993286;0.995204508304596;0.11693336069583893;0.09392055869102478;0.46195274591445923;0.8502109050750732;-0.8864344954490662;0.9656883478164673
196;9;3;0.8512780083286389;0.8368477824526332;0.9943639039993286;0.995204508304596;0.11693336069583893;0.09392055869102478;-0.9267940521240234;1.4915107488632202;2.1078763008117676;3.4375596046447754
197;9;1;2.478211948105149;0.7743041338563668;0.9943639039993286;0.995204508304596;0.11695978790521622;0.09389340877532959;-0.120851531624794;1.426539421081543;-0.09622955322265625;0.2821316719055176
197;9;2;1.9176275819515114;0.8136469530772885;0.9943639039993286;0.995204508304596;0.11695978790521622;0.09389340877532959;0.46210548281669617;0.8504782915115356;-0.8870255351066589;0.9662380814552307
197;9;3;0.8512780083286389;0.8368477824526332;0.9943639039993286;0.995204508304596;0.11695978790521622;0.09389340877532959;-0.9272305369377136;1.492105484008789;2.1108744144439697;3.4417996406555176
198;9;1;2.4810371031144154;0.7745009559588718;0.9943639039993286;0.9952045679092407;0.11698189377784729;0.09386683255434036;-0.12085729092359543;1.4268659353256226;-0.0961577519774437;0.28215304017066956
198;9;2;1.9176275819515114;0.8136469530772885;0.9943639039993286;0.9952045679092407;0.11698189377784729;0.09386683255434036;0.46225684881210327;0.8507420420646667;-0.8876000642776489;0.9667662382125854
198;9;3;0.8512780083286389;0.8368477824526332;0.9943639039993286;0.9952045679092407;0.11698189377784729;0.09386683255434036;-0.9276609420776367;1.4926860332489014;2.1138479709625244;3.446004867553711
199;9;1;2.4810371031144154;0.7745009559588718;0.9943639039993286;0.9952045679092407;0.11699891835451126;0.09384062141180038;-0.1208711490035057;1.4271873235702515;-0.09610577672719955;0.2821657061576843
199;9;2;1.9139492733596706;0.8136469530772885;0.9943639039993286;0.9952045679092407;0.11699891835451126;0.09384062141180038;0.46240663528442383;0.8510020971298218;-0.8881585597991943;0.9672734141349792
199;9;3;0.8512780083286389;0.8368477824526332;0.9943639039993286;0.9952045679092407;0.11699891835451126;0.09384062141180038;-0.928085446357727;1.4932527542114258;2.11679744720459;3.4501760005950928
0;10;1;2.3058948591816337;0.5050959826656989;0.7648953199386597;0.7030678987503052;0.7445065379142761;0.7220113277435303;0.08414578437805176;0.2685876488685608;0.041331697255373;0.24310456216335297
0;10;2;2.060418216937723;0.4569495748294834;0.7648953199386597;0.7030678987503052;0.7445065379142761;0.7220113277435303;-0.020220134407281876;0.2769480049610138;0.13122022151947021;0.4246412515640259
0;10;3;1.1989318762908256;0.31263630557483646;0.7648953199386597;0.7030678987503052;0.7445065379142761;0.7220113277435303;0.0761813074350357;0.3802662789821625;0.47233277559280396;0.09289828687906265
1;10;1;2.3147458711037014;0.5074904923247257;0.7604669332504272;0.6979711651802063;0.7409058213233948;0.7193936705589294;0.08431930840015411;0.26886287331581116;0.04143298417329788;0.24189499020576477
1;10;2;2.0624791401431857;0.4628738762600495;0.7604669332504272;0.6979711651802063;0.7409058213233948;0.7193936705589294;-0.01979665458202362;0.2768934369087219;0.13307112455368042;0.42647695541381836
1;10;3;1.150387369022165;0.3127655035721495;0.7604669332504272;0.6979711651802063;0.7409058213233948;0.7193936705589294;0.07296746969223022;0.382104754447937;0.45547544956207275;0.06905843317508698
2;10;1;2.328901530652276;0.5074597786853428;0.7532206177711487;0.6906768083572388;0.7344851493835449;0.7148056626319885;0.0845772922039032;0.26925674080848694;0.041601359844207764;0.2401718944311142
2;10;2;2.0859659830759805;0.45890861157878415;0.7532206177711487;0.6906768083572388;0.7344851493835449;0.7148056626319885;-0.01917601190507412;0.2768242657184601;0.13574068248271942;0.429149329662323
2;10;3;1.104993803179224;0.3099147505352242;0.7532206177711487;0.6906768083572388;0.7344851493835449;0.7148056626319885;0.06852434575557709;0.38476303219795227;0.4323370158672333;0.03633572533726692
3;10;1;2.327720514458859;0.5082521409410026;0.7451691031455994;0.6842713356018066;0.726251482963562;0.7091020345687866;0.08492279052734375;0.26976078748703003;0.04186263307929039;0.23799444735050201
3;10;2;2.1091543439696077;0.4588132209813791;0.7451691031455994;0.6842713356018066;0.726251482963562;0.7091020345687866;-0.018364587798714638;0.2767537236213684;0.13914334774017334;0.43259191513061523
3;10;3;1.0650018403171178;0.31194233339178323;0.7451691031455994;0.6842713356018066;0.726251482963562;0.7091020345687866;0.06313766539096832;0.38816869258880615;0.40455618500709534;0.0029523023404181004
4;10;1;2.3324750620176626;0.5095020370472847;0.7411433458328247;0.6805006861686707;0.7172738313674927;0.7031902074813843;0.08535989373922348;0.2703692615032196;0.04225882887840271;0.23543033003807068
4;10;2;2.133210224492572;0.4586336438596543;0.7411433458328247;0.6805006861686707;0.7172738313674927;0.7031902074813843;-0.017372215166687965;0.2766992449760437;0.14315059781074524;0.4366908073425293
4;10;3;1.0561961093774883;0.3151727360423813;0.7411433458328247;0.6805006861686707;0.7172738313674927;0.7031902074813843;0.05710996687412262;0.3922206461429596;0.37383776903152466;0.04639467969536781
5;10;1;2.3544618002222055;0.51865567034507;0.7379226684570312;0.679801881313324;0.7085450291633606;0.6978892683982849;0.08589458465576172;0.27107879519462585;0.04284399002790451;0.23255915939807892
5;10;2;2.1851929881187537;0.4511793976664098;0.7379226684570312;0.679801881313324;0.7085450291633606;0.6978892683982849;-0.016215553507208824;0.27668291330337524;0.1475735604763031;0.44126465916633606
5;10;3;1.0418790926413521;0.320676450054898;0.7379226684570312;0.679801881313324;0.7085450291633606;0.6978892683982849;0.05075312405824661;0.39677736163139343;0.34188103675842285;0.0915883257985115
6;10;1;2.3600953311059207;0.5261948670992007;0.7407407760620117;0.6819205284118652;0.7008550763130188;0.6938126683235168;0.08653278648853302;0.2718888819217682;0.04368593543767929;0.22947178781032562
6;10;2;2.3118174695077665;0.44663754348455953;0.7407407760620117;0.6819205284118652;0.7008550763130188;0.6938126683235168;-0.014919627457857132;0.2767307162284851;0.15215830504894257;0.4460585415363312
6;10;3;1.0402875489956944;0.3191500722620897;0.7407407760620117;0.6819205284118652;0.7008550763130188;0.6938126683235168;0.04437890648841858;0.40165454149246216;0.3103083372116089;0.1362389177083969
7;10;1;2.3548856694776097;0.5305158420651646;0.749597430229187;0.6868690848350525;0.6947027444839478;0.6912879347801208;0.0872766524553299;0.2728022634983063;0.044852130115032196;0.22627109289169312
7;10;2;2.285251423749161;0.43561240425948977;0.749597430229187;0.6868690848350525;0.6947027444839478;0.6912879347801208;-0.013517176732420921;0.2768712639808655;0.1565961241722107;0.4507542848587036
7;10;3;1.04634302805347;0.33073267368455506;0.749597430229187;0.6868690848350525;0.6947027444839478;0.6912879347801208;0.03828679770231247;0.40663304924964905;0.2805965840816498;0.17825765907764435
8;10;1;2.359438486396538;0.5309515743195723;0.759661853313446;0.6942129135131836;0.6902711391448975;0.6903301477432251;0.08812644332647324;0.2738220989704132;0.04640383645892143;0.2230711281299591
8;10;2;2.1603603960757907;0.40958824826199614;0.759661853313446;0.6942129135131836;0.6902711391448975;0.6903301477432251;-0.012046103365719318;0.2771340608596802;0.16054794192314148;0.45499616861343384
8;10;3;1.0676050874199872;0.3271398940435448;0.759661853313446;0.6942129135131836;0.6902711391448975;0.6903301477432251;0.03274933993816376;0.41147661209106445;0.25401556491851807;0.215848907828331
9;10;1;2.3796028250261934;0.5427558435795881;0.771336555480957;0.7028777599334717;0.6874496340751648;0.6906662583351135;0.08908075839281082;0.2749527096748352;0.04839043691754341;0.21998542547225952
9;10;2;2.138204523442516;0.40996550414200783;0.771336555480957;0.7028777599334717;0.6874496340751648;0.6906662583351135;-0.010545552708208561;0.27754759788513184;0.16367875039577484;0.4584277272224426
9;10;3;1.1154913828115678;0.3437098214067569;0.771336555480957;0.7028777599334717;0.6874496340751648;0.6906662583351135;0.027996044605970383;0.41595640778541565;0.231577068567276;0.24758172035217285
10;10;1;2.36426732960725;0.5434919830874927;0.7809983491897583;0.712041437625885;0.6858951449394226;0.6918176412582397;0.09013744443655014;0.27619755268096924;0.050844479352235794;0.21712271869182587
10;10;2;2.105663885088406;0.42475591137657887;0.7809983491897583;0.712041437625885;0.6858951449394226;0.6918176412582397;-0.009051477536559105;0.2781373858451843;0.16569575667381287;0.4607323408126831
10;10;3;1.2275210847814213;0.34700487445152683;0.7809983491897583;0.712041437625885;0.6858951449394226;0.6918176412582397;0.024197857826948166;0.41987839341163635;0.2140001654624939;0.27243921160697937
11;10;1;2.384142322970998;0.5479718699630984;0.7894524931907654;0.722355842590332;0.685146152973175;0.6932136416435242;0.09129656851291656;0.27756404876708984;0.053788989782333374;0.21456100046634674
11;10;2;2.074606927623538;0.41498727549240666;0.7894524931907654;0.722355842590332;0.685146152973175;0.6932136416435242;-0.007592472713440657;0.27892494201660156;0.16638301312923431;0.46167173981666565
11;10;3;1.2853708357301343;0.330787365535242;0.7894524931907654;0.722355842590332;0.685146152973175;0.6932136416435242;0.02145480178296566;0.4231083393096924;0.20169435441493988;0.28984224796295166
12;10;1;2.393993651941816;0.5496536251976947;0.794283390045166;0.7325072884559631;0.6847479343414307;0.694321870803833;0.0925564393401146;0.2790622115135193;0.0572027862071991;0.21235863864421844
12;10;2;2.069679312320039;0.4198457920435521;0.794283390045166;0.7325072884559631;0.6847479343414307;0.694321870803833;-0.006186582148075104;0.2799268662929535;0.16562581062316895;0.4611132740974426
12;10;3;1.17156268989741;0.3203930077364734;0.794283390045166;0.7325072884559631;0.6847479343414307;0.694321870803833;0.019789358600974083;0.42558881640434265;0.1947624385356903;0.29964545369148254
13;10;1;2.3902605329051045;0.563581428234456;0.8011271953582764;0.7429969906806946;0.6843501329421997;0.694755494594574;0.09391756355762482;0.28070396184921265;0.06107623502612114;0.21053344011306763
13;10;2;2.0775973315221954;0.4082543428465568;0.8011271953582764;0.7429969906806946;0.6843501329421997;0.694755494594574;-0.004839609377086163;0.2811545729637146;0.16342096030712128;0.4590437114238739
13;10;3;1.082118902962705;0.31074207148942135;0.8011271953582764;0.7429969906806946;0.6843501329421997;0.694755494594574;0.0191471129655838;0.4273456633090973;0.19302131235599518;0.3021077811717987
14;10;1;2.4111071911319923;0.5790974584794935;0.8059581518173218;0.7540521621704102;0.6837705373764038;0.6943359375;0.09537336230278015;0.28249526023864746;0.06533238291740417;0.20912209153175354
14;10;2;2.1119646495151576;0.40796156349188983;0.8059581518173218;0.7540521621704102;0.6837705373764038;0.6943359375;-0.0035451482981443405;0.28261446952819824;0.15987220406532288;0.4555666148662567
14;10;3;1.0134441385892075;0.2975010475494022;0.8059581518173218;0.7540521621704102;0.6837705373764038;0.6943359375;0.01940496265888214;0.42848214507102966;0.19603833556175232;0.29784107208251953
15;10;1;2.396137026033302;0.5704270974513532;0.8091787695884705;0.7638554573059082;0.6829929351806641;0.6930938363075256;0.09692450612783432;0.28445059061050415;0.06992412358522415;0.2080894112586975
15;10;2;2.1456558022024055;0.41512707005405636;0.8091787695884705;0.7638554573059082;0.6829929351806641;0.6930938363075256;-0.002286057686433196;0.28430819511413574;0.15517275035381317;0.45088574290275574
15;10;3;0.9868157300924096;0.27353938006818;0.8091787695884705;0.7638554573059082;0.6829929351806641;0.6930938363075256;0.0203853752464056;0.4291636645793915;0.20317858457565308;0.2877432405948639
16;10;1;2.433518256460692;0.5723605392909983;0.8164251446723938;0.7723771333694458;0.6820755004882812;0.6912236213684082;0.09857019037008286;0.2865821123123169;0.07475923746824265;0.20740382373332977
16;10;2;2.180426104913974;0.4128748528744932;0.8164251446723938;0.7723771333694458;0.6820755004882812;0.6912236213684082;-0.001036941073834896;0.28623318672180176;0.14957940578460693;0.4452778398990631
16;10;3;1.0293379214513028;0.2495468650445125;0.8164251446723938;0.7723771333694458;0.6820755004882812;0.6912236213684082;0.021874770522117615;0.42959609627723694;0.2136600762605667;0.272920161485672
17;10;1;2.446127512785962;0.5852667602533614;0.8248792290687561;0.7789011001586914;0.6812136769294739;0.6890119314193726;0.10031043738126755;0.28890329599380493;0.07974126935005188;0.2070123851299286
17;10;2;2.1999156706052236;0.43064837007219126;0.8248792290687561;0.7789011001586914;0.6812136769294739;0.6890119314193726;0.00023285947099793702;0.28838351368904114;0.14338290691375732;0.4390599727630615
17;10;3;1.0252733785825132;0.2506192708100614;0.8248792290687561;0.7789011001586914;0.6812136769294739;0.6890119314193726;0.023643597960472107;0.4300020635128021;0.22661219537258148;0.2546031177043915
18;10;1;2.4423620783352673;0.5802624964928871;0.8309178352355957;0.783661961555481;0.6805769205093384;0.6867458820343018;0.10214834660291672;0.2914339005947113;0.08480145037174225;0.20681709051132202
18;10;2;2.204421345180549;0.45345395440117375;0.8309178352355957;0.783661961555481;0.6805769205093384;0.6867458820343018;0.0015561770414933562;0.29075127840042114;0.13688012957572937;0.43255698680877686
18;10;3;1.0807328051779734;0.26943614926127557;0.8309178352355957;0.783661961555481;0.6805769205093384;0.6867458820343018;0.02546447515487671;0.43060049414634705;0.24113331735134125;0.2340671271085739
19;10;1;2.465039909724908;0.580432979950321;0.8276972770690918;0.7856200933456421;0.6802576780319214;0.6846545338630676;0.104080431163311;0.294189453125;0.08985724300146103;0.2067469209432602
19;10;2;2.189731603790201;0.4651659818391174;0.8276972770690918;0.7856200933456421;0.6802576780319214;0.6846545338630676;0.002965392777696252;0.2933279275894165;0.13035079836845398;0.42607277631759644
19;10;3;1.0634389943786058;0.28064501400358255;0.8276972770690918;0.7856200933456421;0.6802576780319214;0.6846545338630676;0.027127152308821678;0.4315907955169678;0.2563440799713135;0.21255585551261902
20;10;1;2.480168166896175;0.584932584479799;0.827294647693634;0.7853953838348389;0.680278480052948;0.6828745007514954;0.1061018705368042;0.297189325094223;0.09484013170003891;0.2067219316959381
20;10;2;2.186776915444832;0.4629697660214469;0.827294647693634;0.7853953838348389;0.680278480052948;0.6828745007514954;0.004490335937589407;0.29610586166381836;0.12404128164052963;0.4198690950870514
20;10;3;1.0306720645032401;0.2726801928822318;0.827294647693634;0.7853953838348389;0.680278480052948;0.6828745007514954;0.028449371457099915;0.43314361572265625;0.27143391966819763;0.1912156194448471
21;10;1;2.5076737666520614;0.597473230095388;0.8208534717559814;0.7841113209724426;0.6805493235588074;0.6814244389533997;0.10822039097547531;0.3004607856273651;0.09971883147954941;0.20661896467208862
21;10;2;2.1649468690735807;0.4630635991269161;0.8208534717559814;0.7841113209724426;0.6805493235588074;0.6814244389533997;0.006157440133392811;0.29908043146133423;0.11815502494573593;0.4141528904438019
21;10;3;1.0170682274283847;0.2714148855416414;0.8208534717559814;0.7841113209724426;0.6805493235588074;0.6814244389533997;0.029282480478286743;0.435398131608963;0.2856977581977844;0.1710435301065445
22;10;1;2.5599417782440588;0.601090419643616;0.8192431926727295;0.7824865579605103;0.6809322834014893;0.6802321672439575;0.11044049263000488;0.3040309548377991;0.10447778552770615;0.2063368707895279
22;10;2;2.136542901220606;0.46784535416819306;0.8192431926727295;0.7824865579605103;0.6809322834014893;0.6802321672439575;0.007989334873855114;0.30225151777267456;0.11284886300563812;0.40907201170921326
22;10;3;0.9868096357156695;0.26096557778739227;0.8192431926727295;0.7824865579605103;0.6809322834014893;0.6802321672439575;0.02951335534453392;0.43846407532691956;0.2985635995864868;0.15284845232963562
23;10;1;2.56380743608446;0.5961484627654032;0.8128019571304321;0.7795159220695496;0.6812512278556824;0.6791743636131287;0.11276630312204361;0.3079288601875305;0.10908351093530655;0.2058088183403015
23;10;2;2.1217376867933124;0.45147018622497503;0.8128019571304321;0.7795159220695496;0.6812512278556824;0.6791743636131287;0.010004546493291855;0.3056246340274811;0.10823293775320053;0.4047175943851471
23;10;3;0.9697664595962037;0.2410819837619096;0.8128019571304321;0.7795159220695496;0.6812512278556824;0.6791743636131287;0.029063990339636803;0.442425012588501;0.30961042642593384;0.13722586631774902
24;10;1;2.5851412159841143;0.6097011522539084;0.8079710006713867;0.7760168313980103;0.6813034415245056;0.6781004667282104;0.11519775539636612;0.31218940019607544;0.11349888145923615;0.20498627424240112
24;10;2;2.147238148306659;0.44161148323651567;0.8079710006713867;0.7760168313980103;0.6813034415245056;0.6781004667282104;0.012217426672577858;0.3092113733291626;0.1043727844953537;0.40113088488578796
24;10;3;0.9477353026763353;0.2238059106346757;0.8079710006713867;0.7760168313980103;0.6813034415245056;0.6781004667282104;0.027889465913176537;0.44734296202659607;0.3185771703720093;0.12454497069120407
25;10;1;2.6091950169866767;0.6048612106986679;0.8007246255874634;0.7719351053237915;0.680884838104248;0.6768507361412048;0.11774349212646484;0.31684571504592896;0.11772600561380386;0.2038203924894333
25;10;2;2.130654829291596;0.4196622333746305;0.8007246255874634;0.7719351053237915;0.680884838104248;0.6768507361412048;0.014638140797615051;0.31303003430366516;0.10129182040691376;0.39831170439720154
25;10;3;0.9384731512025386;0.21374449991609312;0.8007246255874634;0.7719351053237915;0.680884838104248;0.6768507361412048;0.02597457729279995;0.45326295495033264;0.3253636956214905;0.1149473711848259
26;10;1;2.6039583529449386;0.6016006230731081;0.7950885891914368;0.7678186893463135;0.6798158288002014;0.6752880811691284;0.12041320651769638;0.3219294846057892;0.12174711376428604;0.20231114327907562
26;10;2;2.137538120815293;0.4226400208241845;0.7950885891914368;0.7678186893463135;0.6798158288002014;0.6752880811691284;0.0172724649310112;0.3171054720878601;0.09897317737340927;0.39622586965560913
26;10;3;0.9315896871499163;0.19412504087462112;0.7950885891914368;0.7678186893463135;0.6798158288002014;0.6752880811691284;0.023330196738243103;0.4602164030075073;0.330024778842926;0.10835561156272888
27;10;1;2.6257071474301217;0.5948851198707796;0.7886473536491394;0.7640060186386108;0.6779937744140625;0.6733337044715881;0.1232193261384964;0.32746994495391846;0.125559464097023;0.2004784196615219
27;10;2;2.150513859319406;0.414730722688331;0.7886473536491394;0.7640060186386108;0.6779937744140625;0.6733337044715881;0.02012104168534279;0.3214682936668396;0.09736069291830063;0.39480966329574585
27;10;3;0.9427786035665502;0.18960451356010122;0.7886473536491394;0.7640060186386108;0.6779937744140625;0.6733337044715881;0.019990643486380577;0.4682215750217438;0.3327583074569702;0.10448981076478958
28;10;1;2.6649298573612192;0.5865351591728709;0.7834138870239258;0.760613203048706;0.6754331588745117;0.6709502935409546;0.12617234885692596;0.33349305391311646;0.12913286685943604;0.1983991414308548
28;10;2;2.1219639720613124;0.4069923731670042;0.7834138870239258;0.760613203048706;0.6754331588745117;0.6709502935409546;0.02317860536277294;0.32615330815315247;0.09635913372039795;0.39397019147872925
28;10;3;0.936289263438189;0.17778823848579295;0.7834138870239258;0.760613203048706;0.6754331588745117;0.6709502935409546;0.01601085625588894;0.4772825837135315;0.3338876962661743;0.10289261490106583
29;10;1;2.694215289555773;0.5782058215313537;0.7797906398773193;0.7572795748710632;0.6721857786178589;0.6681643724441528;0.12928339838981628;0.3400188684463501;0.1324417144060135;0.19617940485477448
29;10;2;2.122722447486292;0.4117730726816946;0.7797906398773193;0.7572795748710632;0.6721857786178589;0.6681643724441528;0.026432938873767853;0.3311972916126251;0.09583449363708496;0.393582820892334
29;10;3;0.9439395516894971;0.17693052374796103;0.7797906398773193;0.7572795748710632;0.6721857786178589;0.6681643724441528;0.011464342474937439;0.48738595843315125;0.33383938670158386;0.10296095907688141
30;10;1;2.7259363416140783;0.5700748788088701;0.7789855003356934;0.7548991441726685;0.6683217287063599;0.6650336384773254;0.13255460560321808;0.3470629155635834;0.13540855050086975;0.19400252401828766
30;10;2;2.067795787440038;0.41483243069591547;0.7789855003356934;0.7548991441726685;0.6683217287063599;0.6650336384773254;0.029864197596907616;0.33663609623908997;0.0956156849861145;0.3934875428676605
30;10;3;0.921397607373545;0.17032430554547018;0.7789855003356934;0.7548991441726685;0.6683217287063599;0.6650336384773254;0.006440351717174053;0.4984975755214691;0.33311474323272705;0.10398577898740768
31;10;1;2.715308832051184;0.5684033285135426;0.7765700817108154;0.7531557679176331;0.6639813780784607;0.6616366505622864;0.13598701357841492;0.35463398694992065;0.13797493278980255;0.19205476343631744
31;10;2;2.0364231767608425;0.4216832166645945;0.7765700817108154;0.7531557679176331;0.6639813780784607;0.6616366505622864;0.03344487398862839;0.3425019085407257;0.09549961984157562;0.3934885859489441
31;10;3;0.9312599566291757;0.1666429960069702;0.7765700817108154;0.7531557679176331;0.6639813780784607;0.6616366505622864;0.001040145754814148;0.5105606317520142;0.33225634694099426;0.10519971698522568
32;10;1;2.718555611494958;0.5713936311480969;0.7769726514816284;0.752498984336853;0.6593027114868164;0.6580390334129333;0.13957510888576508;0.36273133754730225;0.14003236591815948;0.19059845805168152
32;10;2;2.00757994346385;0.4429645707986878;0.7769726514816284;0.752498984336853;0.6593027114868164;0.6580390334129333;0.03714075684547424;0.3488210141658783;0.09526004642248154;0.39336004853248596
32;10;3;0.9272936576047011;0.16521191981857264;0.7769726514816284;0.752498984336853;0.6593027114868164;0.6580390334129333;-0.004628504626452923;0.5234972834587097;0.3318103849887848;0.10583040118217468
33;10;1;2.6927204851309394;0.5650611771588379;0.7801932692527771;0.7533780336380005;0.6543918251991272;0.6542639136314392;0.14330589771270752;0.371349960565567;0.14147703349590302;0.18989907205104828
33;10;2;1.986078918340354;0.46239850148102457;0.7801932692527771;0.7533780336380005;0.6543918251991272;0.6542639136314392;0.04091334715485573;0.35561224818229675;0.09466227144002914;0.39286288619041443
33;10;3;0.9310407555229485;0.1628282309075515;0.7801932692527771;0.7533780336380005;0.6543918251991272;0.6542639136314392;-0.010459229350090027;0.5372156500816345;0.33228474855422974;0.10515955090522766
34;10;1;2.689892878358303;0.5745902310746311;0.7854267358779907;0.7556251287460327;0.6492887139320374;0.6502711176872253;0.1471644639968872;0.380478173494339;0.1421852856874466;0.19025090336799622
34;10;2;1.9632219874116412;0.4849811644801316;0.7854267358779907;0.7556251287460327;0.6492887139320374;0.6502711176872253;0.044723816215991974;0.3628880977630615;0.09348301589488983;0.39177218079566956
34;10;3;0.9500852445998831;0.164161168886249;0.7854267358779907;0.7556251287460327;0.6492887139320374;0.6502711176872253;-0.01635703071951866;0.5516225099563599;0.3341067135334015;0.1025829017162323
35;10;1;2.6655037043869667;0.5774431314082262;0.7906602621078491;0.7598254680633545;0.6439594030380249;0.6459432244300842;0.151132270693779;0.3901048004627228;0.1420699805021286;0.1919105052947998
35;10;2;1.9257542861320438;0.5190784157394841;0.7906602621078491;0.7598254680633545;0.6439594030380249;0.6459432244300842;0.04853837192058563;0.37065714597702026;0.09153449535369873;0.3899141550064087
35;10;3;0.9566870263668035;0.1690987017711434;0.7906602621078491;0.7598254680633545;0.6439594030380249;0.6459432244300842;-0.022249659523367882;0.5666416883468628;0.33758214116096497;0.09766790270805359
36;10;1;2.639886889207677;0.579151233369573;0.7958937287330627;0.7659913301467896;0.638303279876709;0.6411123871803284;0.15518684685230255;0.40022769570350647;0.14107131958007812;0.19508609175682068
36;10;2;1.9350252925211642;0.5050058963539898;0.7958937287330627;0.7659913301467896;0.638303279876709;0.6411123871803284;0.05233430489897728;0.37892815470695496;0.08868976682424545;0.3872048556804657
36;10;3;0.9656956504100735;0.17568629093596666;0.7958937287330627;0.7659913301467896;0.638303279876709;0.6411123871803284;-0.028097977861762047;0.582233726978302;0.34286266565322876;0.09020013362169266
37;10;1;2.624375651618977;0.5739539967053613;0.8063607215881348;0.7743871212005615;0.6321693062782288;0.6356019973754883;0.15930378437042236;0.410861074924469;0.13918688893318176;0.19989416003227234
37;10;2;1.9490450913436916;0.515290284435626;0.8063607215881348;0.7743871212005615;0.6321693062782288;0.6356019973754883;0.05610562115907669;0.38771504163742065;0.08490463346242905;0.38368019461631775
37;10;3;0.9637065648518996;0.18727929258671283;0.8063607215881348;0.7743871212005615;0.6321693062782288;0.6356019973754883;-0.03390307351946831;0.5984113812446594;0.34992507100105286;0.08021236211061478
38;10;1;2.5735070166250207;0.5607140002717257;0.8232688903808594;0.7843878865242004;0.6254667639732361;0.6292754411697388;0.1634538471698761;0.42204782366752625;0.13646776974201202;0.2063315212726593
38;10;2;1.9513048456473676;0.5175770431729823;0.8232688903808594;0.7843878865242004;0.6254667639732361;0.6292754411697388;0.05986713618040085;0.39703992009162903;0.08023184537887573;0.37950578331947327
38;10;3;0.9717156239334406;0.19637556991850902;0.8232688903808594;0.7843878865242004;0.6254667639732361;0.6292754411697388;-0.03970777988433838;0.6152470707893372;0.3585689067840576;0.06798811256885529
39;10;1;2.525210411419228;0.5561412297964408;0.837761640548706;0.7962974905967712;0.6182296872138977;0.6220947504043579;0.16762614250183105;0.4338540732860565;0.1330275684595108;0.21425729990005493
39;10;2;1.9160545323959237;0.5355680954694546;0.837761640548706;0.7962974905967712;0.6182296872138977;0.6220947504043579;0.06365560740232468;0.40693455934524536;0.07482320070266724;0.37495771050453186
39;10;3;0.9936344715084866;0.21155122943427518;0.837761640548706;0.7962974905967712;0.6182296872138977;0.6220947504043579;-0.045590840280056;0.6328670382499695;0.3684346675872803;0.054035842418670654
40;10;1;2.4928018515798414;0.5372757708867919;0.8538647294044495;0.8086663484573364;0.6103044152259827;0.6141021251678467;0.17181281745433807;0.44638222455978394;0.1290934830904007;0.22332696616649628
40;10;2;1.887595923238778;0.5380532998077814;0.8538647294044495;0.8086663484573364;0.6103044152259827;0.6141021251678467;0.0675276666879654;0.4174385964870453;0.06891833245754242;0.37037479877471924
40;10;3;0.993819786670632;0.22160694805842018;0.8538647294044495;0.8086663484573364;0.6103044152259827;0.6141021251678467;-0.05165501683950424;0.651434600353241;0.3790416717529297;0.03903527185320854
41;10;1;2.398176409377987;0.5187594701109539;0.8631240129470825;0.8212500810623169;0.6016664505004883;0.6054012179374695;0.17602340877056122;0.45975685119628906;0.12490520626306534;0.23310698568820953
41;10;2;1.8869876788025435;0.5357297670848817;0.8631240129470825;0.8212500810623169;0.6016664505004883;0.6054012179374695;0.07155349105596542;0.4285956919193268;0.06281673908233643;0.36608850955963135
41;10;3;1.0079106456778222;0.25350368954762637;0.8631240129470825;0.8212500810623169;0.6016664505004883;0.6054012179374695;-0.05801011249423027;0.6711238622665405;0.389848530292511;0.02375204674899578
42;10;1;2.3855202009448764;0.5149144605031752;0.8788244724273682;0.8333176970481873;0.5922164916992188;0.5960162281990051;0.18024885654449463;0.47414419054985046;0.12087682634592056;0.24311865866184235
42;10;2;1.7947680881645054;0.5071383476146485;0.8788244724273682;0.8333176970481873;0.5922164916992188;0.5960162281990051;0.07576967030763626;0.4404867887496948;0.05659075826406479;0.36219099164009094
42;10;3;0.9933147709893131;0.2752729533918248;0.8788244724273682;0.8333176970481873;0.5922164916992188;0.5960162281990051;-0.06475652754306793;0.6920953392982483;0.40032750368118286;0.008932560682296753
43;10;1;2.447974698091242;0.5365245314689764;0.8917069435119629;0.8488078117370605;0.5822805762290955;0.5860279202461243;0.18447963893413544;0.4896973669528961;0.11695974320173264;0.2523422837257385
43;10;2;1.7263274262823138;0.4738419594006116;0.8917069435119629;0.8488078117370605;0.5822805762290955;0.5860279202461243;0.08040317893028259;0.4530088007450104;0.05157903954386711;0.35949525237083435
43;10;3;0.9759406532816337;0.27575969837110037;0.8917069435119629;0.8488078117370605;0.5822805762290955;0.5860279202461243;-0.0719686970114708;0.7144746780395508;0.4100538492202759;0.004822589922696352
44;10;1;2.5012467694106046;0.5473026913138845;0.9037841558456421;0.8626804947853088;0.5719295740127563;0.5756633877754211;0.18871591985225677;0.5065517425537109;0.11344940960407257;0.25987157225608826
44;10;2;1.7013713157499275;0.4721839714400988;0.9037841558456421;0.8626804947853088;0.5719295740127563;0.5756633877754211;0.08559954166412354;0.46610668301582336;0.048601072281599045;0.35826173424720764
44;10;3;0.9937652772789143;0.28968595782322826;0.9037841558456421;0.8626804947853088;0.5719295740127563;0.5756633877754211;-0.07965993136167526;0.7383058071136475;0.41889116168022156;0.017320416867733
45;10;1;2.560960984936129;0.5456718349163436;0.9158615469932556;0.8728195428848267;0.558944582939148;0.564263641834259;0.19292081892490387;0.5247499942779541;0.11046021431684494;0.2653981149196625
45;10;2;1.7158266474341932;0.451990999427498;0.9158615469932556;0.8728195428848267;0.558944582939148;0.564263641834259;0.09140913933515549;0.47974497079849243;0.0479816198348999;0.35847264528274536
45;10;3;0.9961162625847244;0.30933406907859906;0.9158615469932556;0.8728195428848267;0.558944582939148;0.564263641834259;-0.08777950704097748;0.7635496258735657;0.427077978849411;0.028898322954773903
46;10;1;2.6776268978821935;0.5613194935062129;0.9239130020141602;0.880113959312439;0.5426608920097351;0.5514482855796814;0.19701191782951355;0.544171154499054;0.10777352005243301;0.2695017158985138
46;10;2;1.660976763425544;0.44198776292166553;0.9239130020141602;0.880113959312439;0.5426608920097351;0.5514482855796814;0.09774866700172424;0.4939034581184387;0.04938773438334465;0.35992440581321716
46;10;3;1.0221514552021125;0.3313012459188007;0.9239130020141602;0.880113959312439;0.5426608920097351;0.5514482855796814;-0.09621771425008774;0.7900794744491577;0.43523263931274414;0.04043077677488327
47;10;1;2.8215405637138247;0.5748114986280948;0.9319645762443542;0.8848748207092285;0.5238800644874573;0.537841260433197;0.20089887082576752;0.5645284652709961;0.1050628200173378;0.2734017074108124
47;10;2;1.6528412326605233;0.43937556591615445;0.9319645762443542;0.8848748207092285;0.5238800644874573;0.537841260433197;0.10438358783721924;0.5085699558258057;0.05173848196864128;0.3621675670146942
47;10;3;1.0953348223061;0.3624383683391379;0.9319645762443542;0.8848748207092285;0.5238800644874573;0.537841260433197;-0.10481242835521698;0.8176641464233398;0.4442555010318756;0.053191009908914566
48;10;1;2.9991867997667363;0.6073631729873599;0.9404186606407166;0.8878676891326904;0.5042770504951477;0.5244300365447998;0.2045106440782547;0.5854706168174744;0.10201259702444077;0.2781371474266052
48;10;2;1.7191670105880865;0.4307394147391923;0.9404186606407166;0.8878676891326904;0.5042770504951477;0.5244300365447998;0.11105848103761673;0.5236697196960449;0.05395118519663811;0.3648075461387634
48;10;3;1.1205440155978446;0.3862911947976455;0.9404186606407166;0.8878676891326904;0.5042770504951477;0.5244300365447998;-0.11337032169103622;0.845982551574707;0.4551030993461609;0.06853180378675461
49;10;1;2.933083991053519;0.6384441853580007;0.9468598961830139;0.8906234502792358;0.48494863510131836;0.511441707611084;0.2077609747648239;0.6066420078277588;0.09818420559167862;0.2846340239048004
49;10;2;1.7068944988883246;0.42920079181620663;0.9468598961830139;0.8906234502792358;0.48494863510131836;0.511441707611084;0.11755166947841644;0.539086103439331;0.05513399839401245;0.3676582872867584
49;10;3;1.1028304794930497;0.39022967994001956;0.9468598961830139;0.8906234502792358;0.48494863510131836;0.511441707611084;-0.12171020358800888;0.874695360660553;0.4685301184654236;0.08752048015594482
50;10;1;2.89435781066683;0.6576877595856949;0.9533010721206665;0.8948904871940613;0.4661814272403717;0.4980687201023102;0.21060548722743988;0.6278301477432251;0.09342508763074875;0.2930368185043335
50;10;2;1.7102240695354531;0.43589328365244073;0.9533010721206665;0.8948904871940613;0.4661814272403717;0.4980687201023102;0.12376425415277481;0.5546867847442627;0.05501864477992058;0.3710173964500427
50;10;3;1.0944946295850855;0.40415707020550506;0.9533010721206665;0.8948904871940613;0.4661814272403717;0.4980687201023102;-0.1297188699245453;0.9035632014274597;0.4848479628562927;0.11059743911027908
51;10;1;2.8693850846864226;0.6781671916940537;0.9617552161216736;0.9003279209136963;0.44765204191207886;0.4836732745170593;0.213095024228096;0.6490511298179626;0.08802584558725357;0.3023909032344818
51;10;2;1.6766994568929343;0.43404479127592843;0.9617552161216736;0.9003279209136963;0.44765204191207886;0.4836732745170593;0.12979048490524292;0.5703406929969788;0.054258428514003754;0.3756648302078247
51;10;3;1.118843683174772;0.41870686923072276;0.9617552161216736;0.9003279209136963;0.44765204191207886;0.4836732745170593;-0.13738004863262177;0.9325124621391296;0.503844678401947;0.1374628096818924
52;10;1;2.895743998016579;0.7085903464090695;0.967391312122345;0.9069555997848511;0.4293825328350067;0.46860021352767944;0.215293750166893;0.6705213189125061;0.08263834565877914;0.3111887574195862
52;10;2;1.6439738176373755;0.4430189239937645;0.967391312122345;0.9069555997848511;0.4293825328350067;0.46860021352767944;0.13583846390247345;0.5859601497650146;0.053929589688777924;0.38226816058158875
52;10;3;1.106538783773881;0.43933041192986;0.967391312122345;0.9069555997848511;0.4293825328350067;0.46860021352767944;-0.14474837481975555;0.9615921378135681;0.5249336957931519;0.16728723049163818
53;10;1;2.9157395264728887;0.702479080081047;0.9722222089767456;0.9130104184150696;0.4120641350746155;0.453300803899765;0.21722383797168732;0.6924806237220764;0.07759495824575424;0.318496435880661
53;10;2;1.5912877675465342;0.4534309791726123;0.9722222089767456;0.9130104184150696;0.4120641350746155;0.453300803899765;0.14207682013511658;0.6015275716781616;0.054855845868587494;0.3908988833427429
53;10;3;1.0721438788274789;0.45199810657487216;0.9722222089767456;0.9130104184150696;0.4120641350746155;0.453300803899765;-0.1518995761871338;0.9908824563026428;0.5474133491516113;0.19907821714878082
54;10;1;2.9674354397115756;0.7287550229501703;0.9770531058311462;0.9194899201393127;0.39467886090278625;0.43784981966018677;0.21885500848293304;0.7151765823364258;0.07327290624380112;0.3233877718448639
54;10;2;1.5779430914709058;0.45697938510545155;0.9770531058311462;0.9194899201393127;0.39467886090278625;0.43784981966018677;0.14868104457855225;0.6170147657394409;0.05786743015050888;0.40126264095306396
54;10;3;1.0749911349392098;0.4693326938327691;0.9770531058311462;0.9194899201393127;0.39467886090278625;0.43784981966018677;-0.15889230370521545;1.020426630973816;0.5706712603569031;0.2319699078798294
55;10;1;2.9758295313676513;0.7313153711406128;0.9814814925193787;0.9258114695549011;0.3758993446826935;0.421710729598999;0.22008207440376282;0.7387215495109558;0.06967446953058243;0.32564929127693176
55;10;2;1.5551334561987904;0.4622873083162169;0.9814814925193787;0.9258114695549011;0.3758993446826935;0.421710729598999;0.1556912064552307;0.6323992013931274;0.06329941749572754;0.41280224919319153
55;10;3;1.0789315908883852;0.4894827339879808;0.9814814925193787;0.9258114695549011;0.3758993446826935;0.421710729598999;-0.16573044657707214;1.0501854419708252;0.5943726301193237;0.26548871397972107
56;10;1;3.0262059388394036;0.76868341556614;0.9855072498321533;0.9316785335540771;0.35536453127861023;0.4042387008666992;0.2207501232624054;0.7629957795143127;0.06656116247177124;0.32596221566200256
56;10;2;1.5519360284920234;0.47470540511795045;0.9855072498321533;0.9316785335540771;0.35536453127861023;0.4042387008666992;0.16300611197948456;0.647631824016571;0.07093026489019394;0.4251863658428192
56;10;3;1.0643854423659302;0.49420434058635676;0.9855072498321533;0.9316785335540771;0.35536453127861023;0.4042387008666992;-0.17234298586845398;1.0800338983535767;0.6185299754142761;0.2996523678302765
57;10;1;3.075781378640162;0.776203909773753;0.9879226684570312;0.9386222958564758;0.33309173583984375;0.38545989990234375;0.22064371407032013;0.7876754403114319;0.0634804517030716;0.325925350189209
57;10;2;1.522411211749402;0.47997847751925615;0.9879226684570312;0.9386222958564758;0.33309173583984375;0.38545989990234375;0.17035993933677673;0.662658154964447;0.07991477102041245;0.4383670687675476
57;10;3;1.0313481034620917;0.5075004258803961;0.9879226684570312;0.9386222958564758;0.33309173583984375;0.38545989990234375;-0.178584024310112;1.1097791194915771;0.6434397101402283;0.3348800539970398
58;10;1;3.0851803105052618;0.7796269581184978;0.989935576915741;0.9460994601249695;0.31093525886535645;0.36601004004478455;0.21948373317718506;0.8124674558639526;0.06022614240646362;0.3269106447696686
58;10;2;1.5586789571594872;0.5089880876574155;0.989935576915741;0.9460994601249695;0.31093525886535645;0.36601004004478455;0.1774894893169403;0.6773922443389893;0.0894940048456192;0.4525912404060364
58;10;3;1.0289825972354931;0.5289929905676445;0.989935576915741;0.9460994601249695;0.31093525886535645;0.36601004004478455;-0.18427036702632904;1.1392154693603516;0.6694937348365784;0.3717259168624878
59;10;1;3.102296961433396;0.7839871318520624;0.9911432862281799;0.9543617963790894;0.2896420657634735;0.3455677628517151;0.2171463966369629;0.8370969891548157;0.05650758370757103;0.33023616671562195
59;10;2;1.5746622772905123;0.5464095441317602;0.9911432862281799;0.9543617963790894;0.2896420657634735;0.3455677628517151;0.18417009711265564;0.6917762756347656;0.09886308014392853;0.4682072401046753
59;10;3;1.0111363628390926;0.5665172262683131;0.9911432862281799;0.9543617963790894;0.2896420657634735;0.3455677628517151;-0.189238041639328;1.1681952476501465;0.6969947814941406;0.4106183648109436
60;10;1;3.091019999439986;0.7949867715478378;0.9927535653114319;0.9617451429367065;0.2692126929759979;0.3245057463645935;0.21361708641052246;0.8614266514778137;0.052168067544698715;0.3366871178150177
60;10;2;1.5925490278933534;0.5693234789471662;0.9927535653114319;0.9617451429367065;0.2692126929759979;0.3245057463645935;0.19027751684188843;0.7058101892471313;0.10748546570539474;0.4855141341686249
60;10;3;1.0122786149495395;0.5950153053880793;0.9927535653114319;0.9617451429367065;0.2692126929759979;0.3245057463645935;-0.1934126913547516;1.1966824531555176;0.7259451746940613;0.4515604078769684
61;10;1;3.068152753867772;0.8096621591196005;0.9927536249160767;0.9684913158416748;0.2501845061779022;0.3023546040058136;0.20887143909931183;0.885765016078949;0.04834611341357231;0.3449047803878784
61;10;2;1.5865329382264903;0.5897741969668822;0.9927536249160767;0.9684913158416748;0.2501845061779022;0.3023546040058136;0.19589126110076904;0.7195526361465454;0.11554645001888275;0.504551351070404
61;10;3;0.9986096851639719;0.6318689995718958;0.9927536249160767;0.9684913158416748;0.2501845061779022;0.3023546040058136;-0.19686363637447357;1.2247945070266724;0.7559750080108643;0.4940290153026581
62;10;1;3.051748366433312;0.8127987121467912;0.9927536249160767;0.9748573303222656;0.23262162506580353;0.27926185727119446;0.2030569165945053;0.9104316234588623;0.045708607882261276;0.35369157791137695
62;10;2;1.596544152756576;0.6176924114820137;0.9927536249160767;0.9748573303222656;0.23262162506580353;0.27926185727119446;0.2011682391166687;0.7331187725067139;0.1233966276049614;0.5250787138938904
62;10;3;0.9964627112057061;0.6718171082516284;0.9927536249160767;0.9748573303222656;0.23262162506580353;0.27926185727119446;-0.19975900650024414;1.2527320384979248;0.7865182757377625;0.5372236967086792
63;10;1;3.016461164245662;0.8180547435272167;0.9939613342285156;0.9801762104034424;0.21639254689216614;0.25635620951652527;0.19636128842830658;0.9358002543449402;0.04527316614985466;0.36130690574645996
63;10;2;1.5926447453154706;0.6476268657638355;0.9939613342285156;0.9801762104034424;0.21639254689216614;0.25635620951652527;0.20629426836967468;0.7466216087341309;0.13143183290958405;0.5466166734695435
63;10;3;0.9934280255195818;0.7099178178798451;0.9939613342285156;0.9801762104034424;0.21639254689216614;0.25635620951652527;-0.20229828357696533;1.280679702758789;0.8169811964035034;0.5803048014640808
64;10;1;3.0436870565167453;0.8184821092902173;0.9947664737701416;0.9844382405281067;0.199238583445549;0.23429439961910248;0.18908165395259857;0.9619979858398438;0.0473625622689724;0.36670130491256714
64;10;2;1.5964696942907972;0.677416308633255;0.9947664737701416;0.9844382405281067;0.199238583445549;0.23429439961910248;0.21144640445709229;0.7601031064987183;0.14003606140613556;0.5686598420143127
64;10;3;1.0077525189259875;0.7440511398051606;0.9947664737701416;0.9844382405281067;0.199238583445549;0.23429439961910248;-0.20462456345558167;1.3087226152420044;0.8469382524490356;0.6226704716682434
65;10;1;3.0494084082047044;0.8113145279099534;0.9951691031455994;0.9876434803009033;0.1798078864812851;0.21408990025520325;0.18155142664909363;0.9887152314186096;0.051754970103502274;0.37037092447280884
65;10;2;1.5963094388525505;0.7122701300063645;0.9951691031455994;0.9876434803009033;0.1798078864812851;0.21408990025520325;0.2166382223367691;0.7735374569892883;0.14899992942810059;0.5910662412643433
65;10;3;0.9667800978545005;0.7748477389456805;0.9951691031455994;0.9876434803009033;0.1798078864812851;0.21408990025520325;-0.20676341652870178;1.3368068933486938;0.8762309551239014;0.6640965938568115
66;10;1;3.0614975248310525;0.8201285494076265;0.9963768124580383;0.9898707866668701;0.16245034337043762;0.19594356417655945;0.17412272095680237;1.0154070854187012;0.05788931995630264;0.37348300218582153
66;10;2;1.6295111375869755;0.7536944366086513;0.9963768124580383;0.9898707866668701;0.16245034337043762;0.19594356417655945;0.22178329527378082;0.7868401408195496;0.15783171355724335;0.6140151619911194
66;10;3;0.9590140139165673;0.791654433336781;0.9963768124580383;0.9898707866668701;0.16245034337043762;0.19594356417655945;-0.2086527794599533;1.3647785186767578;0.9048723578453064;0.7046016454696655
67;10;1;3.0868024925413486;0.8238769153013292;0.9967793226242065;0.9915252327919006;0.14874447882175446;0.18024510145187378;0.1669924259185791;1.0415738821029663;0.06556849181652069;0.37689608335494995
67;10;2;1.7029919722325095;0.7832836610401603;0.9967793226242065;0.9915252327919006;0.14874447882175446;0.18024510145187378;0.2267942875623703;0.7998952865600586;0.16617265343666077;0.637732982635498
67;10;3;0.9348222302073781;0.8178638383747243;0.9967793226242065;0.9915252327919006;0.14874447882175446;0.18024510145187378;-0.21020746231079102;1.3924440145492554;0.9329015016555786;0.7442408800125122
68;10;1;3.064691219490138;0.8213726143548703;0.9959741830825806;0.9926908016204834;0.13886362314224243;0.16658444702625275;0.16040845215320587;1.0667719841003418;0.07421659678220749;0.3815401494503021
68;10;2;1.697163446143266;0.8069951615093078;0.9959741830825806;0.9926908016204834;0.13886362314224243;0.16658444702625275;0.2315976768732071;0.8126181364059448;0.173772394657135;0.662347137928009
68;10;3;0.9036008590385807;0.8378387624184842;0.9959741830825806;0.9926908016204834;0.13886362314224243;0.16658444702625275;-0.21138492226600647;1.4196444749832153;0.9602800011634827;0.7829598784446716
69;10;1;3.068305849146629;0.8167283427120342;0.9955716133117676;0.9932785034179688;0.1324191391468048;0.1552511304616928;0.15457932651042938;1.0907957553863525;0.08377210795879364;0.38744431734085083
69;10;2;1.7373499766520402;0.8189293716565884;0.9955716133117676;0.9932785034179688;0.1324191391468048;0.1552511304616928;0.2361765056848526;0.8249735832214355;0.18059536814689636;0.6876993775367737
69;10;3;0.892747412453283;0.8436259390480505;0.9955716133117676;0.9932785034179688;0.1324191391468048;0.1552511304616928;-0.21222102642059326;1.4462767839431763;0.9868425130844116;0.8205249905586243
70;10;1;3.0616084747843235;0.81689133300286;0.9955716133117676;0.9938217401504517;0.12890100479125977;0.14586572349071503;0.14963950216770172;1.1136095523834229;0.0940658301115036;0.39426296949386597
70;10;2;1.7114500148874754;0.799735799714294;0.9955716133117676;0.9938217401504517;0.12890100479125977;0.14586572349071503;0.2405708283185959;0.8369693756103516;0.18682341277599335;0.7133309841156006
70;10;3;0.9038449173193044;0.8375847976212698;0.9955716133117676;0.9938217401504517;0.12890100479125977;0.14586572349071503;-0.21281731128692627;1.4722870588302612;1.0123411417007446;0.8565853834152222
71;10;1;3.082804258651052;0.8230253975194008;0.9951690435409546;0.9939995408058167;0.1278611570596695;0.13817620277404785;0.14557719230651855;1.1353377103805542;0.10528867691755295;0.400973379611969
71;10;2;1.7477482419731256;0.8032097636260502;0.9951690435409546;0.9939995408058167;0.1278611570596695;0.13817620277404785;0.2448369413614273;0.8486291766166687;0.19269955158233643;0.7386485934257507
71;10;3;0.9055362969050975;0.8353966020575443;0.9951690435409546;0.9939995408058167;0.1278611570596695;0.13817620277404785;-0.21329492330551147;1.4976348876953125;1.0365315675735474;0.8907958269119263
72;10;1;3.0813896599318227;0.8144378403213723;0.9927536249160767;0.9940687417984009;0.12769724428653717;0.13208717107772827;0.14233319461345673;1.1560527086257935;0.11750011891126633;0.4068868160247803
72;10;2;1.7899405326299922;0.8075444812563441;0.9927536249160767;0.9940687417984009;0.12769724428653717;0.13208717107772827;0.24899159371852875;0.8599594235420227;0.198346346616745;0.763200581073761
72;10;3;0.891488063977258;0.836095358217591;0.9927536249160767;0.9940687417984009;0.12769724428653717;0.13208717107772827;-0.21373403072357178;1.5222599506378174;1.0592646598815918;0.9229452610015869
73;10;1;3.1270108015094813;0.8159368989599667;0.9919484853744507;0.9940587878227234;0.1284053772687912;0.12731985747814178;0.13984277844429016;1.1757234334945679;0.1305137425661087;0.4118072986602783
73;10;2;1.7827558550064335;0.803938933175838;0.9919484853744507;0.9940587878227234;0.1284053772687912;0.12731985747814178;0.25299641489982605;0.8709333539009094;0.20374351739883423;0.7868163585662842
73;10;3;0.8886605546541197;0.8358536917413408;0.9919484853744507;0.9940587878227234;0.1284053772687912;0.12731985747814178;-0.21414321660995483;1.5460759401321411;1.080522060394287;0.9530078768730164
74;10;1;3.110680934303838;0.8199548125197653;0.9915459156036377;0.9940933585166931;0.1294700801372528;0.12344489246606827;0.13801692426204681;1.1942423582077026;0.1439535915851593;0.4159573018550873
74;10;2;1.8382932773469598;0.8065713972334589;0.9915459156036377;0.9940933585166931;0.1294700801372528;0.12344489246606827;0.25678858160972595;0.8814932703971863;0.20881187915802002;0.809571385383606
74;10;3;0.8819544386666109;0.8384586722043412;0.9915459156036377;0.9940933585166931;0.1294700801372528;0.12344489246606827;-0.21446698904037476;1.5689862966537476;1.1003966331481934;0.9811147451400757
75;10;1;3.1086496263665344;0.8227064002629314;0.9911433458328247;0.9940686821937561;0.12890000641345978;0.12007522583007812;0.13666684925556183;1.2114906311035156;0.15765707194805145;0.4196872413158417
75;10;2;1.8583609347395313;0.8033315084351225;0.9911433458328247;0.9940686821937561;0.12890000641345978;0.12007522583007812;0.26029643416404724;0.8915742635726929;0.21342043578624725;0.8316918015480042
75;10;3;0.8816539941076469;0.8426741297748674;0.9911433458328247;0.9940686821937561;0.12890000641345978;0.12007522583007812;-0.21462798118591309;1.590903878211975;1.1190259456634521;1.007460594177246
76;10;1;3.1216943696202133;0.8220433506351279;0.9911433458328247;0.9940934181213379;0.12795479595661163;0.11691265553236008;0.13574178516864777;1.2273838520050049;0.17130079865455627;0.4234434962272644
76;10;2;1.879025096509582;0.8038758504459032;0.9911433458328247;0.9940934181213379;0.12795479595661163;0.11691265553236008;0.26347240805625916;0.9011362195014954;0.21746677160263062;0.8533616065979004
76;10;3;0.8815762669915017;0.8456621031754343;0.9911433458328247;0.9940934181213379;0.12795479595661163;0.11691265553236008;-0.21457889676094055;1.61177659034729;1.136521577835083;1.0322030782699585
77;10;1;3.1435672863460518;0.8164887276303876;0.9911433458328247;0.9941723942756653;0.12684500217437744;0.11388402432203293;0.13522815704345703;1.2419779300689697;0.1847497671842575;0.4272293746471405
77;10;2;1.8840305466073142;0.8009717915962398;0.9911433458328247;0.9941723942756653;0.12684500217437744;0.11388402432203293;0.2663379907608032;0.9101831912994385;0.2209879755973816;0.8745135068893433
77;10;3;0.8744647440066959;0.843860720814924;0.9911433458328247;0.9941723942756653;0.12684500217437744;0.11388402432203293;-0.21434500813484192;1.6316001415252686;1.1529159545898438;1.0553882122039795
78;10;1;3.1444915383821455;0.8226683377974364;0.9911433458328247;0.9942711591720581;0.12556837499141693;0.11088570207357407;0.13511522114276886;1.2554478645324707;0.19805966317653656;0.4306580126285553
78;10;2;1.8980052149457158;0.7994595760261323;0.9911433458328247;0.9942711591720581;0.12556837499141693;0.11088570207357407;0.26898080110549927;0.9187541604042053;0.22413787245750427;0.8948415517807007
78;10;3;0.8699356115324237;0.8462305656005058;0.9911433458328247;0.9942711591720581;0.12556837499141693;0.11088570207357407;-0.21401512622833252;1.650407075881958;1.1681784391403198;1.0769727230072021
79;10;1;3.1196405207372155;0.8263238781426816;0.9915459156036377;0.9943995475769043;0.12406032532453537;0.10804793983697891;0.13542692363262177;1.2679861783981323;0.21122503280639648;0.43336209654808044
79;10;2;1.925557116954809;0.8070798599424407;0.9915459156036377;0.9943995475769043;0.12406032532453537;0.10804793983697891;0.2714831829071045;0.9269019365310669;0.22705566883087158;0.9140214920043945
79;10;3;0.8695043460231879;0.8325497635902532;0.9915459156036377;0.9943995475769043;0.12406032532453537;0.10804793983697891;-0.21369270980358124;1.6682430505752563;1.1822724342346191;1.0969046354293823
80;10;1;3.131413745320746;0.8290809238850319;0.9923510551452637;0.9945378303527832;0.12220918387174606;0.10541509091854095;0.1361793726682663;1.2797267436981201;0.22415733337402344;0.43524107336997986
80;10;2;1.9579254221346307;0.8118583780678583;0.9923510551452637;0.9945378303527832;0.12220918387174606;0.10541509091854095;0.2739059627056122;0.9346608519554138;0.22983400523662567;0.9318593740463257
80;10;3;0.8576895103617685;0.8407636955667654;0.9923510551452637;0.9945378303527832;0.12220918387174606;0.10541509091854095;-0.21344606578350067;1.685146450996399;1.195207953453064;1.1151981353759766
81;10;1;3.125537040742878;0.8286711784984115;0.9927536249160767;0.9946860074996948;0.11970601975917816;0.10297996550798416;0.1373809427022934;1.2906978130340576;0.23663678765296936;0.43662890791893005
81;10;2;1.9787730788359;0.8175101869659698;0.9927536249160767;0.9946860074996948;0.11970601975917816;0.10297996550798416;0.27625608444213867;0.942035436630249;0.23247230052947998;0.9484058618545532
81;10;3;0.849779665381269;0.836296133250825;0.9927536249160767;0.9946860074996948;0.11970601975917816;0.10297996550798416;-0.21328125894069672;1.7011393308639526;1.2070640325546265;1.131965160369873
82;10;1;3.116173264869718;0.8285582219687369;0.9931562542915344;0.9948193430900574;0.11673840135335922;0.10075943171977997;0.13903282582759857;1.3008519411087036;0.24842004477977753;0.4381076395511627
82;10;2;2.0069367687640067;0.8372445636725927;0.9931562542915344;0.9948193430900574;0.11673840135335922;0.10075943171977997;0.2784993052482605;0.9490087032318115;0.234905406832695;0.9639002084732056
82;10;3;0.850932684952582;0.8380315937312659;0.9931562542915344;0.9948193430900574;0.11673840135335922;0.10075943171977997;-0.2131536900997162;1.716233253479004;1.217968225479126;1.1473859548568726
83;10;1;3.1323952438169638;0.8306923606433161;0.9939613938331604;0.9949280023574829;0.11375951766967773;0.09880921244621277;0.14101958274841309;1.3101580142974854;0.2592014968395233;0.4402526319026947
83;10;2;2.0141897772146384;0.8336055282863493;0.9939613938331604;0.9949280023574829;0.11375951766967773;0.09880921244621277;0.28059083223342896;0.955565333366394;0.23706547915935516;0.9786020517349243
83;10;3;0.8523095073318947;0.8357311449212474;0.9939613938331604;0.9949280023574829;0.11375951766967773;0.09880921244621277;-0.21301054954528809;1.7304426431655884;1.2280462980270386;1.1616384983062744
84;10;1;3.137491716686558;0.83555897922722;0.9947665333747864;0.9949526786804199;0.11109685897827148;0.0970776304602623;0.14334198832511902;1.318644404411316;0.26906824111938477;0.44310683012008667
84;10;2;2.0205027073506585;0.8359644278780474;0.9947665333747864;0.9949526786804199;0.11109685897827148;0.0970776304602623;0.28251710534095764;0.9617167711257935;0.2389531433582306;0.992603600025177
84;10;3;0.8454457738685619;0.8358111785028113;0.9947665333747864;0.9949526786804199;0.11109685897827148;0.0970776304602623;-0.2128380388021469;1.7438000440597534;1.2373740673065186;1.1748299598693848
85;10;1;3.133622438582229;0.8338001254225134;0.9955716729164124;0.9950465559959412;0.10887724906206131;0.0955365002155304;0.14587484300136566;1.3264429569244385;0.2780188024044037;0.4464302361011505
85;10;2;2.0378254417921715;0.8366081394416511;0.9955716729164124;0.9950465559959412;0.10887724906206131;0.0955365002155304;0.2843027114868164;0.9675005674362183;0.24064110219478607;1.005810022354126
85;10;3;0.8460586661789637;0.8354167368823564;0.9955716729164124;0.9950465559959412;0.10887724906206131;0.0955365002155304;-0.2126646488904953;1.756354570388794;1.245976448059082;1.1869956254959106
86;10;1;3.1424551500161986;0.8281439751596755;0.9959742426872253;0.995169997215271;0.107177734375;0.0943213403224945;0.1484702080488205;1.3337409496307373;0.28611835837364197;0.44971928000450134
86;10;2;2.041583426720325;0.8454240623249327;0.9959742426872253;0.995169997215271;0.107177734375;0.0943213403224945;0.2859860956668854;0.9729743003845215;0.24222683906555176;1.0180127620697021
86;10;3;0.8440163004626022;0.8351361173630318;0.9959742426872253;0.995169997215271;0.107177734375;0.0943213403224945;-0.21254996955394745;1.7681633234024048;1.2538425922393799;1.1981199979782104
87;10;1;3.152223302715468;0.8340496102773969;0.9959742426872253;0.9952243566513062;0.10588248819112778;0.09345828741788864;0.15096376836299896;1.3407206535339355;0.29338452219963074;0.4524940252304077
87;10;2;2.053296426017364;0.8465407878944124;0.9959742426872253;0.9952243566513062;0.10588248819112778;0.09345828741788864;0.28760826587677;0.9781911373138428;0.24380618333816528;1.029006004333496
87;10;3;0.848224057681513;0.8446971113459796;0.9959742426872253;0.9952243566513062;0.10588248819112778;0.09345828741788864;-0.21255075931549072;1.7792797088623047;1.260962724685669;1.2081893682479858
88;10;1;3.1494499423226543;0.8277087192824073;0.9955716729164124;0.9952638149261475;0.10478165745735168;0.09290088713169098;0.15327303111553192;1.3474760055541992;0.2998290956020355;0.45454975962638855
88;10;2;2.0686227171678917;0.8414348743355062;0.9955716729164124;0.9952638149261475;0.10478165745735168;0.09290088713169098;0.2891867458820343;0.983181357383728;0.24542216956615448;1.0387259721755981
88;10;3;0.8434814769578427;0.843308804398025;0.9955716729164124;0.9952638149261475;0.10478165745735168;0.09290088713169098;-0.21268896758556366;1.7897430658340454;1.2673611640930176;1.217238187789917
89;10;1;3.1750037029341627;0.8280739530149903;0.9955716729164124;0.9952391386032104;0.10370580106973648;0.09252700954675674;0.15533852577209473;1.3540103435516357;0.3054279088973999;0.4560081362724304
89;10;2;2.060643103713815;0.8411980500256626;0.9955716729164124;0.9952391386032104;0.10370580106973648;0.09252700954675674;0.29071128368377686;0.9879480004310608;0.24705886840820312;1.0472826957702637
89;10;3;0.8447141624607548;0.8487480686653202;0.9955716729164124;0.9952391386032104;0.10370580106973648;0.09252700954675674;-0.21294443309307098;1.799578309059143;1.2731027603149414;1.225358009338379
90;10;1;3.1918147240042476;0.8291040172589375;0.9955716729164124;0.9951947331428528;0.10266931354999542;0.09226185828447342;0.1571524739265442;1.360256552696228;0.3101198971271515;0.45726045966148376
90;10;2;2.081817279705902;0.8474536078014467;0.9955716729164124;0.9951947331428528;0.10266931354999542;0.09226185828447342;0.29215502738952637;0.9924736618995667;0.24866408109664917;1.054907202720642
90;10;3;0.8454584290910283;0.8473630996955195;0.9955716729164124;0.9951947331428528;0.10266931354999542;0.09226185828447342;-0.21326780319213867;1.808800220489502;1.2782799005508423;1.2326796054840088
91;10;1;3.197836228468965;0.8277945035948431;0.9955716729164124;0.9951502680778503;0.10177411884069443;0.09208868443965912;0.1587146818637848;1.366145133972168;0.31382450461387634;0.458720326423645
91;10;2;2.0794476485280464;0.8460192493462353;0.9955716729164124;0.9951502680778503;0.10177411884069443;0.09208868443965912;0.2934952974319458;0.9967399835586548;0.25018730759620667;1.0618293285369873
91;10;3;0.8433895614947104;0.8407899220536417;0.9955716729164124;0.9951502680778503;0.10177411884069443;0.09208868443965912;-0.2136124223470688;1.8174240589141846;1.2829807996749878;1.2393276691436768
92;10;1;3.1930824631692065;0.8277016892280065;0.9955716729164124;0.9951601028442383;0.10110989958047867;0.09197018295526505;0.16004402935504913;1.3716522455215454;0.3165198266506195;0.4606034755706787
92;10;2;2.0857042909269286;0.8437362518980542;0.9955716729164124;0.9951601028442383;0.10110989958047867;0.09197018295526505;0.29472219944000244;1.0007460117340088;0.25159814953804016;1.0681825876235962
92;10;3;0.8509891768352071;0.8378129043707656;0.9955716729164124;0.9951601028442383;0.10110989958047867;0.09197018295526505;-0.2139616459608078;1.8254731893539429;1.28726327419281;1.2453839778900146
93;10;1;3.200219017922657;0.8280425607242776;0.9955716729164124;0.9951304793357849;0.1007164865732193;0.09186595678329468;0.16117332875728607;1.3768188953399658;0.3183937072753906;0.4627109467983246
93;10;2;2.0957044648153555;0.8433245153281712;0.9955716729164124;0.9951304793357849;0.1007164865732193;0.09186595678329468;0.2958611249923706;1.0045082569122314;0.2529217004776001;1.0739535093307495
93;10;3;0.8501107883259431;0.8368515894920958;0.9955716729164124;0.9951304793357849;0.1007164865732193;0.09186595678329468;-0.21433453261852264;1.8329801559448242;1.291149616241455;1.2508801221847534
94;10;1;3.1994519662275174;0.8277560537558335;0.9959742426872253;0.9951156377792358;0.1004595160484314;0.09176451712846756;0.16214536130428314;1.3817027807235718;0.31956228613853455;0.4648667275905609
94;10;2;2.0996956195078695;0.8426315783170137;0.9959742426872253;0.9951156377792358;0.1004595160484314;0.09176451712846756;0.2969461679458618;1.0080515146255493;0.2541995644569397;1.0790749788284302
94;10;3;0.8518892822253106;0.8377059305636418;0.9959742426872253;0.9951156377792358;0.1004595160484314;0.09176451712846756;-0.21476268768310547;1.8399816751480103;1.2946473360061646;1.2558265924453735
95;10;1;3.1922744023255234;0.8275649861392482;0.9959742426872253;0.9950712323188782;0.10025382786989212;0.09165447950363159;0.16300682723522186;1.3863449096679688;0.3201441466808319;0.46693605184555054
95;10;2;2.1058701605885393;0.8426202734064452;0.9959742426872253;0.9950712323188782;0.10025382786989212;0.09165447950363159;0.29800140857696533;1.0113952159881592;0.25546059012413025;1.0835167169570923
95;10;3;0.845975042240779;0.8331810820916095;0.9959742426872253;0.9950712323188782;0.10025382786989212;0.09165447950363159;-0.21526584029197693;1.846510648727417;1.2977710962295532;1.2602442502975464
96;10;1;3.198325745143258;0.8285700171258199;0.9959742426872253;0.9951007962226868;0.10005097836256027;0.09151291847229004;0.16379062831401825;1.390749216079712;0.3201960027217865;0.46894946694374084
96;10;2;2.1067043530089924;0.8424810673262155;0.9959742426872253;0.9951007962226868;0.10005097836256027;0.09151291847229004;0.29903024435043335;1.0145472288131714;0.25670579075813293;1.0873383283615112
96;10;3;0.852181157808638;0.8401350749390253;0.9959742426872253;0.9951007962226868;0.10005097836256027;0.09151291847229004;-0.21583613753318787;1.8525935411453247;1.30055570602417;1.2641823291778564
97;10;1;3.1786292197996993;0.8278284226409278;0.9959742426872253;0.99509596824646;0.09990106523036957;0.09133131802082062;0.16451925039291382;1.3948880434036255;0.3197484016418457;0.47105568647384644
97;10;2;2.101200650177878;0.8424188053298791;0.9959742426872253;0.99509596824646;0.09990106523036957;0.09133131802082062;0.3000183701515198;1.0175052881240845;0.2579125761985779;1.0906739234924316
97;10;3;0.8487382621561261;0.840815785240657;0.9959742426872253;0.99509596824646;0.09990106523036957;0.09133131802082062;-0.21644262969493866;1.8582518100738525;1.3030521869659424;1.2677128314971924
98;10;1;3.1782396902254018;0.8283424647067701;0.9959742426872253;0.9951106905937195;0.09991847723722458;0.09112093597650528;0.16519920527935028;1.3987336158752441;0.3188275694847107;0.47340166568756104
98;10;2;2.095922011292772;0.8423327847859969;0.9959742426872253;0.9951106905937195;0.09991847723722458;0.09112093597650528;0.3009463846683502;1.0202662944793701;0.25905489921569824;1.093666434288025
98;10;3;0.8487382621561261;0.840815785240657;0.9959742426872253;0.9951106905937195;0.09991847723722458;0.09112093597650528;-0.21704909205436707;1.8635059595108032;1.305311679840088;1.2709083557128906
99;10;1;3.178470436477892;0.826272473309273;0.9959742426872253;0.9951255321502686;0.10021033883094788;0.09089025110006332;0.1658269166946411;1.4022783041000366;0.31739315390586853;0.47613775730133057
99;10;2;2.088079907470692;0.8446436849341237;0.9959742426872253;0.9951255321502686;0.10021033883094788;0.09089025110006332;0.30179810523986816;1.022836685180664;0.26011568307876587;1.0964070558547974
99;10;3;0.8480759460587128;0.8420609897236826;0.9959742426872253;0.9951255321502686;0.10021033883094788;0.09089025110006332;-0.21763281524181366;1.8683791160583496;1.3073697090148926;1.2738187313079834
100;10;1;3.1784623954036837;0.8263862684916772;0.9959742426872253;0.9951798915863037;0.10087862610816956;0.09064154326915741;0.16638563573360443;1.405571460723877;0.31558656692504883;0.479044109582901
100;10;2;2.0819300831520335;0.8438302553273886;0.9959742426872253;0.9951798915863037;0.10087862610816956;0.09064154326915741;0.3025811016559601;1.025235652923584;0.26111531257629395;1.0988799333572388
100;10;3;0.8409333244313411;0.8393244003591644;0.9959742426872253;0.9951798915863037;0.10087862610816956;0.09064154326915741;-0.2181963175535202;1.8729007244110107;1.3092364072799683;1.276458740234375
101;10;1;3.167696571139553;0.8235059274632688;0.9959742426872253;0.9951897263526917;0.10182151198387146;0.09041087329387665;0.16685672104358673;1.4086867570877075;0.313580185174942;0.48179274797439575
101;10;2;2.07642470962704;0.837635720649125;0.9959742426872253;0.9951897263526917;0.10182151198387146;0.09041087329387665;0.30332151055336;1.0274873971939087;0.2621014714241028;1.1010048389434814
101;10;3;0.8429944520066295;0.8407140493801184;0.9959742426872253;0.9951897263526917;0.10182151198387146;0.09041087329387665;-0.21875664591789246;1.8771017789840698;1.3109079599380493;1.278822660446167
102;10;1;3.1764490823819873;0.8293045903111063;0.9959742426872253;0.9951996207237244;0.10285606235265732;0.09021563082933426;0.16722987592220306;1.4116805791854858;0.3115340769290924;0.4841144382953644
102;10;2;2.069624529537986;0.8375073491072063;0.9959742426872253;0.9951996207237244;0.10285606235265732;0.09021563082933426;0.304033100605011;1.0296114683151245;0.2631005346775055;1.1027389764785767
102;10;3;0.8455605106317545;0.8395165758321288;0.9959742426872253;0.9951996207237244;0.10285606235265732;0.09021563082933426;-0.21932491660118103;1.881009578704834;1.3123859167099;1.2809127569198608
103;10;1;3.1849541298592907;0.8294701152035744;0.9959742426872253;0.9952243566513062;0.1038019135594368;0.09004486352205276;0.1674927920103073;1.4145623445510864;0.30949950218200684;0.4859847128391266
103;10;2;2.063395923935099;0.8370507187727259;0.9959742426872253;0.9952243566513062;0.1038019135594368;0.09004486352205276;0.3047022223472595;1.0316166877746582;0.26409465074539185;1.1041396856307983
103;10;3;0.8374288692932295;0.8400689725818813;0.9959742426872253;0.9952243566513062;0.1038019135594368;0.09004486352205276;-0.21989159286022186;1.884643316268921;1.3136906623840332;1.2827579975128174
104;10;1;3.1803646500387464;0.8325198893349013;0.9959742426872253;0.9952094554901123;0.10459203273057938;0.08989737927913666;0.16766846179962158;1.4173003435134888;0.3075086176395416;0.48753228783607483
104;10;2;2.064920784504854;0.8347868983313993;0.9959742426872253;0.9952094554901123;0.10459203273057938;0.08989737927913666;0.30531853437423706;1.0334974527359009;0.26506054401397705;1.1053160429000854
104;10;3;0.8352426609488441;0.8358765082006934;0.9959742426872253;0.9952094554901123;0.10459203273057938;0.08989737927913666;-0.22043204307556152;1.8880164623260498;1.3148573637008667;1.2844079732894897
105;10;1;3.182291993532486;0.8328686970432679;0.9959742426872253;0.9952144622802734;0.10523784160614014;0.08977758884429932;0.1677948385477066;1.4198493957519531;0.3055683672428131;0.48894932866096497
105;10;2;2.044746688347682;0.8394715925249305;0.9959742426872253;0.9952144622802734;0.10523784160614014;0.08977758884429932;0.30587151646614075;1.0352444648742676;0.26597124338150024;1.1063909530639648
105;10;3;0.8397167148486826;0.8378594456359263;0.9959742426872253;0.9952144622802734;0.10523784160614014;0.08977758884429932;-0.22091960906982422;1.8911396265029907;1.3159235715866089;1.285915732383728
106;10;1;3.171512750903169;0.8241318267444173;0.9959742426872253;0.9952144026756287;0.10579153150320053;0.08968918770551682;0.16791684925556183;1.422179102897644;0.3037055730819702;0.49035829305648804
106;10;2;2.0407921699566387;0.8367131296342789;0.9959742426872253;0.9952144026756287;0.10579153150320053;0.08968918770551682;0.3063579797744751;1.0368536710739136;0.2668093144893646;1.1074477434158325
106;10;3;0.8386260598028423;0.8371699169487803;0.9959742426872253;0.9952144026756287;0.10579153150320053;0.08968918770551682;-0.22133991122245789;1.8940247297286987;1.3169163465499878;1.2873197793960571
107;10;1;3.168538249983336;0.823877960124392;0.9959742426872253;0.9952341914176941;0.10629291087388992;0.08964251726865768;0.16811101138591766;1.4242771863937378;0.302063524723053;0.4917272627353668
107;10;2;2.0438243042229605;0.8369383562583903;0.9959742426872253;0.9952341914176941;0.10629291087388992;0.08964251726865768;0.30678579211235046;1.0383291244506836;0.26757535338401794;1.1085084676742554
107;10;3;0.8380749085618646;0.8361785319397055;0.9959742426872253;0.9952341914176941;0.10629291087388992;0.08964251726865768;-0.22169527411460876;1.8966866731643677;1.317847728729248;1.2886369228363037
108;10;1;3.1764827137359806;0.8252273176208265;0.9959742426872253;0.9951847791671753;0.10672056674957275;0.08963263779878616;0.16841351985931396;1.426154375076294;0.3006645441055298;0.4930439889431
108;10;2;2.0409326609743825;0.8389262349956055;0.9959742426872253;0.9951847791671753;0.10672056674957275;0.08963263779878616;0.30717170238494873;1.0396780967712402;0.2682850956916809;1.109559416770935
108;10;3;0.8376752015092608;0.8380822369422354;0.9959742426872253;0.9951847791671753;0.10672056674957275;0.08963263779878616;-0.22199511528015137;1.8991405963897705;1.318721890449524;1.2898731231689453
109;10;1;3.170497775234482;0.8264791105520892;0.9959742426872253;0.995145320892334;0.10706952959299088;0.08963731676340103;0.16884958744049072;1.4278277158737183;0.2995292842388153;0.4942702054977417
109;10;2;2.037167153493943;0.8407604015038066;0.9959742426872253;0.995145320892334;0.10706952959299088;0.08963731676340103;0.3075263500213623;1.0409107208251953;0.26894986629486084;1.1105821132659912
109;10;3;0.8347116325775206;0.8374513093383251;0.9959742426872253;0.995145320892334;0.10706952959299088;0.08963731676340103;-0.22225026786327362;1.9014025926589966;1.3195399045944214;1.2910300493240356
110;10;1;3.1733097608178706;0.8252683979272915;0.9959742426872253;0.9951552152633667;0.10734109580516815;0.08964438736438751;0.16942964494228363;1.4293124675750732;0.2986655831336975;0.49538302421569824
110;10;2;2.039968178048767;0.8407937996385431;0.9959742426872253;0.9951552152633667;0.10734109580516815;0.08964438736438751;0.30785492062568665;1.0420359373092651;0.26957619190216064;1.1115703582763672
110;10;3;0.8353079573009508;0.8371852902251122;0.9959742426872253;0.9951552152633667;0.10734109580516815;0.08964438736438751;-0.2224665880203247;1.9034862518310547;1.3203049898147583;1.2921119928359985
111;10;1;3.1579455051861594;0.8308189662863752;0.9959742426872253;0.9951601028442383;0.10753320157527924;0.08964462578296661;0.1701468527317047;1.430617094039917;0.2980616092681885;0.4963950216770172
111;10;2;2.0422674175080466;0.8429190499363819;0.9959742426872253;0.9951601028442383;0.10753320157527924;0.08964462578296661;0.30815625190734863;1.0430599451065063;0.27016401290893555;1.1125389337539673
111;10;3;0.8353079573009508;0.8371852902251122;0.9959742426872253;0.9951601028442383;0.10753320157527924;0.08964462578296661;-0.22264251112937927;1.905403971672058;1.321025013923645;1.2931302785873413
112;10;1;3.1533052756713236;0.8324993386674606;0.9959742426872253;0.9951650500297546;0.10767143219709396;0.08963534235954285;0.17098386585712433;1.4317476749420166;0.2976993918418884;0.49733129143714905
112;10;2;2.048138607073427;0.8429539003879793;0.9959742426872253;0.9951650500297546;0.10767143219709396;0.08963534235954285;0.30842527747154236;1.0439869165420532;0.27070939540863037;1.1135138273239136
112;10;3;0.8343295300551326;0.8371852902251122;0.9959742426872253;0.9951650500297546;0.10767143219709396;0.08963534235954285;-0.22277185320854187;1.9071664810180664;1.3217099905014038;1.294098973274231
113;10;1;3.152406690113791;0.8325829679648802;0.9959742426872253;0.9951601028442383;0.10778633505105972;0.08961773663759232;0.17191438376903534;1.4327143430709839;0.29756173491477966;0.49819818139076233
113;10;2;2.0397428260669326;0.8431190391615986;0.9959742426872253;0.9951601028442383;0.10778633505105972;0.08961773663759232;0.3086574971675873;1.0448222160339355;0.2712106704711914;1.1145144701004028
113;10;3;0.8337684414876678;0.8371324387846224;0.9959742426872253;0.9951601028442383;0.10778633505105972;0.08961773663759232;-0.22284948825836182;1.9087837934494019;1.3223680257797241;1.295029640197754
114;10;1;3.1589144517222074;0.8292668555596991;0.9959742426872253;0.9951699376106262;0.10789351910352707;0.08959341794252396;0.17290882766246796;1.4335370063781738;0.29763779044151306;0.49896812438964844
114;10;2;2.0378762054849373;0.8430064905500911;0.9959742426872253;0.9951699376106262;0.10789351910352707;0.08959341794252396;0.30885395407676697;1.0455727577209473;0.27167388796806335;1.1155385971069336
114;10;3;0.8349836281539229;0.8381710185945925;0.9959742426872253;0.9951699376106262;0.10789351910352707;0.08959341794252396;-0.2228754758834839;1.9102671146392822;1.3230023384094238;1.2959266901016235
115;10;1;3.154867070807489;0.8322002594571583;0.9959742426872253;0.9951502084732056;0.10798171162605286;0.08956295996904373;0.17393942177295685;1.434242844581604;0.2979227304458618;0.49958282709121704
115;10;2;2.0396138023323216;0.8430061089622503;0.9959742426872253;0.9951502084732056;0.10798171162605286;0.08956295996904373;0.30901750922203064;1.0462487936019897;0.27210718393325806;1.116566777229309
115;10;3;0.8340368580656525;0.8385310130948398;0.9959742426872253;0.9951502084732056;0.10798171162605286;0.08956295996904373;-0.22285616397857666;1.9116281270980835;1.3236112594604492;1.2967878580093384
116;10;1;3.152365027782568;0.8304303759259213;0.9959742426872253;0.995169997215271;0.10801609605550766;0.0895262137055397;0.1749844253063202;1.434860110282898;0.2984108328819275;0.4999837279319763
116;10;2;2.0413433754921577;0.8430061089622507;0.9959742426872253;0.995169997215271;0.10801609605550766;0.0895262137055397;0.30915534496307373;1.0468600988388062;0.27252256870269775;1.1175702810287476
116;10;3;0.8322931167015879;0.8420877792254107;0.9959742426872253;0.995169997215271;0.10801609605550766;0.0895262137055397;-0.22280113399028778;1.9128782749176025;1.324190616607666;1.2976070642471313
117;10;1;3.148326783449167;0.8332728352094607;0.9959742426872253;0.995194673538208;0.10795639455318451;0.08948323875665665;0.17603062093257904;1.4354090690612793;0.29908546805381775;0.5001482367515564
117;10;2;2.0530915844361832;0.8438315542627612;0.9959742426872253;0.995194673538208;0.10795639455318451;0.08948323875665665;0.3092738091945648;1.0474154949188232;0.2729284167289734;1.1185294389724731
117;10;3;0.8322202282042284;0.8433740753715049;0.9959742426872253;0.995194673538208;0.10795639455318451;0.08948323875665665;-0.22271904349327087;1.9140279293060303;1.3247381448745728;1.2983814477920532
118;10;1;3.13121618571898;0.8331072109426021;0.9959742426872253;0.9951996207237244;0.10777972638607025;0.08944474905729294;0.17703770101070404;1.435903549194336;0.29982513189315796;0.5001609325408936
118;10;2;2.0477491974989963;0.8439416299546543;0.9959742426872253;0.9951996207237244;0.10777972638607025;0.08944474905729294;0.3093758523464203;1.0479193925857544;0.27332553267478943;1.11944580078125
118;10;3;0.8322739149533902;0.8424706762082232;0.9959742426872253;0.9951996207237244;0.10777972638607025;0.08944474905729294;-0.22261397540569305;1.9150854349136353;1.325256109237671;1.2991139888763428
119;10;1;3.1271671309725857;0.831089841824018;0.9959742426872253;0.9951996207237244;0.10752889513969421;0.08940974622964859;0.17801357805728912;1.4363465309143066;0.30060335993766785;0.5000645518302917
119;10;2;2.051324759811859;0.8438554830952945;0.9959742426872253;0.9951996207237244;0.10752889513969421;0.08940974622964859;0.30946630239486694;1.0483760833740234;0.2737155556678772;1.1203190088272095
119;10;3;0.834710902151361;0.8398402094849988;0.9959742426872253;0.9951996207237244;0.10752889513969421;0.08940974622964859;-0.22249174118041992;1.9160583019256592;1.3257460594177246;1.299806833267212
120;10;1;3.129151151210298;0.8302844882372087;0.9959742426872253;0.9951847791671753;0.10721806436777115;0.08937918394804001;0.17897148430347443;1.4367390871047974;0.3013932406902313;0.49990811944007874
120;10;2;2.0524870442646925;0.8437817659627256;0.9959742426872253;0.9951847791671753;0.10721806436777115;0.08937918394804001;0.3095511794090271;1.048789381980896;0.27410072088241577;1.1211473941802979
120;10;3;0.8333487215547146;0.8386546357446378;0.9959742426872253;0.9951847791671753;0.10721806436777115;0.08937918394804001;-0.22235867381095886;1.9169541597366333;1.3262094259262085;1.3004621267318726
121;10;1;3.1270217924057953;0.8324390324550093;0.9959742426872253;0.9951847791671753;0.10686889290809631;0.08935613930225372;0.17992578446865082;1.4370801448822021;0.3021673262119293;0.4997442364692688
121;10;2;2.057064232591528;0.8417732170500436;0.9959742426872253;0.9951847791671753;0.10686889290809631;0.08935613930225372;0.30963560938835144;1.0491619110107422;0.2744825780391693;1.1219313144683838
121;10;3;0.8343751135209514;0.8379605478957197;0.9959742426872253;0.9951847791671753;0.10686889290809631;0.08935613930225372;-0.22222022712230682;1.9177789688110352;1.3266477584838867;1.3010821342468262
122;10;1;3.1400584758670522;0.8317432593496994;0.9959742426872253;0.9952144622802734;0.10650962591171265;0.08934026956558228;0.1808895766735077;1.4373679161071777;0.3029029369354248;0.49962010979652405
122;10;2;2.0521446774455496;0.8399809015017112;0.9959742426872253;0.9952144622802734;0.10650962591171265;0.08934026956558228;0.30972257256507874;1.0494964122772217;0.27486079931259155;1.122674822807312
122;10;3;0.8376329553365105;0.8391194184397734;0.9959742426872253;0.9952144622802734;0.10650962591171265;0.08934026956558228;-0.22208015620708466;1.9185386896133423;1.3270633220672607;1.301669716835022
123;10;1;3.137583328845176;0.8336124480324445;0.9959742426872253;0.9952095150947571;0.1061718538403511;0.08932904154062271;0.18186740577220917;1.4376025199890137;0.303577721118927;0.49957308173179626
123;10;2;2.0584012778870706;0.8399809015017117;0.9959742426872253;0.9952095150947571;0.1061718538403511;0.08932904154062271;0.3098134398460388;1.0497952699661255;0.27523502707481384;1.1233830451965332
123;10;3;0.8355571650620215;0.8404987604115415;0.9959742426872253;0.9952095150947571;0.1061718538403511;0.08932904154062271;-0.2219403237104416;1.919238567352295;1.327458381652832;1.3022284507751465
124;10;1;3.141882099739229;0.8333869890268124;0.9959742426872253;0.9951995611190796;0.10588537901639938;0.08931944519281387;0.18285612761974335;1.4377882480621338;0.3041761815547943;0.49961787462234497
124;10;2;2.0604505146653818;0.8399809015017112;0.9959742426872253;0.9951995611190796;0.10588537901639938;0.08931944519281387;0.3099079430103302;1.0500614643096924;0.27560538053512573;1.1240586042404175
124;10;3;0.8359070805583473;0.8403091032439503;0.9959742426872253;0.9951995611190796;0.10588537901639938;0.08931944519281387;-0.2218017280101776;1.9198836088180542;1.3278347253799438;1.3027607202529907
125;10;1;3.1425926275940075;0.8326519005696253;0.9959742426872253;0.9952045679092407;0.10567397624254227;0.08931005001068115;0.18384653329849243;1.4379334449768066;0.3046932816505432;0.49974098801612854
125;10;2;2.0470281800679313;0.8427328106116283;0.9959742426872253;0.9952045679092407;0.10567397624254227;0.08931005001068115;0.3100050389766693;1.0502992868423462;0.27597305178642273;1.1246991157531738
125;10;3;0.8347034085950957;0.8409634656680485;0.9959742426872253;0.9952045679092407;0.10567397624254227;0.08931005001068115;-0.22166547179222107;1.9204788208007812;1.3281925916671753;1.3032667636871338
126;10;1;3.1395987995437276;0.8311043633782509;0.9959742426872253;0.9951897263526917;0.10554329305887222;0.08930077403783798;0.18484066426753998;1.4380475282669067;0.30516451597213745;0.4998893439769745
126;10;2;2.043921177264642;0.8426240809309045;0.9959742426872253;0.9951897263526917;0.10554329305887222;0.08930077403783798;0.3101053833961487;1.0505129098892212;0.2763429284095764;1.1252951622009277
126;10;3;0.8347034085950957;0.8409634656680485;0.9959742426872253;0.9951897263526917;0.10554329305887222;0.08930077403783798;-0.22153282165527344;1.9210294485092163;1.3285311460494995;1.3037456274032593
127;10;1;3.1536010930082474;0.831240459780016;0.9959742426872253;0.9952045679092407;0.10547363013029099;0.08928947895765305;0.18581894040107727;1.4381422996520996;0.3055877387523651;0.5000339150428772
127;10;2;2.046876364289443;0.842624080930904;0.9959742426872253;0.9952045679092407;0.10547363013029099;0.08928947895765305;0.3102060854434967;1.0507060289382935;0.2767156958580017;1.1258459091186523
127;10;3;0.8339630997318963;0.8408510870759489;0.9959742426872253;0.9952045679092407;0.10547363013029099;0.08928947895765305;-0.22140292823314667;1.9215396642684937;1.3288507461547852;1.3041975498199463
128;10;1;3.156359048728799;0.8329425407786326;0.9959742426872253;0.9952144622802734;0.10545565187931061;0.08928106725215912;0.1867632418870926;1.4382270574569702;0.30596277117729187;0.5001481175422668
128;10;2;2.032386992286689;0.8426631588006801;0.9959742426872253;0.9952144622802734;0.10545565187931061;0.08928106725215912;0.31030431389808655;1.050882339477539;0.27709174156188965;1.1263515949249268
128;10;3;0.8337536830703476;0.8409634656680485;0.9959742426872253;0.9952144622802734;0.10545565187931061;0.08928106725215912;-0.22127406299114227;1.922013282775879;1.3291521072387695;1.3046237230300903
129;10;1;3.158399032506895;0.832631041106449;0.9959742426872253;0.9952094554901123;0.10547509789466858;0.08927461504936218;0.18766140937805176;1.438309907913208;0.3062928020954132;0.5002074241638184
129;10;2;2.035268648028726;0.8432655904965474;0.9959742426872253;0.9952094554901123;0.10547509789466858;0.08927461504936218;0.3103984296321869;1.0510443449020386;0.2774718701839447;1.1268117427825928
129;10;3;0.8342931530729638;0.8421888097351613;0.9959742426872253;0.9952094554901123;0.10547509789466858;0.08927461504936218;-0.22114543616771698;1.9224536418914795;1.32943594455719;1.3050251007080078
130;10;1;3.1510822140419883;0.832965797621835;0.9959742426872253;0.9952095150947571;0.10551422089338303;0.0892680361866951;0.1885070949792862;1.4383971691131592;0.30658021569252014;0.5001962780952454
130;10;2;2.0325686728512498;0.8432655904965478;0.9959742426872253;0.9952095150947571;0.10551422089338303;0.0892680361866951;0.3104883134365082;1.051194429397583;0.27785706520080566;1.1272252798080444
130;10;3;0.8334626800261562;0.8419030311279907;0.9959742426872253;0.9952095150947571;0.10551422089338303;0.0892680361866951;-0.2210174798965454;1.9228641986846924;1.329702377319336;1.3054019212722778
131;10;1;3.152289321133681;0.8331327609606793;0.9959742426872253;0.9952094554901123;0.10555648803710938;0.08925969153642654;0.18930158019065857;1.438491940498352;0.3068266808986664;0.5001111626625061
131;10;2;2.0309469388881123;0.8439082843129166;0.9959742426872253;0.9952094554901123;0.10555648803710938;0.08925969153642654;0.31057506799697876;1.0513346195220947;0.27824831008911133;1.1275906562805176
131;10;3;0.8305598982788682;0.8370146931679958;0.9959742426872253;0.9952094554901123;0.10555648803710938;0.08925969153642654;-0.22089144587516785;1.9232476949691772;1.3299517631530762;1.3057546615600586
132;10;1;3.152290881739688;0.8349212503767198;0.9959742426872253;0.9951996207237244;0.1055908352136612;0.08924920111894608;0.190052792429924;1.4385930299758911;0.30703192949295044;0.4999644160270691
132;10;2;2.0336402413301675;0.8439455666155498;0.9959742426872253;0.9951996207237244;0.1055908352136612;0.08924920111894608;0.3106605112552643;1.051465630531311;0.27864575386047363;1.127909541130066
132;10;3;0.8314705544793277;0.8371508703782413;0.9959742426872253;0.9951996207237244;0.1055908352136612;0.08924920111894608;-0.22076880931854248;1.9236067533493042;1.3301849365234375;1.306084394454956
133;10;1;3.142168036179979;0.8350495957149162;0.9959742426872253;0.995169997215271;0.105614572763443;0.08923763781785965;0.19077353179454803;1.438696026802063;0.3071924149990082;0.4997847080230713
133;10;2;2.0342573614394857;0.8440542962962732;0.9959742426872253;0.995169997215271;0.105614572763443;0.08923763781785965;0.31074634194374084;1.0515878200531006;0.27904778718948364;1.128187656402588
133;10;3;0.8337536830703476;0.8409634656680485;0.9959742426872253;0.995169997215271;0.105614572763443;0.08923763781785965;-0.22065052390098572;1.9239431619644165;1.3304036855697632;1.3063937425613403
134;10;1;3.1442435977321095;0.8416858704664563;0.9959742426872253;0.9951847791671753;0.10563459247350693;0.08922635018825531;0.19147849082946777;1.4387935400009155;0.30730313062667847;0.49960950016975403
134;10;2;2.034408574180558;0.8417550790021844;0.9959742426872253;0.9951847791671753;0.10563459247350693;0.08922635018825531;0.31083375215530396;1.051700472831726;0.27945172786712646;1.1284343004226685
134;10;3;0.8337536830703476;0.8409634656680485;0.9959742426872253;0.9951847791671753;0.10563459247350693;0.08922635018825531;-0.22053663432598114;1.9242585897445679;1.3306103944778442;1.3066860437393188
135;10;1;3.1429871422993987;0.8418305666637256;0.9959742426872253;0.9951897859573364;0.10566255450248718;0.08921602368354797;0.19218115508556366;1.4388787746429443;0.3073611259460449;0.4994712471961975
135;10;2;2.031999498854063;0.8401299744342574;0.9959742426872253;0.9951897859573364;0.10566255450248718;0.08921602368354797;0.3109237253665924;1.0518031120300293;0.27985548973083496;1.1286585330963135
135;10;3;0.8337536830703476;0.8409634656680485;0.9959742426872253;0.9951897859573364;0.10566255450248718;0.08921602368354797;-0.2204267978668213;1.9245543479919434;1.3308075666427612;1.3069648742675781
136;10;1;3.1430626734728353;0.8418551824987501;0.9959742426872253;0.9951847791671753;0.10570962727069855;0.08920644223690033;0.19289208948612213;1.438947081565857;0.3073667883872986;0.49939075112342834
136;10;2;2.0361551006305776;0.8400507940925914;0.9959742426872253;0.9951847791671753;0.10570962727069855;0.08920644223690033;0.31101682782173157;1.0518953800201416;0.2802574634552002;1.1288669109344482
136;10;3;0.8339630997318963;0.8408510870759489;0.9959742426872253;0.9951847791671753;0.10570962727069855;0.08920644223690033;-0.22032086551189423;1.9248322248458862;1.330997109413147;1.3072329759597778
137;10;1;3.145082124339903;0.841855182498751;0.9959742426872253;0.9951897263526917;0.1057831346988678;0.08919688314199448;0.1936168521642685;1.4389972686767578;0.30732402205467224;0.49937278032302856
137;10;2;2.0409622939152428;0.8399716583534209;0.9959742426872253;0.9951897263526917;0.1057831346988678;0.08919688314199448;0.31111329793930054;1.0519778728485107;0.2806571125984192;1.1290630102157593
137;10;3;0.8339630997318963;0.8408510870759489;0.9959742426872253;0.9951897263526917;0.1057831346988678;0.08919688314199448;-0.22021842002868652;1.9250932931900024;1.331180214881897;1.3074918985366821
138;10;1;3.142075554645828;0.8414484928403976;0.9959742426872253;0.9951897263526917;0.10588446259498596;0.089186891913414;0.19435617327690125;1.4390310049057007;0.30724045634269714;0.4994068145751953
138;10;2;2.0311420962595452;0.83997165835342;0.9959742426872253;0.9951897263526917;0.10588446259498596;0.089186891913414;0.3112128674983978;1.0520516633987427;0.28105467557907104;1.1292470693588257
138;10;3;0.8337536830703476;0.8409634656680485;0.9959742426872253;0.9951897263526917;0.10588446259498596;0.089186891913414;-0.2201194018125534;1.9253393411636353;1.3313571214675903;1.3077421188354492
139;10;1;3.1451723507594673;0.8425912091590906;0.9959742426872253;0.9951995611190796;0.10600892454385757;0.08917669206857681;0.195106640458107;1.439052700996399;0.30712586641311646;0.49947166442871094
139;10;2;2.0355699273188126;0.83997165835342;0.9959742426872253;0.9951995611190796;0.10600892454385757;0.08917669206857681;0.31131482124328613;1.052117943763733;0.281451016664505;1.1294175386428833
139;10;3;0.8337536830703476;0.8409634656680485;0.9959742426872253;0.9951995611190796;0.10600892454385757;0.08917669206857681;-0.22002336382865906;1.9255720376968384;1.3315279483795166;1.3079837560653687
140;10;1;3.139511700056473;0.8425912091590906;0.9959742426872253;0.9952045679092407;0.106147401034832;0.08916690945625305;0.195862278342247;1.4390671253204346;0.30699068307876587;0.49954304099082947
140;10;2;2.036186826217657;0.8399716583534205;0.9959742426872253;0.9952045679092407;0.106147401034832;0.08916690945625305;0.31141775846481323;1.0521787405014038;0.2818464934825897;1.1295737028121948
140;10;3;0.8337536830703476;0.8409634656680485;0.9959742426872253;0.9952045679092407;0.106147401034832;0.08916690945625305;-0.21992945671081543;1.925792932510376;1.3316925764083862;1.3082164525985718
141;10;1;3.140703407455705;0.8408690250464561;0.9959742426872253;0.9952094554901123;0.10628878325223923;0.0891580581665039;0.1966165155172348;1.439078450202942;0.3068445920944214;0.49959796667099
141;10;2;2.036186826217657;0.8399716583534205;0.9959742426872253;0.9952094554901123;0.10628878325223923;0.0891580581665039;0.3115202784538269;1.0522347688674927;0.2822415828704834;1.1297152042388916
141;10;3;0.8337536830703476;0.8409634656680485;0.9959742426872253;0.9952094554901123;0.10628878325223923;0.0891580581665039;-0.21983644366264343;1.926003336906433;1.3318511247634888;1.3084406852722168
142;10;1;3.1453021120824367;0.8409394533015426;0.9959742426872253;0.9951995611190796;0.10642148554325104;0.08915019035339355;0.1973639279603958;1.4390898942947388;0.30669552087783813;0.4996200203895569
142;10;2;2.042696535772273;0.8382647103293293;0.9959742426872253;0.9951995611190796;0.10642148554325104;0.08915019035339355;0.3116208612918854;1.052287220954895;0.28263598680496216;1.1298433542251587
142;10;3;0.8334037675740209;0.8408144495799266;0.9959742426872253;0.9951995611190796;0.10642148554325104;0.08915019035339355;-0.21974310278892517;1.9262043237686157;1.3320040702819824;1.3086570501327515
143;10;1;3.146088753165646;0.8432898510126066;0.9959742426872253;0.9952045679092407;0.10653571784496307;0.08914294093847275;0.19810156524181366;1.4391027688980103;0.306549608707428;0.4995993673801422
143;10;2;2.0433299897818333;0.8382647103293293;0.9959742426872253;0.9952045679092407;0.10653571784496307;0.08914294093847275;0.31171858310699463;1.052336573600769;0.2830294072628021;1.1299597024917603
143;10;3;0.8334037675740209;0.8408144495799266;0.9959742426872253;0.9952045679092407;0.10653571784496307;0.08914294093847275;-0.2196483612060547;1.9263966083526611;1.332152009010315;1.308866262435913
144;10;1;3.1500737135989247;0.843335661261154;0.9959742426872253;0.995219349861145;0.10662448406219482;0.08913572132587433;0.19882945716381073;1.4391177892684937;0.30641111731529236;0.4995337426662445
144;10;2;2.0490486783513484;0.8450871053154128;0.9959742426872253;0.995219349861145;0.10662448406219482;0.08913572132587433;0.3118132948875427;1.0523830652236938;0.28342166543006897;1.130066156387329
144;10;3;0.8370239469535541;0.8401682174936767;0.9959742426872253;0.995219349861145;0.10662448406219482;0.08913572132587433;-0.21955184638500214;1.9265815019607544;1.332295536994934;1.309069275856018
145;10;1;3.1442753371416874;0.8435002515401981;0.9959742426872253;0.995219349861145;0.10668421536684036;0.08912824839353561;0.1995505690574646;1.4391334056854248;0.30628228187561035;0.49942806363105774
145;10;2;2.0538601385030644;0.8450871053154123;0.9959742426872253;0.995219349861145;0.10668421536684036;0.08912824839353561;0.3119054436683655;1.052426815032959;0.2838124632835388;1.1301645040512085
145;10;3;0.8370239469535541;0.8401682174936767;0.9959742426872253;0.995219349861145;0.10668421536684036;0.08912824839353561;-0.2194536179304123;1.926759123802185;1.3324352502822876;1.3092668056488037
146;10;1;3.144672822916144;0.8434858099530418;0.9959742426872253;0.9952144622802734;0.10671526938676834;0.08912064880132675;0.20026998221874237;1.4391473531723022;0.3061634600162506;0.4992937445640564
146;10;2;2.0505828706462648;0.8457649894562613;0.9959742426872253;0.9952144622802734;0.10671526938676834;0.08912064880132675;0.31199565529823303;1.052467703819275;0.2842010259628296;1.1302573680877686
146;10;3;0.8370239469535541;0.8401682174936767;0.9959742426872253;0.9952144622802734;0.10671526938676834;0.08912064880132675;-0.2193540334701538;1.9269300699234009;1.3325718641281128;1.3094600439071655
147;10;1;3.154674894895294;0.8490697033435408;0.9959742426872253;0.995219349861145;0.10672185570001602;0.08911313861608505;0.2009935826063156;1.4391565322875977;0.30605363845825195;0.4991456866264343
147;10;2;2.0555170777521967;0.8456835582267597;0.9959742426872253;0.995219349861145;0.10672185570001602;0.08911313861608505;0.3120849132537842;1.0525052547454834;0.2845868468284607;1.1303472518920898
147;10;3;0.8370239469535541;0.8401682174936767;0.9959742426872253;0.995219349861145;0.10672185570001602;0.08911313861608505;-0.2192535400390625;1.9270952939987183;1.332706093788147;1.3096498250961304
148;10;1;3.1551948556711142;0.8492499914346059;0.9959742426872253;0.995219349861145;0.10671048611402512;0.08910589665174484;0.20172682404518127;1.4391577243804932;0.3059508502483368;0.4989997446537018
148;10;2;2.0546199269265895;0.8456835582267592;0.9959742426872253;0.995219349861145;0.10671048611402512;0.08910589665174484;0.31217390298843384;1.0525391101837158;0.2849692702293396;1.1304373741149902
148;10;3;0.8334037675740209;0.8408144495799266;0.9959742426872253;0.995219349861145;0.10671048611402512;0.08910589665174484;-0.21915242075920105;1.9272546768188477;1.332838773727417;1.3098374605178833
149;10;1;3.1530269373347384;0.8560502007217412;0.9959742426872253;0.9952144026756287;0.1066889762878418;0.08909890055656433;0.202473446726799;1.4391483068466187;0.305853009223938;0.4988694489002228
149;10;2;2.0546619571218354;0.8461835690718154;0.9959742426872253;0.9952144026756287;0.1066889762878418;0.08909890055656433;0.312263160943985;1.0525689125061035;0.2853474020957947;1.1305309534072876
149;10;3;0.8334037675740209;0.8408144495799266;0.9959742426872253;0.9952144026756287;0.1066889762878418;0.08909890055656433;-0.21905073523521423;1.9274086952209473;1.3329707384109497;1.3100241422653198
150;10;1;3.1546975533610286;0.8518459253426593;0.9959742426872253;0.9952144622802734;0.10666476935148239;0.08909191936254501;0.20323467254638672;1.4391270875930786;0.3057587146759033;0.49876248836517334
150;10;2;2.0514259855241104;0.8461421576967467;0.9959742426872253;0.9952144622802734;0.10666476935148239;0.08909191936254501;0.3123527765274048;1.052594542503357;0.2857208847999573;1.1306297779083252
150;10;3;0.8334037675740209;0.8408144495799266;0.9959742426872253;0.9952144622802734;0.10666476935148239;0.08909191936254501;-0.2189483642578125;1.9275579452514648;1.3331025838851929;1.3102105855941772
151;10;1;3.1512659408451835;0.8531184220401347;0.9959742426872253;0.9952292442321777;0.10664340853691101;0.08908480405807495;0.20400920510292053;1.4390946626663208;0.3056677281856537;0.49867919087409973
151;10;2;2.0511299979317803;0.8445007136592899;0.9959742426872253;0.9952292442321777;0.10664340853691101;0.08908480405807495;0.3124425411224365;1.0526164770126343;0.2860897481441498;1.1307344436645508
151;10;3;0.8334037675740209;0.8408144495799266;0.9959742426872253;0.9952292442321777;0.10664340853691101;0.08908480405807495;-0.21884533762931824;1.92770254611969;1.3332345485687256;1.3103971481323242
152;10;1;3.1505029733214194;0.8530045183205823;0.9959742426872253;0.995219349861145;0.10662751644849777;0.08907753974199295;0.20479349792003632;1.439052700996399;0.3055804371833801;0.4986153841018677
152;10;2;2.0511299979317803;0.8445007136592899;0.9959742426872253;0.995219349861145;0.10662751644849777;0.08907753974199295;0.3125320374965668;1.0526350736618042;0.2864536941051483;1.1308443546295166
152;10;3;0.8334037675740209;0.8408144495799266;0.9959742426872253;0.995219349861145;0.10662751644849777;0.08907753974199295;-0.21874165534973145;1.9278429746627808;1.3333663940429688;1.3105837106704712
153;10;1;3.154823104575441;0.8498548706904909;0.9959742426872253;0.9952095150947571;0.10661759972572327;0.08907026797533035;0.20558233559131622;1.4390045404434204;0.30549898743629456;0.4985581338405609
153;10;2;2.0518578001896186;0.8445007136592899;0.9959742426872253;0.9952095150947571;0.10661759972572327;0.08907026797533035;0.31262093782424927;1.0526515245437622;0.2868138551712036;1.1309564113616943
153;10;3;0.8334037675740209;0.8408144495799266;0.9959742426872253;0.9952095150947571;0.10661759972572327;0.08907026797533035;-0.2186376303434372;1.9279803037643433;1.333497405052185;1.310768961906433
154;10;1;3.1578158406019394;0.8488773846287074;0.9959742426872253;0.9952094554901123;0.10661016404628754;0.08906316012144089;0.20636987686157227;1.43895423412323;0.305425763130188;0.4984931945800781
154;10;2;2.0531067170458295;0.8445398149632002;0.9959742426872253;0.9952094554901123;0.10661016404628754;0.08906316012144089;0.3127090036869049;1.0526666641235352;0.287171334028244;1.1310675144195557
154;10;3;0.8370239469535541;0.8401682174936767;0.9959742426872253;0.9952094554901123;0.10661016404628754;0.08906316012144089;-0.21853360533714294;1.9281150102615356;1.3336269855499268;1.3109521865844727
155;10;1;3.152473600685658;0.8488401023260757;0.9959742426872253;0.9952194094657898;0.10660067945718765;0.0890563428401947;0.2071511298418045;1.4389046430587769;0.3053625524044037;0.49840953946113586
155;10;2;2.0466253751007084;0.8453150401216796;0.9959742426872253;0.9952194094657898;0.10660067945718765;0.0890563428401947;0.3127957880496979;1.0526812076568604;0.2875269055366516;1.1311752796173096
155;10;3;0.8370239469535541;0.8401682174936767;0.9959742426872253;0.9952194094657898;0.10660067945718765;0.0890563428401947;-0.21842949092388153;1.9282472133636475;1.3337547779083252;1.3111329078674316
156;10;1;3.1526590370057033;0.8488266316255988;0.9959742426872253;0.9952194094657898;0.10658574849367142;0.08904974907636642;0.20792202651500702;1.4388576745986938;0.3053089678287506;0.4983026087284088
156;10;2;2.041461242254327;0.8459573680345076;0.9959742426872253;0.9952194094657898;0.10658574849367142;0.08904974907636642;0.3128806948661804;1.052695631980896;0.28788062930107117;1.1312798261642456
156;10;3;0.8370239469535541;0.8401682174936767;0.9959742426872253;0.9952194094657898;0.10658574849367142;0.08904974907636642;-0.21832510828971863;1.9283777475357056;1.3338806629180908;1.3113110065460205
157;10;1;3.156742057590737;0.848712034456323;0.9959742426872253;0.9952194094657898;0.10656416416168213;0.08904331177473068;0.20868025720119476;1.4388136863708496;0.30526378750801086;0.4981730580329895
157;10;2;2.0421065294678984;0.8460385540001463;0.9959742426872253;0.9952194094657898;0.10656416416168213;0.08904331177473068;0.31296345591545105;1.052709937095642;0.2882325351238251;1.1313812732696533
157;10;3;0.8370239469535541;0.8401682174936767;0.9959742426872253;0.9952194094657898;0.10656416416168213;0.08904331177473068;-0.2182202786207199;1.9285064935684204;1.3340048789978027;1.3114866018295288
158;10;1;3.1606313199634197;0.8485889558206345;0.9959742426872253;0.9952243566513062;0.10653682798147202;0.08903692662715912;0.20942537486553192;1.438772439956665;0.30522504448890686;0.49802514910697937
158;10;2;2.0421065294678984;0.8460385540001463;0.9959742426872253;0.9952243566513062;0.10653682798147202;0.08903692662715912;0.3130442500114441;1.0527243614196777;0.2885825037956238;1.1314806938171387
158;10;3;0.8370239469535541;0.8401682174936767;0.9959742426872253;0.9952243566513062;0.10653682798147202;0.08903692662715912;-0.21811489760875702;1.9286335706710815;1.33412766456604;1.3116602897644043
159;10;1;3.1603240024322714;0.8488184669861036;0.9959742426872253;0.9952292442321777;0.10650590807199478;0.08903057128190994;0.2101585417985916;1.4387331008911133;0.30519065260887146;0.49786537885665894
159;10;2;2.046945382481826;0.8459607888605079;0.9959742426872253;0.9952292442321777;0.10650590807199478;0.08903057128190994;0.31312334537506104;1.0527386665344238;0.28893041610717773;1.1315785646438599
159;10;3;0.8370239469535541;0.8401682174936767;0.9959742426872253;0.9952292442321777;0.10650590807199478;0.08903057128190994;-0.2180093228816986;1.9287593364715576;1.3342491388320923;1.311832070350647
160;10;1;3.1605340332962353;0.8483898801241789;0.9959742426872253;0.9952292442321777;0.10647439956665039;0.0890243723988533;0.21088187396526337;1.4386944770812988;0.3051583766937256;0.4977010190486908
160;10;2;2.0456852435556945;0.8460029777962705;0.9959742426872253;0.9952292442321777;0.10647439956665039;0.0890243723988533;0.31320151686668396;1.0527526140213013;0.28927645087242126;1.131675124168396
160;10;3;0.8370239469535541;0.8401682174936767;0.9959742426872253;0.9952292442321777;0.10647439956665039;0.0890243723988533;-0.21790409088134766;1.9288840293884277;1.3343695402145386;1.3120023012161255
161;10;1;3.166761097075801;0.8485992967857285;0.9959742426872253;0.9952341914176941;0.10644545406103134;0.0890183299779892;0.2115977257490158;1.4386557340621948;0.3051261901855469;0.49753937125205994
161;10;2;2.0456852435556945;0.8460029777962705;0.9959742426872253;0.9952341914176941;0.10644545406103134;0.0890183299779892;0.3132793605327606;1.0527663230895996;0.28962060809135437;1.1317706108093262
161;10;3;0.837297500504258;0.8402408716361762;0.9959742426872253;0.9952341914176941;0.10644545406103134;0.0890183299779892;-0.21779978275299072;1.9290075302124023;1.334488868713379;1.3121711015701294
162;10;1;3.1655134575249573;0.8444255237425917;0.9959742426872253;0.9952391386032104;0.10642203688621521;0.08901248872280121;0.21230807900428772;1.4386154413223267;0.3050921857357025;0.4973873794078827
162;10;2;2.0456852435556945;0.8460029777962705;0.9959742426872253;0.9952391386032104;0.10642203688621521;0.08901248872280121;0.3133573830127716;1.0527795553207397;0.28996264934539795;1.1318657398223877
162;10;3;0.837297500504258;0.8402408716361762;0.9959742426872253;0.9952391386032104;0.10642203688621521;0.08901248872280121;-0.2176966369152069;1.9291300773620605;1.3346073627471924;1.3123385906219482
163;10;1;3.168943749249406;0.8445324693432035;0.9959742426872253;0.9952391386032104;0.10640696436166763;0.08900678157806396;0.21301399171352386;1.438572645187378;0.30505478382110596;0.49725040793418884
163;10;2;2.0443989461939935;0.8460029777962723;0.9959742426872253;0.9952391386032104;0.10640696436166763;0.08900678157806396;0.31343576312065125;1.0527920722961426;0.2903025150299072;1.1319612264633179
163;10;3;0.8374340286684463;0.8401702017159933;0.9959742426872253;0.9952391386032104;0.10640696436166763;0.08900678157806396;-0.21759478747844696;1.929251790046692;1.3347251415252686;1.3125052452087402
164;10;1;3.175748646340713;0.8395059120355954;0.9959742426872253;0.9952440857887268;0.1064024269580841;0.0890011265873909;0.2137153595685959;1.438527226448059;0.3050127625465393;0.49713167548179626
164;10;2;2.0468678496134833;0.8460029777962714;0.9959742426872253;0.9952440857887268;0.1064024269580841;0.0890011265873909;0.3135143518447876;1.0528039932250977;0.2906397581100464;1.1320583820343018
164;10;3;0.8374340286684463;0.8401702017159933;0.9959742426872253;0.9952440857887268;0.1064024269580841;0.0890011265873909;-0.217493936419487;1.9293723106384277;1.334842562675476;1.3126713037490845
165;10;1;3.1764371938651577;0.8399577875143747;0.9959742426872253;0.9952440857887268;0.10640951246023178;0.08899550139904022;0.21441130340099335;1.4384795427322388;0.3049662113189697;0.49702969193458557
165;10;2;2.0468678496134833;0.846002977796271;0.9959742426872253;0.9952440857887268;0.10640951246023178;0.08899550139904022;0.3135930597782135;1.052815318107605;0.29097461700439453;1.1321567296981812
165;10;3;0.8374340286684463;0.8401702017159933;0.9959742426872253;0.9952440857887268;0.10640951246023178;0.08899550139904022;-0.21739403903484344;1.9294923543930054;1.334959626197815;1.3128368854522705
166;10;1;3.175232896543771;0.8399196189753217;0.9959742426872253;0.9952440857887268;0.10642731189727783;0.08898990601301193;0.21510004997253418;1.4384307861328125;0.30491629242897034;0.4969393014907837
166;10;2;2.0476908978341397;0.8444618564997892;0.9959742426872253;0.9952440857887268;0.10642731189727783;0.08898990601301193;0.31367167830467224;1.0528264045715332;0.29130738973617554;1.1322557926177979
166;10;3;0.8374340286684463;0.8401702017159933;0.9959742426872253;0.9952440857887268;0.10642731189727783;0.08898990601301193;-0.21729505062103271;1.9296119213104248;1.3350762128829956;1.3130017518997192
167;10;1;3.1712397956978773;0.8407609535873446;0.9959742426872253;0.9952440857887268;0.10645322501659393;0.08898439258337021;0.215779647231102;1.4383823871612549;0.3048644959926605;0.49685338139533997
167;10;2;2.0476908978341397;0.8444618564997892;0.9959742426872253;0.9952440857887268;0.10645322501659393;0.08898439258337021;0.3137500286102295;1.0528374910354614;0.2916385531425476;1.1323540210723877
167;10;3;0.8379066878943249;0.8413287350063676;0.9959742426872253;0.9952440857887268;0.10645322501659393;0.08898439258337021;-0.21719691157341003;1.9297308921813965;1.3351919651031494;1.3131654262542725
168;10;1;3.1789206015531875;0.8395636519220124;0.9959742426872253;0.9952539205551147;0.10648371279239655;0.08897900581359863;0.21644823253154755;1.4383361339569092;0.30481240153312683;0.4967663586139679
168;10;2;2.048612605606924;0.8444618564997883;0.9959742426872253;0.9952539205551147;0.10648371279239655;0.08897900581359863;0.3138277232646942;1.0528490543365479;0.2919681668281555;1.1324504613876343
168;10;3;0.8379066878943249;0.8413287350063676;0.9959742426872253;0.9952539205551147;0.10648371279239655;0.08897900581359863;-0.21709959208965302;1.9298497438430786;1.3353066444396973;1.3133275508880615
169;10;1;3.1808465440783955;0.8395390843555584;0.9959742426872253;0.9952638149261475;0.10651584714651108;0.08897369354963303;0.21710439026355743;1.4382925033569336;0.30476170778274536;0.4966732859611511
169;10;2;2.0500642671107014;0.8445051859511628;0.9959742426872253;0.9952638149261475;0.10651584714651108;0.08897369354963303;0.31390467286109924;1.0528615713119507;0.29229649901390076;1.1325441598892212
169;10;3;0.8379066878943249;0.8413287350063676;0.9959742426872253;0.9952638149261475;0.10651584714651108;0.08897369354963303;-0.21700307726860046;1.9299687147140503;1.33542001247406;1.3134878873825073
170;10;1;3.18827880186409;0.8382858769231367;0.9959742426872253;0.9952638745307922;0.10654691606760025;0.08896851539611816;0.2177477926015854;1.4382524490356445;0.3047132194042206;0.4965715706348419
170;10;2;2.0483619559810755;0.8431786123564153;0.9959742426872253;0.9952638745307922;0.10654691606760025;0.08896851539611816;0.3139808177947998;1.0528748035430908;0.2926238477230072;1.1326348781585693
170;10;3;0.8385432997890776;0.8402482072663995;0.9959742426872253;0.9952638745307922;0.10654691606760025;0.08896851539611816;-0.21690726280212402;1.9300875663757324;1.3355320692062378;1.3136463165283203
171;10;1;3.190226343727785;0.8389822459021081;0.9959742426872253;0.9952638745307922;0.10657519847154617;0.08896338939666748;0.2183784544467926;1.4382156133651733;0.30466535687446594;0.49646303057670593
171;10;2;2.050719850509207;0.8431786123564158;0.9959742426872253;0.9952638745307922;0.10657519847154617;0.08896338939666748;0.31405603885650635;1.0528888702392578;0.2929500341415405;1.1327232122421265
171;10;3;0.8385432997890776;0.8402482072663995;0.9959742426872253;0.9952638745307922;0.10657519847154617;0.08896338939666748;-0.21681198477745056;1.9302066564559937;1.33564293384552;1.3138031959533691
172;10;1;3.190386422862117;0.8397218239756903;0.9959742426872253;0.9952638149261475;0.10660039633512497;0.08895835280418396;0.21899782121181488;1.4381814002990723;0.3046180307865143;0.49635010957717896
172;10;2;2.050180277845291;0.8438845006323614;0.9959742426872253;0.9952638149261475;0.10660039633512497;0.08895835280418396;0.31413042545318604;1.052903652191162;0.29327476024627686;1.1328097581863403
172;10;3;0.8385432997890776;0.8402482072663995;0.9959742426872253;0.9952638149261475;0.10660039633512497;0.08895835280418396;-0.21671724319458008;1.9303257465362549;1.3357528448104858;1.3139585256576538
173;10;1;3.1922798701317507;0.8424047342257879;0.9959742426872253;0.9952638149261475;0.1066233217716217;0.08895338326692581;0.21960799396038055;1.4381489753723145;0.30457115173339844;0.4962356984615326
173;10;2;2.050180277845291;0.8438845006323614;0.9959742426872253;0.9952638149261475;0.1066233217716217;0.08895338326692581;0.3142041862010956;1.0529190301895142;0.2935980558395386;1.1328949928283691
173;10;3;0.8385432997890776;0.8402482072663995;0.9959742426872253;0.9952638149261475;0.1066233217716217;0.08895338326692581;-0.21662311255931854;1.9304451942443848;1.3358619213104248;1.314112901687622
174;10;1;3.191539953257479;0.842285735921461;0.9959742426872253;0.9952588677406311;0.10664471983909607;0.08894850313663483;0.22021101415157318;1.4381173849105835;0.30452457070350647;0.4961231052875519
174;10;2;2.04791131861621;0.8438845006323619;0.9959742426872253;0.9952588677406311;0.10664471983909607;0.08894850313663483;0.31427767872810364;1.0529348850250244;0.29391974210739136;1.1329796314239502
174;10;3;0.8385432997890776;0.8402482072663995;0.9959742426872253;0.9952588677406311;0.10664471983909607;0.08894850313663483;-0.2165296971797943;1.9305646419525146;1.335970163345337;1.3142659664154053
175;10;1;3.191539953257479;0.842285735921461;0.9959742426872253;0.9952638149261475;0.10666564851999283;0.0889437198638916;0.2208089381456375;1.4380857944488525;0.3044780194759369;0.4960155785083771
175;10;2;2.04791131861621;0.8438845006323619;0.9959742426872253;0.9952638149261475;0.10666564851999283;0.0889437198638916;0.3143511712551117;1.0529508590698242;0.29423975944519043;1.1330640316009521
175;10;3;0.8385432997890776;0.8402482072663995;0.9959742426872253;0.9952638149261475;0.10666564851999283;0.0889437198638916;-0.21643710136413574;1.930684208869934;1.3360779285430908;1.3144183158874512
176;10;1;3.1974070698275847;0.8383700071273248;0.9959742426872253;0.9952638149261475;0.106687031686306;0.08893905580043793;0.2214033156633377;1.4380531311035156;0.30443087220191956;0.49591687321662903
176;10;2;2.050011303816289;0.843884500632361;0.9959742426872253;0.9952638149261475;0.106687031686306;0.08893905580043793;0.314424604177475;1.052966833114624;0.29455769062042236;1.1331491470336914
176;10;3;0.8386388634828972;0.8409290926263555;0.9959742426872253;0.9952638149261475;0.106687031686306;0.08893905580043793;-0.2163451910018921;1.930803894996643;1.336185336112976;1.3145701885223389
177;10;1;3.1980704037630403;0.8378253126876878;0.9959742426872253;0.9952638745307922;0.10671037435531616;0.08893444389104843;0.22199495136737823;1.4380192756652832;0.3043832778930664;0.49582794308662415
177;10;2;2.050011303816289;0.843884500632361;0.9959742426872253;0.9952638745307922;0.10671037435531616;0.08893444389104843;0.31449809670448303;1.0529829263687134;0.2948734164237976;1.1332356929779053
177;10;3;0.8386388634828972;0.8409290926263555;0.9959742426872253;0.9952638745307922;0.10671037435531616;0.08893444389104843;-0.21625396609306335;1.9309237003326416;1.3362923860549927;1.3147215843200684
178;10;1;3.2068004885516412;0.837792045848885;0.9959742426872253;0.9952687621116638;0.10673552006483078;0.0889299213886261;0.22258400917053223;1.4379843473434448;0.30433574318885803;0.4957478642463684
178;10;2;2.050011303816289;0.843884500632361;0.9959742426872253;0.9952687621116638;0.10673552006483078;0.0889299213886261;0.31457167863845825;1.0529991388320923;0.2951871156692505;1.1333234310150146
178;10;3;0.8423548277500927;0.840234959875505;0.9959742426872253;0.9952687621116638;0.10673552006483078;0.0889299213886261;-0.2161632776260376;1.9310435056686401;1.3363993167877197;1.3148728609085083
179;10;1;3.209711068727522;0.8370523694492;0.9959742426872253;0.9952737092971802;0.10676176846027374;0.08892547339200974;0.22316999733448029;1.4379481077194214;0.3042888641357422;0.4956746995449066
179;10;2;2.050011303816289;0.843884500632361;0.9959742426872253;0.9952737092971802;0.10676176846027374;0.08892547339200974;0.31464508175849915;1.0530153512954712;0.2954986095428467;1.1334123611450195
179;10;3;0.8423548277500927;0.840234959875505;0.9959742426872253;0.9952737092971802;0.10676176846027374;0.08892547339200974;-0.21607303619384766;1.9311635494232178;1.3365058898925781;1.3150235414505005
180;10;1;3.215461393701691;0.8373837441058205;0.9959742426872253;0.9952785968780518;0.10678792744874954;0.08892108500003815;0.22375129163265228;1.437912106513977;0.30424031615257263;0.495606392621994
180;10;2;2.050011303816289;0.843884500632361;0.9959742426872253;0.9952785968780518;0.10678792744874954;0.08892108500003815;0.3147183060646057;1.0530318021774292;0.29580819606781006;1.1335018873214722
180;10;3;0.8423548277500927;0.840234959875505;0.9959742426872253;0.9952785968780518;0.10678792744874954;0.08892108500003815;-0.21598319709300995;1.9312835931777954;1.3366121053695679;1.3151737451553345
181;10;1;3.2180596730556292;0.8365656453464414;0.9959742426872253;0.9952737092971802;0.10681360214948654;0.08891681581735611;0.22432708740234375;1.4378772974014282;0.3041916787624359;0.49553775787353516
181;10;2;2.0543612377504186;0.8423253510331881;0.9959742426872253;0.9952737092971802;0.10681360214948654;0.08891681581735611;0.31479132175445557;1.0530487298965454;0.29611629247665405;1.1335906982421875
181;10;3;0.8423548277500927;0.840234959875505;0.9959742426872253;0.9952737092971802;0.10681360214948654;0.08891681581735611;-0.21589398384094238;1.9314042329788208;1.3367177248001099;1.3153231143951416
182;10;1;3.2136647973006367;0.8357803732605742;0.9959742426872253;0.9952687621116638;0.10683649033308029;0.08891262859106064;0.22489677369594574;1.4378443956375122;0.3041445314884186;0.49546489119529724
182;10;2;2.0543612377504186;0.8423253510331881;0.9959742426872253;0.9952687621116638;0.10683649033308029;0.08891262859106064;0.3148641288280487;1.0530662536621094;0.2964233160018921;1.1336777210235596
182;10;3;0.8423548277500927;0.840234959875505;0.9959742426872253;0.9952687621116638;0.10683649033308029;0.08891262859106064;-0.21580550074577332;1.9315252304077148;1.3368223905563354;1.3154711723327637
183;10;1;3.2148482108196896;0.8355003406788288;0.9959742426872253;0.9952687621116638;0.10685472935438156;0.08890850841999054;0.22546009719371796;1.4378138780593872;0.3040996491909027;0.4953858554363251
183;10;2;2.0591817163495927;0.8423253510331881;0.9959742426872253;0.9952687621116638;0.10685472935438156;0.08890850841999054;0.3149368464946747;1.0530846118927002;0.2967293858528137;1.1337625980377197
183;10;3;0.8423548277500927;0.840234959875505;0.9959742426872253;0.9952687621116638;0.10685472935438156;0.08890850841999054;-0.21571776270866394;1.9316465854644775;1.3369261026382446;1.3156177997589111
184;10;1;3.223232439252641;0.8348976788787263;0.9959742426872253;0.9952687621116638;0.10686767101287842;0.08890445530414581;0.22601766884326935;1.437785029411316;0.3040575087070465;0.495301216840744
184;10;2;2.0591817163495927;0.8423253510331881;0.9959742426872253;0.9952687621116638;0.10686767101287842;0.08890445530414581;0.31500929594039917;1.0531036853790283;0.29703447222709656;1.1338458061218262
184;10;3;0.8423548277500927;0.840234959875505;0.9959742426872253;0.9952687621116638;0.10686767101287842;0.08890445530414581;-0.21563053131103516;1.9317682981491089;1.337028980255127;1.3157633543014526
185;10;1;3.224152182622303;0.8330722479922708;0.9959742426872253;0.9952737092971802;0.10687590390443802;0.08890045434236526;0.22656993567943573;1.4377576112747192;0.30401745438575745;0.4952140748500824
185;10;2;2.0591817163495927;0.8423253510331881;0.9959742426872253;0.9952737092971802;0.10687590390443802;0.08890045434236526;0.31508129835128784;1.0531229972839355;0.2973381280899048;1.133928656578064
185;10;3;0.8423548277500927;0.840234959875505;0.9959742426872253;0.9952737092971802;0.10687590390443802;0.08890045434236526;-0.21554355323314667;1.9318903684616089;1.3371312618255615;1.3159079551696777
186;10;1;3.2252396845406412;0.8333016815889058;0.9959742426872253;0.9952687621116638;0.10688121616840363;0.08889652043581009;0.22711753845214844;1.4377301931381226;0.30397874116897583;0.4951276183128357
186;10;2;2.0591817163495927;0.8423253510331881;0.9959742426872253;0.9952687621116638;0.10688121616840363;0.08889652043581009;0.3151528835296631;1.0531426668167114;0.2976401448249817;1.1340123414993286
186;10;3;0.8423548277500927;0.840234959875505;0.9959742426872253;0.9952687621116638;0.10688121616840363;0.08889652043581009;-0.21545657515525818;1.9320125579833984;1.337233304977417;1.3160523176193237
187;10;1;3.2252396845406412;0.8333016815889058;0.9959742426872253;0.9952737092971802;0.10688547790050507;0.08889266103506088;0.2276608794927597;1.4377027750015259;0.3039413392543793;0.4950442612171173
187;10;2;2.0591817163495927;0.8423253510331881;0.9959742426872253;0.9952737092971802;0.10688547790050507;0.08889266103506088;0.3152240514755249;1.0531624555587769;0.2979404330253601;1.1340970993041992
187;10;3;0.8423548277500927;0.840234959875505;0.9959742426872253;0.9952737092971802;0.10688547790050507;0.08889266103506088;-0.21536967158317566;1.9321351051330566;1.337335228919983;1.3161964416503906
188;10;1;3.2272995401432727;0.834770830766435;0.9959742426872253;0.9952687621116638;0.10689018666744232;0.08888887614011765;0.2282005101442337;1.4376752376556396;0.30390533804893494;0.4949643313884735
188;10;2;2.0591817163495927;0.8423253510331881;0.9959742426872253;0.9952687621116638;0.10689018666744232;0.08888887614011765;0.31529510021209717;1.0531824827194214;0.29823917150497437;1.1341825723648071
188;10;3;0.8423548277500927;0.840234959875505;0.9959742426872253;0.9952687621116638;0.10689018666744232;0.08888887614011765;-0.21528303623199463;1.9322577714920044;1.3374369144439697;1.3163402080535889
189;10;1;3.233081207028828;0.834770830766435;0.9959742426872253;0.995268702507019;0.10689563304185867;0.08888515830039978;0.22873692214488983;1.4376475811004639;0.3038707673549652;0.49488693475723267
189;10;2;2.0660749331940043;0.8393901157753141;0.9959742426872253;0.995268702507019;0.10689563304185867;0.08888515830039978;0.3153662383556366;1.0532026290893555;0.29853662848472595;1.1342679262161255
189;10;3;0.8423548277500927;0.840234959875505;0.9959742426872253;0.995268702507019;0.10689563304185867;0.08888515830039978;-0.21519693732261658;1.9323806762695312;1.3375381231307983;1.3164833784103394
190;10;1;3.2420452233851833;0.8360114959136311;0.9959742426872253;0.995268702507019;0.1069016233086586;0.08888150751590729;0.22927002608776093;1.4376202821731567;0.30383720993995667;0.49481266736984253
190;10;2;2.0660749331940043;0.8393901157753141;0.9959742426872253;0.995268702507019;0.1069016233086586;0.08888150751590729;0.31543752551078796;1.0532230138778687;0.29883262515068054;1.1343530416488647
190;10;3;0.8423548277500927;0.840234959875505;0.9959742426872253;0.995268702507019;0.1069016233086586;0.08888150751590729;-0.2151116579771042;1.9325037002563477;1.3376388549804688;1.3166258335113525
191;10;1;3.247598501924693;0.836000127063075;0.9959742426872253;0.9952786564826965;0.10690821707248688;0.08887791633605957;0.22979970276355743;1.4375927448272705;0.3038046061992645;0.49474117159843445
191;10;2;2.0662610093468032;0.8374071474001843;0.9959742426872253;0.9952786564826965;0.10690821707248688;0.08887791633605957;0.3155088722705841;1.0532437562942505;0.2991272807121277;1.1344376802444458
191;10;3;0.8423548277500927;0.840234959875505;0.9959742426872253;0.9952786564826965;0.10690821707248688;0.08887791633605957;-0.21502701938152313;1.9326270818710327;1.337739109992981;1.3167675733566284
192;10;1;3.2423197443826197;0.834596251276591;0.9959742426872253;0.9952737092971802;0.1069154366850853;0.08887437731027603;0.23032544553279877;1.437565803527832;0.3037726879119873;0.49467241764068604
192;10;2;2.0676024024002526;0.8374071474001847;0.9959742426872253;0.9952737092971802;0.1069154366850853;0.08887437731027603;0.31558021903038025;1.0532646179199219;0.2994205355644226;1.1345224380493164
192;10;3;0.8423548277500927;0.840234959875505;0.9959742426872253;0.9952737092971802;0.1069154366850853;0.08887437731027603;-0.21494293212890625;1.9327505826950073;1.337838888168335;1.3169087171554565
193;10;1;3.241399624887226;0.8345850414335487;0.9959742426872253;0.9952737092971802;0.10692338645458221;0.08887090533971786;0.2308465540409088;1.4375388622283936;0.3037410080432892;0.49460670351982117
193;10;2;2.0708704861024048;0.8374071474001847;0.9959742426872253;0.9952737092971802;0.10692338645458221;0.08887090533971786;0.3156512677669525;1.053285837173462;0.2997121810913086;1.1346074342727661
193;10;3;0.8423548277500927;0.840234959875505;0.9959742426872253;0.9952737092971802;0.10692338645458221;0.08887090533971786;-0.2148592472076416;1.9328742027282715;1.3379383087158203;1.317049264907837
194;10;1;3.241887525046871;0.8345739094378954;0.9959742426872253;0.9952737092971802;0.1069323718547821;0.08886748552322388;0.23137100040912628;1.4375109672546387;0.30369237065315247;0.4945554733276367
194;10;2;2.0708704861024048;0.8374071474001847;0.9959742426872253;0.9952737092971802;0.1069323718547821;0.08886748552322388;0.3157218396663666;1.0533074140548706;0.30000215768814087;1.134692907333374
194;10;3;0.8423548277500927;0.840234959875505;0.9959742426872253;0.9952737092971802;0.1069323718547821;0.08886748552322388;-0.21477580070495605;1.9329980611801147;1.338037371635437;1.3171894550323486
195;10;1;3.24421492892389;0.834172028076896;0.9959742426872253;0.9952737092971802;0.10693874210119247;0.0888638123869896;0.23189733922481537;1.4374843835830688;0.30363067984580994;0.49450841546058655
195;10;2;2.0708704861024048;0.8374071474001847;0.9959742426872253;0.9952737092971802;0.10693874210119247;0.0888638123869896;0.31579259037971497;1.053329586982727;0.30029162764549255;1.1347746849060059
195;10;3;0.8423548277500927;0.840234959875505;0.9959742426872253;0.9952737092971802;0.10693874210119247;0.0888638123869896;-0.21469375491142273;1.933122158050537;1.3381352424621582;1.317327857017517
196;10;1;3.242521125821634;0.8346570027331888;0.9959742426872253;0.9952737092971802;0.10694006830453873;0.0888601690530777;0.23242445290088654;1.4374617338180542;0.3035600185394287;0.4944539964199066
196;10;2;2.0708704861024048;0.8374071474001847;0.9959742426872253;0.9952737092971802;0.10694006830453873;0.0888601690530777;0.3158642649650574;1.0533533096313477;0.3005821406841278;1.1348483562469482
196;10;3;0.8423548277500927;0.840234959875505;0.9959742426872253;0.9952737092971802;0.10694006830453873;0.0888601690530777;-0.21461427211761475;1.9332469701766968;1.3382307291030884;1.3174628019332886
197;10;1;3.2437170986689443;0.8322863114574268;0.9959742426872253;0.9952737092971802;0.1069340705871582;0.0888565257191658;0.2329513132572174;1.4374440908432007;0.3034825921058655;0.4943873882293701
197;10;2;2.0708704861024048;0.8374071474001847;0.9959742426872253;0.9952737092971802;0.1069340705871582;0.0888565257191658;0.3159369230270386;1.0533790588378906;0.30087408423423767;1.1349118947982788
197;10;3;0.8423548277500927;0.840234959875505;0.9959742426872253;0.9952737092971802;0.1069340705871582;0.0888565257191658;-0.21453794836997986;1.9333723783493042;1.3383234739303589;1.317594051361084
198;10;1;3.2517920342585205;0.8317872498788788;0.9959742426872253;0.9952785968780518;0.1069217100739479;0.08885293453931808;0.23347711563110352;1.4374306201934814;0.30339866876602173;0.4943113625049591
198;10;2;2.076069015335964;0.8382546534117123;0.9959742426872253;0.9952785968780518;0.1069217100739479;0.08885293453931808;0.3160102665424347;1.0534062385559082;0.30116695165634155;1.1349672079086304
198;10;3;0.8423548277500927;0.840234959875505;0.9959742426872253;0.9952785968780518;0.1069217100739479;0.08885293453931808;-0.21446415781974792;1.933498501777649;1.3384138345718384;1.3177218437194824
199;10;1;3.2623691204523677;0.8320173709772805;0.9959742426872253;0.9952785968780518;0.10690738260746002;0.08884937316179276;0.2340012788772583;1.4374189376831055;0.3033072352409363;0.49423521757125854
199;10;2;2.079413352377866;0.8369094715674485;0.9959742426872253;0.9952785968780518;0.10690738260746002;0.08884937316179276;0.3160834014415741;1.0534343719482422;0.3014591634273529;1.135019063949585
199;10;3;0.8423548277500927;0.840234959875505;0.9959742426872253;0.9952785968780518;0.10690738260746002;0.08884937316179276;-0.21439163386821747;1.9336248636245728;1.3385028839111328;1.317847728729248
