epoch;rand_init;layer;I(X,T);I(Y,T);valid_auc;train_auc;valid_loss;train_loss;mean_weight_layer;std_weight_layer;mean_bias_layer;std_bias_layer
0;1;1;7.257407308513201;0.8238883650238833;0.08715780079364777;0.0941358357667923;0.7195688486099243;0.7214454412460327;0.0652465745806694;0.35390210151672363;-0.3364259600639343;0.2235187441110611
0;1;2;6.896068410548054;0.7612942190940188;0.08715780079364777;0.0941358357667923;0.7195688486099243;0.7214454412460327;0.06194519251585007;0.3154258131980896;0.09920989722013474;0.2738417983055115
0;1;3;4.09819240105165;0.48478227817440533;0.08715780079364777;0.0941358357667923;0.7195688486099243;0.7214454412460327;0.2753913998603821;0.2492099106311798;-0.3136783242225647;0.1346714198589325
1;1;1;7.21517154713591;0.832695623750368;0.09037841856479645;0.09783242642879486;0.716343343257904;0.7183290123939514;0.06412991136312485;0.3498420715332031;-0.34084516763687134;0.21871569752693176
1;1;2;6.8356393299341995;0.754766985713033;0.09037841856479645;0.09783242642879486;0.716343343257904;0.7183290123939514;0.05882555618882179;0.31372174620628357;0.09258179366588593;0.28286033868789673
1;1;3;4.002951469546385;0.47429190203791194;0.09037841856479645;0.09783242642879486;0.716343343257904;0.7183290123939514;0.2723851501941681;0.24685196578502655;-0.3139148950576782;0.13433684408664703
2;1;1;7.183015840815969;0.8244780411892663;0.10124798119068146;0.10735416412353516;0.7109466195106506;0.7130835056304932;0.06264203786849976;0.34442996978759766;-0.3467552363872528;0.2124597728252411
2;1;2;6.75635968821004;0.7542009441667403;0.10124798119068146;0.10735416412353516;0.7109466195106506;0.7130835056304932;0.05458695814013481;0.3115692436695099;0.08388036489486694;0.29529985785484314
2;1;3;3.8158898591293973;0.4425021502118902;0.10124798119068146;0.10735416412353516;0.7109466195106506;0.7130835056304932;0.268549382686615;0.24385210871696472;-0.3139006793498993;0.13435693085193634
3;1;1;7.110450183920726;0.8046071854531931;0.11372785270214081;0.12542226910591125;0.7052290439605713;0.707234263420105;0.060972608625888824;0.33826807141304016;-0.3535062372684479;0.20555590093135834
3;1;2;6.628850599037779;0.7198633548832731;0.11372785270214081;0.12542226910591125;0.7052290439605713;0.707234263420105;0.049590956419706345;0.30930736660957336;0.07439268380403519;0.30975422263145447
3;1;3;3.5219074464516673;0.3979432437921204;0.11372785270214081;0.12542226910591125;0.7052290439605713;0.707234263420105;0.26436367630958557;0.24058254063129425;-0.3133585453033447;0.13512365520000458
4;1;1;7.039978195119694;0.8037230490143727;0.1388888955116272;0.1586965024471283;0.700506865978241;0.7022691965103149;0.05927308276295662;0.3319868743419647;-0.36049512028694153;0.19871878623962402
4;1;2;6.446234280166614;0.7213462825158459;0.1388888955116272;0.1586965024471283;0.700506865978241;0.7022691965103149;0.04420899599790573;0.30726635456085205;0.06549420952796936;0.32445472478866577
4;1;3;3.141607637461041;0.34612162957523296;0.1388888955116272;0.1586965024471283;0.700506865978241;0.7022691965103149;0.2602003216743469;0.23732541501522064;-0.3120909333229065;0.13691629469394684
5;1;1;6.982086396835314;0.7894419233810197;0.18397745490074158;0.20330989360809326;0.697148859500885;0.6987665891647339;0.05766190215945244;0.3260253965854645;-0.36731573939323425;0.1923736035823822
5;1;2;6.211162566781336;0.7061205341477041;0.18397745490074158;0.20330989360809326;0.697148859500885;0.6987665891647339;0.03870634734630585;0.305656760931015;0.057896118611097336;0.3383730351924896
5;1;3;2.8219134468685194;0.34876856086380315;0.18397745490074158;0.20330989360809326;0.697148859500885;0.6987665891647339;0.2562919855117798;0.2342521697282791;-0.3100135922431946;0.13985411822795868
6;1;1;6.92116407303137;0.7784691922058897;0.244363933801651;0.25688451528549194;0.6944740414619446;0.696028470993042;0.05618098005652428;0.3205755949020386;-0.37379416823387146;0.1866796612739563
6;1;2;5.952460694050526;0.6783246347068292;0.244363933801651;0.25688451528549194;0.6944740414619446;0.696028470993042;0.03321508690714836;0.3045594096183777;0.05161155387759209;0.3514009416103363
6;1;3;2.5914960896998736;0.38435623166334665;0.244363933801651;0.25688451528549194;0.6944740414619446;0.696028470993042;0.2527915835380554;0.23146890103816986;-0.30713072419166565;0.1439310908317566
7;1;1;6.854165549869592;0.7724809913183535;0.29871174693107605;0.31313833594322205;0.6923405528068542;0.6936748027801514;0.05484875664114952;0.3157614469528198;-0.37981003522872925;0.18171058595180511
7;1;2;5.382800514491571;0.6431907025181651;0.29871174693107605;0.31313833594322205;0.6923405528068542;0.6936748027801514;0.027821017429232597;0.3040078282356262;0.04650192707777023;0.3635968565940857
7;1;3;2.3004590887286316;0.3157943698553485;0.29871174693107605;0.31313833594322205;0.6923405528068542;0.6936748027801514;0.2498050332069397;0.22904324531555176;-0.30351680517196655;0.14904195070266724
8;1;1;6.815895591027761;0.7287229177454719;0.6056762933731079;0.6440089344978333;0.6906753182411194;0.6916400790214539;0.05368220806121826;0.31168732047080994;-0.38525497913360596;0.17749851942062378
8;1;2;5.374884938450549;0.6352157324184162;0.6056762933731079;0.6440089344978333;0.6906753182411194;0.6916400790214539;0.022590018808841705;0.30401235818862915;0.04240867495536804;0.3750002086162567
8;1;3;2.273652226113658;0.2353233578421765;0.6056762933731079;0.6440089344978333;0.6906753182411194;0.6916400790214539;0.24739927053451538;0.22701489925384521;-0.2993059754371643;0.15499699115753174
9;1;1;6.752975790329899;0.725341640140698;0.6801530122756958;0.6902174949645996;0.6894274950027466;0.6898714900016785;0.052695292979478836;0.30843982100486755;-0.3900364637374878;0.17404045164585114
9;1;2;5.640164024527735;0.6432799510617073;0.6801530122756958;0.6902174949645996;0.6894274950027466;0.6898714900016785;0.01757104881107807;0.3045654296875;0.03916066139936447;0.38563239574432373
9;1;3;2.758800084220397;0.4182678635682624;0.6801530122756958;0.6902174949645996;0.6894274950027466;0.6898714900016785;0.24560946226119995;0.225404754281044;-0.29467907547950745;0.16154038906097412
10;1;1;6.723006951734803;0.733750978465693;0.7109500765800476;0.7146836519241333;0.6885108947753906;0.6883156895637512;0.051890768110752106;0.3060835897922516;-0.39408937096595764;0.17130105197429657
10;1;2;5.786962868299312;0.6499286128704824;0.7109500765800476;0.7146836519241333;0.6885108947753906;0.6883156895637512;0.012800551019608974;0.30564603209495544;0.03659413382411003;0.3955024480819702
10;1;3;2.989576245633458;0.4524975810425378;0.7109500765800476;0.7146836519241333;0.6885108947753906;0.6883156895637512;0.24444591999053955;0.22422251105308533;-0.28984883427619934;0.16837139427661896
11;1;1;6.733268146673538;0.7354359206172347;0.7367149591445923;0.7353420257568359;0.6878567934036255;0.6869161128997803;0.05127124860882759;0.3046609163284302;-0.3973645865917206;0.16923294961452484
11;1;2;5.844174537833389;0.6472123195812607;0.7367149591445923;0.7353420257568359;0.6878567934036255;0.6869161128997803;0.008311550132930279;0.3072199821472168;0.03462189435958862;0.40462493896484375
11;1;3;3.152052882234319;0.47712555598470274;0.7367149591445923;0.7353420257568359;0.6878567934036255;0.6869161128997803;0.24390166997909546;0.223472461104393;-0.28504446148872375;0.1751658171415329
12;1;1;6.663491118260374;0.7057361577550836;0.7439613342285156;0.7433278560638428;0.6873355507850647;0.68562251329422;0.05083799362182617;0.30418938398361206;-0.39983615279197693;0.16778576374053955
12;1;2;5.874032281929669;0.6362184814337617;0.7439613342285156;0.7433278560638428;0.6873355507850647;0.68562251329422;0.004129990004003048;0.30924487113952637;0.03321682661771774;0.4130254089832306
12;1;3;3.2798557575780762;0.4944263740371202;0.7439613342285156;0.7433278560638428;0.6873355507850647;0.68562251329422;0.2439584583044052;0.22315721213817596;-0.28050005435943604;0.18159256875514984
13;1;1;6.706961142983083;0.6953923182724608;0.7479871511459351;0.7562621831893921;0.6868771314620972;0.6843473315238953;0.050588060170412064;0.3046746253967285;-0.40149185061454773;0.16692164540290833
13;1;2;5.953347169060269;0.6261191202423859;0.7479871511459351;0.7562621831893921;0.6868771314620972;0.6843473315238953;0.0002717534953262657;0.3116779625415802;0.032372377812862396;0.42073675990104675
13;1;3;3.38564177193121;0.503752026404797;0.7479871511459351;0.7562621831893921;0.6868771314620972;0.6843473315238953;0.24459442496299744;0.2232823222875595;-0.2764436900615692;0.18732912838459015
14;1;1;6.720348754976996;0.7030322066449841;0.7548308968544006;0.7660407423973083;0.6863978505134583;0.6830130219459534;0.05052154138684273;0.3061053454875946;-0.40233537554740906;0.16662004590034485
14;1;2;5.9998632097616245;0.6381176745516051;0.7548308968544006;0.7660407423973083;0.6863978505134583;0.6830130219459534;-0.0032524745911359787;0.3144780397415161;0.032131128013134;0.42780959606170654
14;1;3;3.4965440926132842;0.5129486815848487;0.7548308968544006;0.7660407423973083;0.6863978505134583;0.6830130219459534;0.2457897961139679;0.22385931015014648;-0.27308890223503113;0.1920735090970993
15;1;1;6.72006770771435;0.6891667201385161;0.7604669332504272;0.7761181592941284;0.6857878565788269;0.6815288066864014;0.05063585191965103;0.30849358439445496;-0.40235453844070435;0.1668999344110489
15;1;2;6.045261262257508;0.6293580221910844;0.7604669332504272;0.7761181592941284;0.6857878565788269;0.6815288066864014;-0.006447935476899147;0.317621111869812;0.032427459955215454;0.43427175283432007
15;1;3;3.6272785735693738;0.5278065761393673;0.7604669332504272;0.7761181592941284;0.6857878565788269;0.6815288066864014;0.24753201007843018;0.22490888833999634;-0.27062904834747314;0.19555224478244781
16;1;1;6.798028793248399;0.695386466510783;0.7648953199386597;0.7835137844085693;0.6848991513252258;0.6797995567321777;0.05093713477253914;0.3118409812450409;-0.40154358744621277;0.16780033707618713
16;1;2;6.139223147516567;0.6394107662084529;0.7648953199386597;0.7835137844085693;0.6848991513252258;0.6797995567321777;-0.009319353848695755;0.32108965516090393;0.03327125310897827;0.44017839431762695
16;1;3;3.7776713073473545;0.5466781758241517;0.7648953199386597;0.7835137844085693;0.6848991513252258;0.6797995567321777;0.24982035160064697;0.22646434605121613;-0.26923081278800964;0.19752967357635498
17;1;1;6.902895356787923;0.7204821420544931;0.7689211368560791;0.7898895740509033;0.6836382746696472;0.677726686000824;0.05144147202372551;0.31616103649139404;-0.39988189935684204;0.16940300166606903
17;1;2;6.262496030032882;0.6605766099950863;0.7689211368560791;0.7898895740509033;0.6836382746696472;0.677726686000824;-0.011877501383423805;0.3248811662197113;0.03465086221694946;0.44558876752853394
17;1;3;3.9321901379756845;0.5615671327378298;0.7689211368560791;0.7898895740509033;0.6836382746696472;0.677726686000824;0.25266873836517334;0.22857432067394257;-0.26903191208839417;0.19781096279621124
18;1;1;7.003092664282477;0.7165528632163074;0.783011257648468;0.7976531386375427;0.6818665862083435;0.6752001047134399;0.05216658115386963;0.3214544653892517;-0.39735978841781616;0.17180046439170837
18;1;2;6.393867400717003;0.6566425039092962;0.783011257648468;0.7976531386375427;0.6818665862083435;0.6752001047134399;-0.01412984635680914;0.3289991021156311;0.03664420172572136;0.45060980319976807
18;1;3;4.100170296789376;0.5740049731270798;0.783011257648468;0.7976531386375427;0.6818665862083435;0.6752001047134399;0.25610828399658203;0.23130622506141663;-0.2701403796672821;0.19624336063861847
19;1;1;7.146159914445761;0.767357656726098;0.7987117767333984;0.8031745553016663;0.6793551445007324;0.672057032585144;0.053128521889448166;0.3277578055858612;-0.39395469427108765;0.175131693482399
19;1;2;6.5559187721400605;0.6996088839056576;0.7987117767333984;0.8031745553016663;0.6793551445007324;0.672057032585144;-0.01609853282570839;0.3334779739379883;0.03916563838720322;0.4553053081035614
19;1;3;4.279890884723789;0.5793393980001404;0.7987117767333984;0.8031745553016663;0.6793551445007324;0.672057032585144;0.26019036769866943;0.23475143313407898;-0.27263790369033813;0.19271132349967957
20;1;1;7.371098278332006;0.7858581841936925;0.8087761402130127;0.813427209854126;0.6760216355323792;0.6681210994720459;0.05434511974453926;0.3351285457611084;-0.3896145820617676;0.1795825958251953
20;1;2;6.813888141166505;0.7250822432536843;0.8087761402130127;0.813427209854126;0.6760216355323792;0.6681210994720459;-0.017806388437747955;0.3383693993091583;0.04215725511312485;0.4597586989402771
20;1;3;4.477458919452802;0.5776857377390314;0.8087761402130127;0.813427209854126;0.6760216355323792;0.6681210994720459;0.26498928666114807;0.23903124034404755;-0.2765797972679138;0.18713665008544922
21;1;1;7.6396170566476655;0.7954700321912824;0.8371577858924866;0.8208401799201965;0.6716527938842773;0.663202166557312;0.05583059415221214;0.3436143696308136;-0.38432344794273376;0.18529193103313446
21;1;2;7.0747803318839715;0.7200482703985465;0.8371577858924866;0.8208401799201965;0.6716527938842773;0.663202166557312;-0.019272761419415474;0.3437376916408539;0.045627713203430176;0.4640984833240509
21;1;3;4.740340593719056;0.5848917433326335;0.8371577858924866;0.8208401799201965;0.6716527938842773;0.663202166557312;0.2706024646759033;0.24430060386657715;-0.2819990813732147;0.17947262525558472
22;1;1;7.842461356451182;0.8246873013725917;0.8446054458618164;0.834638774394989;0.6661194562911987;0.6570643782615662;0.05759448930621147;0.3532733917236328;-0.3780505359172821;0.19241775572299957
22;1;2;7.293545718379114;0.762825849719615;0.8446054458618164;0.834638774394989;0.6661194562911987;0.6570643782615662;-0.020515048876404762;0.3496634364128113;0.04961514472961426;0.4684932231903076
22;1;3;5.0306339676150085;0.5988700299013328;0.8446054458618164;0.834638774394989;0.6661194562911987;0.6570643782615662;0.2771494388580322;0.25075194239616394;-0.28891438245773315;0.16969288885593414
23;1;1;8.008754964444769;0.8336218613138158;0.8474235534667969;0.8437234163284302;0.6591418385505676;0.6494399905204773;0.059643831104040146;0.3641952872276306;-0.37075909972190857;0.20110248029232025
23;1;2;7.504743382981676;0.7719927331622927;0.8474235534667969;0.8437234163284302;0.6591418385505676;0.6494399905204773;-0.021558739244937897;0.3562571704387665;0.05407583713531494;0.47309285402297974
23;1;3;5.325660896817286;0.6220990048733608;0.8474235534667969;0.8437234163284302;0.6591418385505676;0.6494399905204773;0.2847682237625122;0.25861573219299316;-0.29733872413635254;0.15777911245822906
24;1;1;8.215682015503553;0.8488798185469904;0.8490338325500488;0.8487658500671387;0.6504689455032349;0.6399953961372375;0.06200974062085152;0.37647202610969543;-0.3624042272567749;0.21149443089962006
24;1;2;7.76388285385211;0.7876283618688511;0.8490338325500488;0.8487658500671387;0.6504689455032349;0.6399953961372375;-0.022428620606660843;0.3636487126350403;0.05896494910120964;0.4780692458152771
24;1;3;5.60507409215616;0.6234308353967837;0.8490338325500488;0.8487658500671387;0.6504689455032349;0.6399953961372375;0.2936100959777832;0.2681577205657959;-0.30728766322135925;0.14370916783809662
25;1;1;8.38745758992986;0.8380240400694845;0.8566827178001404;0.8548256158828735;0.6397635340690613;0.62833571434021;0.06475871056318283;0.39017805457115173;-0.35290613770484924;0.22378380596637726
25;1;2;7.954513599152879;0.7905460794879389;0.8566827178001404;0.8548256158828735;0.6397635340690613;0.62833571434021;-0.02313956618309021;0.3719711899757385;0.06429263204336166;0.4836689531803131
25;1;3;5.867936995200795;0.6111078298992982;0.8566827178001404;0.8548256158828735;0.6397635340690613;0.62833571434021;0.3038317859172821;0.2796715497970581;-0.3187859356403351;0.1274481564760208
26;1;1;8.579985969990581;0.8850200109921076;0.8615136742591858;0.8624286651611328;0.6266931891441345;0.6143149137496948;0.06790690124034882;0.40522950887680054;-0.3424135744571686;0.23788116872310638
26;1;2;8.033451639613045;0.8442465372279635;0.8615136742591858;0.8624286651611328;0.6266931891441345;0.6143149137496948;-0.023656019940972328;0.3812912404537201;0.07039381563663483;0.4904279410839081
26;1;3;6.039328499686681;0.6056672953235136;0.8615136742591858;0.8624286651611328;0.6266931891441345;0.6143149137496948;0.31557053327560425;0.29344767332077026;-0.33187904953956604;0.10893169045448303
27;1;1;8.757218944226317;0.9126457131423109;0.8683575391769409;0.8707897663116455;0.6111825704574585;0.598677933216095;0.07144573330879211;0.42127153277397156;-0.3311745822429657;0.25340330600738525
27;1;2;7.685059371073962;0.8731091724770188;0.8683575391769409;0.8707897663116455;0.6111825704574585;0.598677933216095;-0.02380828931927681;0.391459196805954;0.0784277617931366;0.49951890110969543
27;1;3;5.972343786009958;0.5992495894094922;0.8683575391769409;0.8707897663116455;0.6111825704574585;0.598677933216095;0.3288758397102356;0.309681236743927;-0.34669721126556396;0.0879756435751915
28;1;1;8.871331817679163;0.9100833675725326;0.8695651888847351;0.8786225318908691;0.5946109890937805;0.5820583701133728;0.07527957111597061;0.4380849003791809;-0.3195420205593109;0.2697870433330536
28;1;2;7.341600149667265;0.875652240920715;0.8695651888847351;0.8786225318908691;0.5946109890937805;0.5820583701133728;-0.02352684549987316;0.40236151218414307;0.0888996347784996;0.5113169550895691
28;1;3;5.930104614243598;0.631286493295768;0.8695651888847351;0.8786225318908691;0.5946109890937805;0.5820583701133728;0.3436596393585205;0.32837751507759094;-0.36352425813674927;0.06417863070964813
29;1;1;8.970504571166401;0.9315737886487767;0.8788245320320129;0.8846945762634277;0.5777657628059387;0.564599335193634;0.07927756756544113;0.45540937781333923;-0.30788561701774597;0.28651857376098633
29;1;2;6.999417664857212;0.8998797481934595;0.8788245320320129;0.8846945762634277;0.5777657628059387;0.564599335193634;-0.022786999121308327;0.4138215482234955;0.10206689685583115;0.5258172154426575
29;1;3;5.798804108840118;0.6462766443913512;0.8788245320320129;0.8846945762634277;0.5777657628059387;0.564599335193634;0.35968708992004395;0.34930023550987244;-0.3827861547470093;0.036938171833753586
30;1;1;9.072586009016938;0.9234376100772579;0.8917068839073181;0.8900777101516724;0.560882031917572;0.5465993881225586;0.08333884924650192;0.473007470369339;-0.29649868607521057;0.3033285140991211
30;1;2;7.086910903208583;0.8968949567882767;0.8917068839073181;0.8900777101516724;0.560882031917572;0.5465993881225586;-0.021670978516340256;0.4256604015827179;0.1175253614783287;0.5424045920372009
30;1;3;5.925838659789383;0.6524904994791552;0.8917068839073181;0.8900777101516724;0.560882031917572;0.5465993881225586;0.37658023834228516;0.3719562292098999;-0.40500128269195557;0.005521236918866634
31;1;1;9.174760452434839;0.9468619814752657;0.8969403505325317;0.8955103158950806;0.54501873254776;0.5284417867660522;0.0874001756310463;0.49061423540115356;-0.28553271293640137;0.3202877640724182
31;1;2;7.130391569114757;0.9227647451702339;0.8969403505325317;0.8955103158950806;0.54501873254776;0.5284417867660522;-0.020347341895103455;0.437676340341568;0.13440388441085815;0.5601230263710022
31;1;3;6.0309772199783325;0.6789772040146129;0.8969403505325317;0.8955103158950806;0.54501873254776;0.5284417867660522;0.3938530385494232;0.3956407606601715;-0.43067726492881775;0.030790084972977638
32;1;1;9.255564781175465;0.9343374203541543;0.9017713665962219;0.9009798765182495;0.5304182767868042;0.5107409954071045;0.09137368202209473;0.5079061985015869;-0.27509599924087524;0.33736130595207214
32;1;2;7.102850374356493;0.9153965941563271;0.9017713665962219;0.9009798765182495;0.5304182767868042;0.5107409954071045;-0.01898130588233471;0.44956570863723755;0.15195539593696594;0.5782260298728943
32;1;3;6.024364018316001;0.675019340877661;0.9017713665962219;0.9009798765182495;0.5304182767868042;0.5107409954071045;0.41097140312194824;0.4195345342159271;-0.46019405126571655;0.07253312319517136
33;1;1;9.292736503456439;0.9416690037471653;0.9037841558456421;0.9050837755203247;0.5164076089859009;0.4938535690307617;0.09515120834112167;0.5245446562767029;-0.26544803380966187;0.3546382784843445
33;1;2;6.998630638654419;0.9054561110459076;0.9037841558456421;0.9050837755203247;0.5164076089859009;0.4938535690307617;-0.017779598012566566;0.46104666590690613;0.16929428279399872;0.5959504246711731
33;1;3;5.943331307744579;0.6580988369575564;0.9037841558456421;0.9050837755203247;0.5164076089859009;0.4938535690307617;0.42743322253227234;0.4428355097770691;-0.49369803071022034;0.11991491168737411
34;1;1;9.30586112499953;0.9430694615651092;0.9074073433876038;0.9091780185699463;0.5023711919784546;0.4775018095970154;0.09868663549423218;0.5402483940124512;-0.2567278742790222;0.37232470512390137
34;1;2;6.878549091996007;0.8967828867759984;0.9074073433876038;0.9091780185699463;0.5023711919784546;0.4775018095970154;-0.016909020021557808;0.47186461091041565;0.1858406364917755;0.612848162651062
34;1;3;5.842226088231193;0.6716289258391068;0.9074073433876038;0.9091780185699463;0.5023711919784546;0.4775018095970154;0.44286561012268066;0.46491870284080505;-0.5310057401657104;0.1726759374141693
35;1;1;9.350042253792843;0.9596884985178988;0.9114331007003784;0.9124374389648438;0.4867589771747589;0.4609977900981903;0.10195423662662506;0.5549392104148865;-0.2490624040365219;0.39052045345306396
35;1;2;6.821879040938239;0.8934541532566733;0.9114331007003784;0.9124374389648438;0.4867589771747589;0.4609977900981903;-0.01648179069161415;0.48187801241874695;0.20131205022335052;0.6286799311637878
35;1;3;5.780363073533012;0.6891313475495906;0.9114331007003784;0.9124374389648438;0.4867589771747589;0.4609977900981903;0.45709073543548584;0.4854462742805481;-0.5715731978416443;0.23004703223705292
36;1;1;9.389933714238822;0.9712064765386117;0.9162640571594238;0.9152377247810364;0.4677180349826813;0.4435920715332031;0.10509680956602097;0.5686562061309814;-0.24223701655864716;0.409586101770401
36;1;2;6.765054153590938;0.8752398599912645;0.9162640571594238;0.9152377247810364;0.4677180349826813;0.4435920715332031;-0.016512148082256317;0.4910578727722168;0.21585506200790405;0.6435689926147461
36;1;3;5.6998818348270515;0.6824817094578179;0.9162640571594238;0.9152377247810364;0.4677180349826813;0.4435920715332031;0.47015637159347534;0.5044219493865967;-0.614545464515686;0.290818989276886
37;1;1;9.384330065000313;0.9641813162625184;0.9168679714202881;0.9187368154525757;0.44759804010391235;0.4254908263683319;0.10812456905841827;0.5817056894302368;-0.23617468774318695;0.4292562007904053
37;1;2;6.607637084340752;0.8570215335475808;0.9168679714202881;0.9187368154525757;0.44759804010391235;0.4254908263683319;-0.016926949843764305;0.49947401881217957;0.2299693524837494;0.6580108404159546
37;1;3;5.549622950429445;0.6902769832652087;0.9168679714202881;0.9187368154525757;0.44759804010391235;0.4254908263683319;0.4823105037212372;0.5221583247184753;-0.6588367223739624;0.3534562885761261
38;1;1;9.41527613956449;0.959993584505149;0.9162641763687134;0.9215394258499146;0.428449809551239;0.40890398621559143;0.1109532043337822;0.5945846438407898;-0.23101602494716644;0.4482899308204651
38;1;2;6.431741245184547;0.8325998839925326;0.9162641763687134;0.9215394258499146;0.428449809551239;0.40890398621559143;-0.017543110996484756;0.5072085857391357;0.24455302953720093;0.6728048324584961
38;1;3;5.399442479118505;0.6922306373331644;0.9162641763687134;0.9215394258499146;0.428449809551239;0.40890398621559143;0.4939001500606537;0.539130449295044;-0.7032614946365356;0.4162823557853699
39;1;1;9.406371636155235;0.9720511240511414;0.920692503452301;0.923450767993927;0.41261252760887146;0.3947215676307678;0.11358360201120377;0.6077462434768677;-0.22678373754024506;0.4655473232269287
39;1;2;6.349854393695026;0.8274783832481845;0.920692503452301;0.923450767993927;0.41261252760887146;0.3947215676307678;-0.01816386543214321;0.5144067406654358;0.2603517174720764;0.688653290271759
39;1;3;5.327423201176206;0.6916652433984822;0.920692503452301;0.923450767993927;0.41261252760887146;0.3947215676307678;0.5052972435951233;0.5558646321296692;-0.7466422319412231;0.4776320159435272
40;1;1;9.453105631839243;0.9572154130247483;0.9247181415557861;0.9236285090446472;0.4002234637737274;0.38399064540863037;0.11595238745212555;0.621614933013916;-0.22362904250621796;0.4794956147670746
40;1;2;6.272504820585713;0.8081648486878166;0.9247181415557861;0.9236285090446472;0.4002234637737274;0.38399064540863037;-0.01853122003376484;0.521174967288971;0.27817654609680176;0.7062572240829468
40;1;3;5.260799935490224;0.6956269986705852;0.9247181415557861;0.9236285090446472;0.4002234637737274;0.38399064540863037;0.5168372392654419;0.5728446245193481;-0.7879106998443604;0.5359944701194763
41;1;1;9.481721232023055;0.9671157005082662;0.9251207113265991;0.9255744218826294;0.3904218077659607;0.3764718472957611;0.11797120422124863;0.6363705396652222;-0.22153320908546448;0.4890400469303131
41;1;2;6.292154802381436;0.8062611711627632;0.9251207113265991;0.9255744218826294;0.3904218077659607;0.3764718472957611;-0.018395623192191124;0.5275733470916748;0.2985708713531494;0.7261455655097961
41;1;3;5.2520817801223;0.6954484254040807;0.9251207113265991;0.9255744218826294;0.3904218077659607;0.3764718472957611;0.5287496447563171;0.5904061794281006;-0.826245903968811;0.5902085900306702
42;1;1;9.47965286787089;0.9488532232876778;0.9271335601806641;0.9275522828102112;0.3826830983161926;0.37084048986434937;0.11956789344549179;0.6519275903701782;-0.22059153020381927;0.4933556020259857
42;1;2;6.3143700274817185;0.7949434812081151;0.9271335601806641;0.9275522828102112;0.3826830983161926;0.37084048986434937;-0.017558496445417404;0.533562421798706;0.3218463063240051;0.7486233115196228
42;1;3;5.320065041287448;0.704107804909702;0.9271335601806641;0.9275522828102112;0.3826830983161926;0.37084048986434937;0.541102409362793;0.608650803565979;-0.8612083196640015;0.6396529078483582
43;1;1;9.47430467318641;0.9567302689736508;0.9355878233909607;0.9295376539230347;0.3749677836894989;0.3649240732192993;0.12071502208709717;0.6679050326347351;-0.2208772897720337;0.4922927916049957
43;1;2;6.373166730346533;0.8026400752671456;0.9355878233909607;0.9295376539230347;0.3749677836894989;0.3649240732192993;-0.01593775860965252;0.5390157103538513;0.34798866510391235;0.7736487984657288
43;1;3;5.340497653754451;0.6859726470580156;0.9355878233909607;0.9295376539230347;0.3749677836894989;0.3649240732192993;0.553784966468811;0.6274176836013794;-0.8928191661834717;0.6843574643135071
44;1;1;9.493973044591556;0.9570681877148743;0.9436392784118652;0.9321895837783813;0.36659201979637146;0.35779643058776855;0.12134847790002823;0.683729350566864;-0.2223529815673828;0.48681163787841797
44;1;2;6.518533351433536;0.8271896382067041;0.9436392784118652;0.9321895837783813;0.36659201979637146;0.35779643058776855;-0.013668307103216648;0.5438486933708191;0.37619471549987793;0.8005830645561218
44;1;3;5.366051482220417;0.711837387154242;0.9436392784118652;0.9321895837783813;0.36659201979637146;0.35779643058776855;0.566524088382721;0.6463035941123962;-0.9215518236160278;0.724991500377655
45;1;1;9.51050634763682;0.951930943849213;0.9452495574951172;0.9356788396835327;0.35816726088523865;0.350373774766922;0.12136902660131454;0.6987388730049133;-0.22493700683116913;0.4783906042575836
45;1;2;6.748778325525823;0.8531697209802545;0.9452495574951172;0.9356788396835327;0.35816726088523865;0.350373774766922;-0.011004162020981312;0.5479448437690735;0.4054153859615326;0.828519880771637
45;1;3;5.518301301539736;0.7305410833931294;0.9452495574951172;0.9356788396835327;0.35816726088523865;0.350373774766922;0.5789304971694946;0.6647304892539978;-0.9482071399688721;0.7626878619194031
46;1;1;9.518316357549551;0.9563087320418262;0.9448469877243042;0.9385087490081787;0.35158592462539673;0.34411633014678955;0.12070246040821075;0.7123377919197083;-0.22853823006153107;0.46885472536087036
46;1;2;6.954381104079875;0.8737069452051074;0.9448469877243042;0.9385087490081787;0.35158592462539673;0.34411633014678955;-0.008294614963233471;0.551253080368042;0.43427151441574097;0.8562737703323364
46;1;3;5.591827255046811;0.7400429357761258;0.9448469877243042;0.9385087490081787;0.35158592462539673;0.34411633014678955;0.5905672311782837;0.6820452809333801;-0.9737378358840942;0.7987937331199646
47;1;1;9.526248074671734;0.9612416018110395;0.945249617099762;0.9403557181358337;0.34785154461860657;0.34025269746780396;0.11926758289337158;0.7241479754447937;-0.232836052775383;0.4602357745170593
47;1;2;7.223099995970298;0.905654294972777;0.945249617099762;0.9403557181358337;0.34785154461860657;0.34025269746780396;-0.005918828770518303;0.5538528561592102;0.4612090587615967;0.8824235796928406
47;1;3;5.696544648688134;0.7755233623026552;0.945249617099762;0.9403557181358337;0.34785154461860657;0.34025269746780396;0.6010241508483887;0.6976311802864075;-0.9990506172180176;0.8345913887023926
48;1;1;9.502043459538491;0.9590445608064257;0.945249617099762;0.9432177543640137;0.3467243015766144;0.33814582228660583;0.11702986061573029;0.7339321374893188;-0.2377585917711258;0.4537324011325836
48;1;2;7.429271113460224;0.9161992482659969;0.945249617099762;0.9432177543640137;0.3467243015766144;0.33814582228660583;-0.004082671832293272;0.555738091468811;0.4853086471557617;0.906129002571106
48;1;3;5.797336702221518;0.7820510020284779;0.945249617099762;0.9432177543640137;0.3467243015766144;0.33814582228660583;0.6100019812583923;0.7110333442687988;-1.0248470306396484;0.8710730075836182
49;1;1;9.518136362636383;0.9607398018253761;0.945652186870575;0.9451610445976257;0.34585562348365784;0.3366406261920929;0.11395630985498428;0.7417780756950378;-0.24297456443309784;0.45053887367248535
49;1;2;7.740886954951488;0.9485864306554248;0.945652186870575;0.9451610445976257;0.34585562348365784;0.3366406261920929;-0.0029587349854409695;0.5571070313453674;0.5056683421134949;0.9265091419219971
49;1;3;5.969557273280731;0.7986793697741774;0.945652186870575;0.9451610445976257;0.34585562348365784;0.3366406261920929;0.6173564195632935;0.7220268845558167;-1.051553726196289;0.9088420271873474
50;1;1;9.500009639237604;0.9544568143844927;0.9464573264122009;0.9454426765441895;0.3435947597026825;0.3344755470752716;0.11011645942926407;0.7479587197303772;-0.24819760024547577;0.45139384269714355
50;1;2;7.92867641472057;0.9389401251163498;0.9464573264122009;0.9454426765441895;0.3435947597026825;0.3344755470752716;-0.00264714565128088;0.5582159161567688;0.5218567848205566;0.9430569410324097
50;1;3;6.100756165140529;0.8026044736199083;0.9464573264122009;0.9454426765441895;0.3435947597026825;0.3344755470752716;0.6231271028518677;0.7306627035140991;-1.0792630910873413;0.9480289220809937
51;1;1;9.518157715829908;0.9552366707951094;0.9480676651000977;0.9460203647613525;0.33892297744750977;0.3308018445968628;0.10563721507787704;0.7528687715530396;-0.2532062828540802;0.4562152326107025
51;1;2;8.0804177945104;0.9371953698288316;0.9480676651000977;0.9460203647613525;0.33892297744750977;0.3308018445968628;-0.0030383667908608913;0.5592679381370544;0.5341433882713318;0.9559304714202881
51;1;3;6.2203577354519854;0.8083606292195569;0.9480676651000977;0.9460203647613525;0.33892297744750977;0.3308018445968628;0.6275506019592285;0.7372880578041077;-1.1077015399932861;0.9882470965385437
52;1;1;9.52580527137875;0.9537818412495938;0.9488728046417236;0.9465290307998657;0.3320842981338501;0.3261212110519409;0.10058435052633286;0.7568842768669128;-0.2580733895301819;0.4639638066291809
52;1;2;8.164953284236223;0.933224394827235;0.9488728046417236;0.9465290307998657;0.3320842981338501;0.3261212110519409;-0.003833262249827385;0.5603092908859253;0.5436024069786072;0.9660312533378601
52;1;3;6.310250265745996;0.8033972828177625;0.9488728046417236;0.9465290307998657;0.3320842981338501;0.3261212110519409;0.6310192346572876;0.742486298084259;-1.1362841129302979;1.028668999671936
53;1;1;9.505194635892131;0.9559296821267509;0.9500805139541626;0.9472254514694214;0.3237297832965851;0.3218032121658325;0.09507949650287628;0.760334849357605;-0.2629600465297699;0.47303447127342224
53;1;2;8.169299629462213;0.9461960633498627;0.9500805139541626;0.9472254514694214;0.3237297832965851;0.3218032121658325;-0.004647811409085989;0.5612829327583313;0.5516759157180786;0.9746698141098022
53;1;3;6.411528294198666;0.8127567730952183;0.9500805139541626;0.9472254514694214;0.3237297832965851;0.3218032121658325;0.6339927911758423;0.7469441890716553;-1.1642488241195679;1.0682169198989868
54;1;1;9.476739405557659;0.9415017655552944;0.9533010721206665;0.9477193355560303;0.31674206256866455;0.31879860162734985;0.08923935145139694;0.7634905576705933;-0.2680879533290863;0.4817233085632324
54;1;2;8.126319703929937;0.9330530847184839;0.9533010721206665;0.9477193355560303;0.31674206256866455;0.31879860162734985;-0.00517987459897995;0.5620876550674438;0.5597884654998779;0.9831145405769348
54;1;3;6.412885244037451;0.8098697700085022;0.9533010721206665;0.9477193355560303;0.31674206256866455;0.31879860162734985;0.6368900537490845;0.7512891292572021;-1.1908611059188843;1.1058523654937744
55;1;1;9.48932680199836;0.9389787994920624;0.9553139805793762;0.9483761787414551;0.3112729489803314;0.31642085313796997;0.08314645290374756;0.7665169835090637;-0.2737331986427307;0.48869943618774414
55;1;2;8.118540116176632;0.9173213612079145;0.9553139805793762;0.9483761787414551;0.3112729489803314;0.31642085313796997;-0.005213276948779821;0.5626147389411926;0.5690444707870483;0.9923536777496338
55;1;3;6.467422695909406;0.798185073071906;0.9553139805793762;0.9483761787414551;0.3112729489803314;0.31642085313796997;0.6400150656700134;0.7559800744056702;-1.2156007289886475;1.1408393383026123
56;1;1;9.464552611725615;0.9403075208464031;0.9561191201210022;0.9492008686065674;0.30660104751586914;0.31362712383270264;0.07688147574663162;0.7696219682693481;-0.2799406051635742;0.49321895837783813
56;1;2;8.147958893696416;0.9260243038926852;0.9561191201210022;0.9492008686065674;0.30660104751586914;0.31362712383270264;-0.004718979354947805;0.5628671050071716;0.5798643827438354;1.002736210823059
56;1;3;6.508133148799498;0.7957698368771204;0.9561191201210022;0.9492008686065674;0.30660104751586914;0.31362712383270264;0.643515944480896;0.7612435817718506;-1.2382802963256836;1.1729133129119873
57;1;1;9.454484656167168;0.9334969746371016;0.9573268890380859;0.9502923488616943;0.30248355865478516;0.30979710817337036;0.07059678435325623;0.7728689312934875;-0.28653717041015625;0.4955326318740845
57;1;2;8.17337501269808;0.9134678216535193;0.9573268890380859;0.9502923488616943;0.30248355865478516;0.30979710817337036;-0.0038161994889378548;0.5629143714904785;0.5920513272285461;1.014079213142395
57;1;3;6.530037821408845;0.8072795790480249;0.9573268890380859;0.9502923488616943;0.30248355865478516;0.30979710817337036;0.6473752856254578;0.7670594453811646;-1.2590734958648682;1.2023193836212158
58;1;1;9.42003363960064;0.9453562882251134;0.955716609954834;0.9514134526252747;0.2991987466812134;0.30534669756889343;0.06448691338300705;0.776210367679596;-0.29344072937965393;0.49657702445983887
58;1;2;8.265408061810454;0.9366151320685212;0.955716609954834;0.9514134526252747;0.2991987466812134;0.30534669756889343;-0.002736099762842059;0.5629178285598755;0.6048861145973206;1.0256695747375488
58;1;3;6.60169785530716;0.8245424845965488;0.955716609954834;0.9514134526252747;0.2991987466812134;0.30534669756889343;0.6514436602592468;0.7732070684432983;-1.2784271240234375;1.229689359664917
59;1;1;9.40317556042654;0.9333274875786941;0.956119179725647;0.9522974491119385;0.29726284742355347;0.3017110228538513;0.05872071906924248;0.7796329855918884;-0.3002781569957733;0.4978099763393402
59;1;2;8.406959097799373;0.9258662046046275;0.956119179725647;0.9522974491119385;0.29726284742355347;0.3017110228538513;-0.001762906787917018;0.5631610155105591;0.6171531677246094;1.0364294052124023
59;1;3;6.67248707276379;0.8126685935843856;0.956119179725647;0.9522974491119385;0.29726284742355347;0.3017110228538513;0.6554955840110779;0.7793475985527039;-1.296905279159546;1.2558213472366333
60;1;1;9.378189220790667;0.9242659224661764;0.956119179725647;0.9527716636657715;0.2967199683189392;0.29913219809532166;0.053523093461990356;0.7830812931060791;-0.3065163791179657;0.5003541111946106
60;1;2;8.484564946791846;0.9172067190077584;0.956119179725647;0.9527716636657715;0.2967199683189392;0.29913219809532166;-0.0010822296608239412;0.5638045072555542;0.6279512643814087;1.0455386638641357
60;1;3;6.716836012826324;0.7998337649731759;0.956119179725647;0.9527716636657715;0.2967199683189392;0.29913219809532166;0.6593085527420044;0.785142719745636;-1.3150060176849365;1.2814198732376099
61;1;1;9.351179154216979;0.9320315396181584;0.955314040184021;0.9532852172851562;0.29775890707969666;0.29774904251098633;0.04903100058436394;0.786442756652832;-0.31206342577934265;0.5049578547477722
61;1;2;8.474408860150799;0.9284969053215946;0.955314040184021;0.9532852172851562;0.29775890707969666;0.29774904251098633;-0.00080083217471838;0.5649628043174744;0.6365167498588562;1.0525176525115967
61;1;3;6.723762830382899;0.8257332238942183;0.955314040184021;0.9532852172851562;0.29775890707969666;0.29774904251098633;0.6627143621444702;0.7903337478637695;-1.3330512046813965;1.3069394826889038
62;1;1;9.311631896132681;0.9149472445802616;0.9549114108085632;0.953369140625;0.29826921224594116;0.29677486419677734;0.04533826932311058;0.7895956635475159;-0.3168923854827881;0.5115516781806946
62;1;2;8.400056329886837;0.9118664155449672;0.9549114108085632;0.953369140625;0.29826921224594116;0.29677486419677734;-0.0008694808348082006;0.5665537714958191;0.6428516507148743;1.0574312210083008
62;1;3;6.675822233390299;0.8101834151934497;0.9549114108085632;0.953369140625;0.29826921224594116;0.29677486419677734;0.6656471490859985;0.7948170900344849;-1.3511173725128174;1.332489013671875
63;1;1;9.30115889190374;0.9227027419475675;0.9541062712669373;0.9534827470779419;0.2983570098876953;0.29583463072776794;0.042498983442783356;0.7924034595489502;-0.3212330937385559;0.5194862484931946
63;1;2;8.318827417745279;0.9220640708340753;0.9541062712669373;0.9534827470779419;0.2983570098876953;0.29583463072776794;-0.0011412461753934622;0.5683766603469849;0.6474840641021729;1.0607742071151733
63;1;3;6.62237722892031;0.8216382017800523;0.9541062712669373;0.9534827470779419;0.2983570098876953;0.29583463072776794;0.6681423187255859;0.7986440062522888;-1.3690717220306396;1.3578802347183228
64;1;1;9.290159966626149;0.9373657491830869;0.9533010721206665;0.9533345699310303;0.2978705167770386;0.29504239559173584;0.040454793721437454;0.794732391834259;-0.3252885937690735;0.5282383561134338
64;1;2;8.204998929761143;0.9410283002221576;0.9533010721206665;0.9533345699310303;0.2978705167770386;0.29504239559173584;-0.0014604568714275956;0.5702368021011353;0.6510636806488037;1.0632152557373047
64;1;3;6.575468616435444;0.8461548160887968;0.9533010721206665;0.9533345699310303;0.2978705167770386;0.29504239559173584;0.6703049540519714;0.8019729852676392;-1.3866503238677979;1.3827402591705322
65;1;1;9.276116495206388;0.9279399390333936;0.9528985023498535;0.9534432291984558;0.2970999479293823;0.29445940256118774;0.039219196885824203;0.7966405749320984;-0.3290542662143707;0.5368006229400635
65;1;2;8.073142407967644;0.9319605851614767;0.9528985023498535;0.9534432291984558;0.2970999479293823;0.29445940256118774;-0.0016641379334032536;0.5719286203384399;0.6543468236923218;1.0655326843261719
65;1;3;6.497850471341142;0.8317542466372707;0.9528985023498535;0.9534432291984558;0.2970999479293823;0.29445940256118774;0.6722795367240906;0.805025041103363;-1.4035365581512451;1.406620979309082
66;1;1;9.270642390901521;0.9160001615662097;0.9528985023498535;0.953522264957428;0.2961949408054352;0.2943410575389862;0.038770418614149094;0.7981277108192444;-0.33269554376602173;0.5444533824920654
66;1;2;7.94402744118408;0.9207308529262797;0.9528985023498535;0.953522264957428;0.2961949408054352;0.2943410575389862;-0.0016261975979432464;0.5732850432395935;0.657989501953125;1.0683963298797607
66;1;3;6.405754388106937;0.8042991761901082;0.9528985023498535;0.953522264957428;0.2961949408054352;0.2943410575389862;0.6742021441459656;0.8080084919929504;-1.4194507598876953;1.4291268587112427
67;1;1;9.275169310898299;0.9215403464267666;0.9537036418914795;0.9534382820129395;0.2953660488128662;0.2943216562271118;0.03912005573511124;0.7993006110191345;-0.3362313210964203;0.5504812002182007
67;1;2;7.878063011556467;0.9277775275361506;0.9537036418914795;0.9534382820129395;0.2953660488128662;0.2943216562271118;-0.0012644371017813683;0.574195146560669;0.6624757051467896;1.07228684425354
67;1;3;6.383068276060129;0.8191336181317315;0.9537036418914795;0.9534382820129395;0.2953660488128662;0.2943216562271118;0.6761813163757324;0.8110907077789307;-1.4342000484466553;1.4499857425689697
68;1;1;9.264792240160787;0.9213805703045708;0.953703761100769;0.9534136652946472;0.29456833004951477;0.29425525665283203;0.04028348997235298;0.8002766966819763;-0.33958742022514343;0.5545235872268677
68;1;2;7.832549806620424;0.9278539491177433;0.953703761100769;0.9534136652946472;0.29456833004951477;0.29425525665283203;-0.0005570570938289165;0.5746280550956726;0.6680017709732056;1.0773918628692627
68;1;3;6.353839545054276;0.8196032321652034;0.953703761100769;0.9534136652946472;0.29456833004951477;0.29425525665283203;0.6782719492912292;0.8143565654754639;-1.447723627090454;1.4691106081008911
69;1;1;9.244178497297511;0.9125431075331178;0.954106330871582;0.9534629583358765;0.29380080103874207;0.29377761483192444;0.04216994717717171;0.8010826706886292;-0.3427606225013733;0.5567880272865295
69;1;2;7.8065378071592875;0.9188226696069712;0.954106330871582;0.9534629583358765;0.29380080103874207;0.29377761483192444;0.00046239697257988155;0.5746342539787292;0.6744439005851746;1.0836031436920166
69;1;3;6.35487539992657;0.8091269260741196;0.954106330871582;0.9534629583358765;0.29380080103874207;0.29377761483192444;0.6804674863815308;0.8177975416183472;-1.460101842880249;1.4866161346435547
70;1;1;9.258831070474493;0.9309898191271628;0.9541062116622925;0.9535913467407227;0.2930724322795868;0.29291632771492004;0.044742222875356674;0.8018064498901367;-0.345598429441452;0.5575751066207886
70;1;2;7.884463780041354;0.9379857443186665;0.9541062116622925;0.9535913467407227;0.2930724322795868;0.29291632771492004;0.00172373466193676;0.5743160247802734;0.6814759969711304;1.0905646085739136
70;1;3;6.387357778710026;0.829686383705619;0.9541062116622925;0.9535913467407227;0.2930724322795868;0.29291632771492004;0.6827095746994019;0.8213238716125488;-1.4715330600738525;1.5027823448181152
71;1;1;9.232838721496222;0.9242292618552739;0.954106330871582;0.9535666704177856;0.29249709844589233;0.29180243611335754;0.04791727289557457;0.8024858236312866;-0.34795135259628296;0.5575128793716431
71;1;2;7.957267853369409;0.9277074517592929;0.954106330871582;0.9535666704177856;0.29249709844589233;0.29180243611335754;0.0031265579164028168;0.573820173740387;0.6885819435119629;1.0977563858032227
71;1;3;6.4492117814441485;0.8388610552630809;0.954106330871582;0.9535666704177856;0.29249709844589233;0.29180243611335754;0.6849011182785034;0.8247857093811035;-1.482295274734497;1.5180027484893799
72;1;1;9.245211140493026;0.9234680358530554;0.9545087814331055;0.9536308646202087;0.29218900203704834;0.290680855512619;0.05156389996409416;0.8031122088432312;-0.3497517704963684;0.5573815107345581
72;1;2;8.040713692556945;0.9324949598597136;0.9545087814331055;0.9536308646202087;0.29218900203704834;0.290680855512619;0.00455741910263896;0.5733104944229126;0.6951776742935181;1.1046072244644165
72;1;3;6.507937878043482;0.836192264621797;0.9545087814331055;0.9536308646202087;0.29218900203704834;0.290680855512619;0.6869319677352905;0.8280110359191895;-1.492687702178955;1.532699465751648
73;1;1;9.231982106852712;0.9206256086736815;0.9549114108085632;0.9538087248802185;0.29197928309440613;0.28967055678367615;0.055548738688230515;0.8036983013153076;-0.3509640395641327;0.5578079223632812
73;1;2;8.155552196020672;0.9258034597425073;0.9549114108085632;0.9538087248802185;0.29197928309440613;0.28967055678367615;0.005909633822739124;0.5729364156723022;0.7007831335067749;1.1105931997299194
73;1;3;6.496817152825802;0.82725869059683;0.9549114108085632;0.9538087248802185;0.29197928309440613;0.28967055678367615;0.6887092590332031;0.8308539986610413;-1.5029644966125488;1.5472331047058105
74;1;1;9.256395749283747;0.9325668311135615;0.9557165503501892;0.9538975954055786;0.2914394438266754;0.2888678014278412;0.059704750776290894;0.8042377829551697;-0.3516157567501068;0.5592058300971985
74;1;2;8.249601884162267;0.9395408385563293;0.9557165503501892;0.9538975954055786;0.2914394438266754;0.2888678014278412;0.007115984335541725;0.5727870464324951;0.7050954699516296;1.115440011024475
74;1;3;6.572981970823445;0.8436590166359874;0.9557165503501892;0.9538975954055786;0.2914394438266754;0.2888678014278412;0.690180778503418;0.8332306742668152;-1.5132861137390137;1.5618300437927246
75;1;1;9.265058291394745;0.9286998974248633;0.9569242596626282;0.9540309309959412;0.2906050682067871;0.2881526052951813;0.06392931938171387;0.804774820804596;-0.3517453670501709;0.56162029504776
75;1;2;8.30969964163015;0.9324910597975631;0.9569242596626282;0.9540309309959412;0.2906050682067871;0.2881526052951813;0.008142027072608471;0.5729055404663086;0.7080522775650024;1.1190710067749023
75;1;3;6.599647600833;0.8388152441777539;0.9569242596626282;0.9540309309959412;0.2906050682067871;0.2881526052951813;0.6913482546806335;0.8351411819458008;-1.5236940383911133;1.5765490531921387
76;1;1;9.29806417736026;0.938928731416901;0.9569242596626282;0.9541444778442383;0.2887537479400635;0.28737398982048035;0.06817060708999634;0.8052647709846497;-0.35144948959350586;0.5649620890617371
76;1;2;8.394609661010229;0.9414290380025996;0.9569242596626282;0.9541444778442383;0.2887537479400635;0.28737398982048035;0.009019700810313225;0.5732371211051941;0.7099413275718689;1.1216717958450317
76;1;3;6.612692078617151;0.8401365369020706;0.9569242596626282;0.9541444778442383;0.2887537479400635;0.28737398982048035;0.6922647953033447;0.8366668820381165;-1.53411865234375;1.5912920236587524
77;1;1;9.320603572265753;0.9400987521058397;0.95652174949646;0.954154372215271;0.28654736280441284;0.2865655720233917;0.07247889041900635;0.8057466149330139;-0.35073018074035645;0.5689449906349182
77;1;2;8.430572242006203;0.9405632657428171;0.95652174949646;0.954154372215271;0.28654736280441284;0.2865655720233917;0.009783674031496048;0.5737365484237671;0.7110711932182312;1.1235467195510864
77;1;3;6.61135771670131;0.8342660518756624;0.95652174949646;0.954154372215271;0.28654736280441284;0.2865655720233917;0.6930205225944519;0.8379467725753784;-1.5444090366363525;1.605844497680664
78;1;1;9.308504582002499;0.9455096012072914;0.95652174949646;0.9542334079742432;0.28439345955848694;0.28583240509033203;0.07674424350261688;0.8062005043029785;-0.34984537959098816;0.5731253027915955
78;1;2;8.412371655180603;0.9450737340102577;0.95652174949646;0.9542334079742432;0.28439345955848694;0.28583240509033203;0.010504730977118015;0.574303150177002;0.7118813991546631;1.1251416206359863
78;1;3;6.5947971198754445;0.8394404009866516;0.95652174949646;0.9542334079742432;0.28439345955848694;0.28583240509033203;0.6937195062637329;0.8391437530517578;-1.5543701648712158;1.619931936264038
79;1;1;9.324866208056875;0.9359866042535572;0.9577294588088989;0.9541791081428528;0.28243979811668396;0.2852036654949188;0.0808471143245697;0.8064301609992981;-0.3489874005317688;0.577634334564209
79;1;2;8.372090410667376;0.9363604924234998;0.9577294588088989;0.9541791081428528;0.28243979811668396;0.2852036654949188;0.011259802617132664;0.5748244524002075;0.7128005027770996;1.1268945932388306
79;1;3;6.55530295257214;0.8273134393467245;0.9577294588088989;0.9541791081428528;0.28243979811668396;0.2852036654949188;0.6944541335105896;0.8404028415679932;-1.5638236999511719;1.6333012580871582
80;1;1;9.318501867274627;0.9287389494584346;0.956924319267273;0.9541198015213013;0.28081434965133667;0.28473660349845886;0.08464977145195007;0.8063710331916809;-0.3484874665737152;0.5822744965553284
80;1;2;8.364573227491597;0.9305645887619036;0.956924319267273;0.9541198015213013;0.28081434965133667;0.28473660349845886;0.012088196352124214;0.5752426981925964;0.7141021490097046;1.1290991306304932
80;1;3;6.52414606608305;0.8101040773007622;0.956924319267273;0.9541198015213013;0.28081434965133667;0.28473660349845886;0.695295512676239;0.8418366312980652;-1.5726327896118164;1.645758867263794
81;1;1;9.361906440184477;0.9257803436964451;0.9581320285797119;0.954129695892334;0.279801607131958;0.28433138132095337;0.08813999593257904;0.8060535788536072;-0.34846457839012146;0.5865880250930786
81;1;2;8.401319647254098;0.928464186170249;0.9581320285797119;0.954129695892334;0.279801607131958;0.28433138132095337;0.01304231584072113;0.5754755735397339;0.7160870432853699;1.1319741010665894
81;1;3;6.524012036968095;0.8130664642838283;0.9581320285797119;0.954129695892334;0.279801607131958;0.28433138132095337;0.6962868571281433;0.8435143232345581;-1.580725908279419;1.6572043895721436
82;1;1;9.315600859207706;0.9247623260251387;0.9577294588088989;0.9542679786682129;0.27907562255859375;0.2839272618293762;0.09127988666296005;0.8054997324943542;-0.3489459156990051;0.5905470252037048
82;1;2;8.38312692363926;0.9232948508458847;0.9577294588088989;0.9542679786682129;0.27907562255859375;0.2839272618293762;0.0141111696138978;0.5755338072776794;0.7187344431877136;1.135505199432373
82;1;3;6.532157101125062;0.8254544161045132;0.9577294588088989;0.9542679786682129;0.27907562255859375;0.2839272618293762;0.6974272727966309;0.8454357385635376;-1.5881273746490479;1.66767156124115
83;1;1;9.346182596423866;0.940880484733718;0.9577294588088989;0.9543815851211548;0.27871420979499817;0.2834872305393219;0.09408113360404968;0.8047086596488953;-0.34988895058631897;0.5944652557373047
83;1;2;8.456839359595225;0.937653479531857;0.9577294588088989;0.9543815851211548;0.27871420979499817;0.2834872305393219;0.015232770703732967;0.5754982829093933;0.7217945456504822;1.1394634246826172
83;1;3;6.55306521585587;0.830458990627811;0.9577294588088989;0.9543815851211548;0.27871420979499817;0.2834872305393219;0.6986772418022156;0.8475398421287537;-1.5949456691741943;1.6773144006729126
84;1;1;9.383041690858981;0.9433873058104609;0.9577294588088989;0.9545396566390991;0.2784552574157715;0.28302687406539917;0.09651413559913635;0.8036310076713562;-0.35129114985466003;0.5987775325775146
84;1;2;8.522609693337898;0.9400637790411182;0.9577294588088989;0.9545396566390991;0.2784552574157715;0.28302687406539917;0.016343213617801666;0.5754467844963074;0.7249726057052612;1.1435736417770386
84;1;3;6.5852608745273;0.8290224906100256;0.9577294588088989;0.9545396566390991;0.2784552574157715;0.28302687406539917;0.6999763250350952;0.8497318029403687;-1.601337194442749;1.686353087425232
85;1;1;9.356398358160519;0.9336817288778505;0.9581320285797119;0.9547322988510132;0.2782227694988251;0.28254103660583496;0.09866481274366379;0.8022438883781433;-0.35291314125061035;0.6040273308753967
85;1;2;8.568235979432338;0.9283242678591144;0.9581320285797119;0.9547322988510132;0.2782227694988251;0.28254103660583496;0.017367379739880562;0.575478196144104;0.7279462814331055;1.1475231647491455
85;1;3;6.617528153516298;0.8270027715380177;0.9581320285797119;0.9547322988510132;0.2782227694988251;0.28254103660583496;0.7012659907341003;0.8519191741943359;-1.6074590682983398;1.695011019706726
86;1;1;9.337364635433637;0.9344616272295738;0.9589371681213379;0.954929769039154;0.2779277563095093;0.28203296661376953;0.10055308789014816;0.800550103187561;-0.35473933815956116;0.6102821230888367
86;1;2;8.566441756254392;0.9315639168844676;0.9589371681213379;0.954929769039154;0.2779277563095093;0.28203296661376953;0.018285753205418587;0.575614869594574;0.7306252717971802;1.151168942451477
86;1;3;6.637774751060194;0.83221747566194;0.9589371681213379;0.954929769039154;0.2779277563095093;0.28203296661376953;0.7025143504142761;0.8540501594543457;-1.6134204864501953;1.7034413814544678
87;1;1;9.315803111743868;0.9319809252948161;0.9585345983505249;0.9551272392272949;0.27750226855278015;0.281475305557251;0.10223772376775742;0.7986106872558594;-0.356697142124176;0.6173990964889526
87;1;2;8.565550845740432;0.9321406368912655;0.9585345983505249;0.9551272392272949;0.27750226855278015;0.281475305557251;0.019100191071629524;0.5758602619171143;0.7330282926559448;1.1544729471206665
87;1;3;6.644149764467313;0.8342829860748395;0.9585345983505249;0.9551272392272949;0.27750226855278015;0.281475305557251;0.7037196159362793;0.8561211824417114;-1.6192703247070312;1.7117143869400024
88;1;1;9.330476603894617;0.9274693067747464;0.9585345983505249;0.9552408456802368;0.27690398693084717;0.2808881402015686;0.10377075523138046;0.7965355515480042;-0.3587068021297455;0.6251598596572876
88;1;2;8.611503772826762;0.9260377074885184;0.9585345983505249;0.9552408456802368;0.27690398693084717;0.2808881402015686;0.01980826072394848;0.576236367225647;0.7351802587509155;1.1574478149414062
88;1;3;6.658749435309849;0.830227771763342;0.9585345983505249;0.9552408456802368;0.27690398693084717;0.2808881402015686;0.7049054503440857;0.8581675887107849;-1.6250054836273193;1.7198253870010376
89;1;1;9.325646981525864;0.9241039409005509;0.9585345983505249;0.9553199410438538;0.2761572301387787;0.2802891433238983;0.10520608723163605;0.7944144010543823;-0.36073023080825806;0.633260190486908
89;1;2;8.61102986250999;0.9222748739824738;0.9585345983505249;0.9553199410438538;0.2761572301387787;0.2802891433238983;0.020435398444533348;0.5767272710800171;0.7372130155563354;1.1602202653884888
89;1;3;6.680824152886704;0.8353221808966111;0.9585345983505249;0.9553199410438538;0.2761572301387787;0.2802891433238983;0.7061132192611694;0.8602542281150818;-1.630580186843872;1.7277088165283203
90;1;1;9.33046733286075;0.9261383718204428;0.9585345983505249;0.9553841352462769;0.2753274738788605;0.27970853447914124;0.1065501943230629;0.7923030853271484;-0.3627855181694031;0.6415095329284668
90;1;2;8.619391494663201;0.9264284045060265;0.9585345983505249;0.9553841352462769;0.2753274738788605;0.27970853447914124;0.02100091055035591;0.5773267149925232;0.7392294406890869;1.16294264793396
90;1;3;6.7104348330913;0.8371111739404071;0.9585345983505249;0.9553841352462769;0.2753274738788605;0.27970853447914124;0.707390546798706;0.8624564409255981;-1.6359272003173828;1.7352710962295532
91;1;1;9.34621824138781;0.934177545836917;0.9589371681213379;0.9555174708366394;0.27447405457496643;0.27912864089012146;0.10783112049102783;0.7901857495307922;-0.36485740542411804;0.6498307585716248
91;1;2;8.616309576193139;0.9318930803544418;0.9589371681213379;0.9555174708366394;0.27447405457496643;0.27912864089012146;0.02154425159096718;0.5779939889907837;0.74141526222229;1.1657979488372803
91;1;3;6.698614687829636;0.8333662244101294;0.9589371681213379;0.9555174708366394;0.27447405457496643;0.27912864089012146;0.7087835073471069;0.8648471832275391;-1.6409778594970703;1.7424137592315674
92;1;1;9.357213053324536;0.932927606677751;0.9593397378921509;0.9555470943450928;0.27363455295562744;0.2785377502441406;0.10905885696411133;0.7880663275718689;-0.3670150935649872;0.6580888628959656
92;1;2;8.605113478890633;0.9327416878109922;0.9593397378921509;0.9555470943450928;0.27363455295562744;0.2785377502441406;0.022092334926128387;0.5787034630775452;0.7438712120056152;1.1689482927322388
92;1;3;6.712184604532279;0.8368647510159501;0.9593397378921509;0.9555470943450928;0.27363455295562744;0.2785377502441406;0.7103275656700134;0.8674834370613098;-1.6456782817840576;1.749060869216919
93;1;1;9.35236118445573;0.9433107380134516;0.9593397378921509;0.9556459188461304;0.2729374170303345;0.27794933319091797;0.11028394848108292;0.7860123515129089;-0.3692167401313782;0.6660529375076294
93;1;2;8.581936840899022;0.9428065048700276;0.9593397378921509;0.9556459188461304;0.2729374170303345;0.27794933319091797;0.022666439414024353;0.5794330835342407;0.7466837167739868;1.172479271888733
93;1;3;6.709535809303681;0.8408982069367532;0.9593397378921509;0.9556459188461304;0.2729374170303345;0.27794933319091797;0.712041974067688;0.8703962564468384;-1.650005578994751;1.7551804780960083
94;1;1;9.327619198832444;0.9335092619328833;0.9589371681213379;0.9557644128799438;0.27235233783721924;0.2773737907409668;0.1115841194987297;0.78408282995224;-0.37139493227005005;0.6735207438468933
94;1;2;8.56762482285773;0.9340564202409567;0.9589371681213379;0.9557644128799438;0.27235233783721924;0.2773737907409668;0.023295395076274872;0.5801575183868408;0.7499129176139832;1.1763991117477417
94;1;3;6.685753192949207;0.8350165017930813;0.9589371681213379;0.9557644128799438;0.27235233783721924;0.2773737907409668;0.7139226198196411;0.8735790252685547;-1.6539804935455322;1.760801911354065
95;1;1;9.322511283877674;0.938013106407368;0.9589371681213379;0.9559026956558228;0.2719522714614868;0.27676695585250854;0.11301813274621964;0.7823032140731812;-0.37350669503211975;0.6804627776145935
95;1;2;8.574289427590486;0.9370964572464651;0.9589371681213379;0.9559026956558228;0.2719522714614868;0.27676695585250854;0.023970238864421844;0.5808818936347961;0.7534912824630737;1.180601716041565
95;1;3;6.67205394128851;0.827528841593832;0.9589371681213379;0.9559026956558228;0.2719522714614868;0.27676695585250854;0.715936541557312;0.8769795894622803;-1.6576740741729736;1.766025424003601
96;1;1;9.329883045974796;0.9212728070176652;0.9585345983505249;0.9559965133666992;0.2715824842453003;0.27616947889328003;0.11459627002477646;0.7806447744369507;-0.3755161762237549;0.6871560215950012
96;1;2;8.602931856556598;0.9222438741243231;0.9585345983505249;0.9559965133666992;0.2715824842453003;0.27616947889328003;0.024642039090394974;0.5816645622253418;0.7571587562561035;1.1848872900009155
96;1;3;6.669784426240497;0.8243509470106094;0.9585345983505249;0.9559965133666992;0.2715824842453003;0.27616947889328003;0.7180303335189819;0.8805123567581177;-1.6611919403076172;1.771000862121582
97;1;1;9.282104142189631;0.9193812121269644;0.9589371681213379;0.9561989903450012;0.2712481617927551;0.2756022810935974;0.1163586899638176;0.7790753245353699;-0.3773534297943115;0.6938336491584778
97;1;2;8.556568568881907;0.9173658886431078;0.9589371681213379;0.9561989903450012;0.2712481617927551;0.2756022810935974;0.02527339570224285;0.5825453400611877;0.7607091665267944;1.1890493631362915
97;1;3;6.686798418636471;0.833817138104747;0.9589371681213379;0.9561989903450012;0.2712481617927551;0.2756022810935974;0.7201465368270874;0.8840847015380859;-1.6646428108215332;1.7758806943893433
98;1;1;9.327753475806823;0.9387897079618313;0.9597423076629639;0.9563126564025879;0.2708801329135895;0.2750215530395508;0.11831710487604141;0.7775442600250244;-0.3790261149406433;0.7005531787872314
98;1;2;8.610683678767298;0.9393706145636891;0.9597423076629639;0.9563126564025879;0.2708801329135895;0.2750215530395508;0.0258769690990448;0.5835020542144775;0.764110267162323;1.1929724216461182
98;1;3;6.687425985706193;0.8234863480003245;0.9597423076629639;0.9563126564025879;0.2708801329135895;0.2750215530395508;0.7222385406494141;0.8876215219497681;-1.6681089401245117;1.7807825803756714
99;1;1;9.329187446348598;0.9211352252240488;0.9597423076629639;0.9565545916557312;0.27043381333351135;0.2744103968143463;0.12047171592712402;0.7760420441627502;-0.38052138686180115;0.7073543071746826
99;1;2;8.600820394223383;0.9244668665873483;0.9597423076629639;0.9565545916557312;0.27043381333351135;0.2744103968143463;0.026446152478456497;0.5845369696617126;0.7672838568687439;1.1965733766555786
99;1;3;6.667468926432647;0.8320904955078436;0.9597423076629639;0.9565545916557312;0.27043381333351135;0.2744103968143463;0.7242739200592041;0.8910700082778931;-1.6716418266296387;1.7857788801193237
100;1;1;9.332495164593347;0.9266703873437194;0.9601449370384216;0.9566286206245422;0.2698860764503479;0.2738022208213806;0.12279708683490753;0.7745226621627808;-0.38187867403030396;0.7143079042434692
100;1;2;8.587738076512405;0.9283732776526676;0.9601449370384216;0.9566286206245422;0.2698860764503479;0.2738022208213806;0.02697916142642498;0.5856410264968872;0.770187258720398;1.1998494863510132
100;1;3;6.673562098264389;0.8233165269544624;0.9601449370384216;0.9566286206245422;0.2698860764503479;0.2738022208213806;0.7262363433837891;0.8944035172462463;-1.6752567291259766;1.7908910512924194
101;1;1;9.338926097820725;0.9275483203075723;0.9601449370384216;0.9567323923110962;0.26924553513526917;0.27319496870040894;0.1252783089876175;0.7728666663169861;-0.3831060826778412;0.7215861678123474
101;1;2;8.585787551529318;0.9294894430177472;0.9601449370384216;0.9567323923110962;0.26924553513526917;0.27319496870040894;0.027498437091708183;0.5867730379104614;0.7729111909866333;1.2028635740280151
101;1;3;6.661481253063771;0.8269204663867313;0.9601449370384216;0.9567323923110962;0.26924553513526917;0.27319496870040894;0.7281274795532227;0.8976249098777771;-1.6789321899414062;1.7960892915725708
102;1;1;9.350970770564729;0.9250594030354549;0.9601449370384216;0.9568607807159424;0.268507182598114;0.2725987136363983;0.12790846824645996;0.7711483836174011;-0.38415175676345825;0.7289217114448547
102;1;2;8.568218906292824;0.9281977569303663;0.9601449370384216;0.9568607807159424;0.268507182598114;0.2725987136363983;0.028028592467308044;0.5878899693489075;0.7755522727966309;1.2057623863220215
102;1;3;6.643816175669677;0.8291240475213328;0.9601449370384216;0.9568607807159424;0.268507182598114;0.2725987136363983;0.7299668788909912;0.9007660746574402;-1.6826140880584717;1.8012959957122803
103;1;1;9.339328604656352;0.9257674581355815;0.9605475068092346;0.9569892287254333;0.26772019267082214;0.27201297879219055;0.13064327836036682;0.7693358063697815;-0.38511985540390015;0.7362408638000488
103;1;2;8.562171890983667;0.9295813383289158;0.9605475068092346;0.9569892287254333;0.26772019267082214;0.27201297879219055;0.028591491281986237;0.5889567136764526;0.7782304286956787;1.2086818218231201
103;1;3;6.614963225867093;0.8331788704454226;0.9605475068092346;0.9569892287254333;0.26772019267082214;0.27201297879219055;0.7317823171615601;0.9038721919059753;-1.6862354278564453;1.80641770362854
104;1;1;9.312868545674803;0.9202962668232004;0.9597423672676086;0.9571027755737305;0.26694318652153015;0.2714346647262573;0.13343684375286102;0.7674195766448975;-0.3861139118671417;0.7434095144271851
104;1;2;8.504678442809332;0.9218697403744187;0.9597423672676086;0.9571027755737305;0.26694318652153015;0.2714346647262573;0.029212849214673042;0.5899333953857422;0.7810742259025574;1.2117658853530884
104;1;3;6.569835661060651;0.839651114077185;0.9597423672676086;0.9571027755737305;0.26694318652153015;0.2714346647262573;0.7336017489433289;0.9069890379905701;-1.689734935760498;1.811366319656372
105;1;1;9.321716527198276;0.9164457956669452;0.9601449370384216;0.9572311639785767;0.2662156820297241;0.2708628177642822;0.1362365037202835;0.7653664350509644;-0.38723185658454895;0.7503795623779297
105;1;2;8.493778781492807;0.9189836664884048;0.9601449370384216;0.9572311639785767;0.2662156820297241;0.2708628177642822;0.029913760721683502;0.5907877087593079;0.7841781973838806;1.215126633644104
105;1;3;6.536337025566077;0.8237858708842047;0.9601449370384216;0.9572311639785767;0.2662156820297241;0.2708628177642822;0.7354458570480347;0.9101499915122986;-1.6930737495422363;1.816088080406189
106;1;1;9.325210022639851;0.9356877237522667;0.9605475068092346;0.9574484825134277;0.2655675709247589;0.27028581500053406;0.1390007585287094;0.7631789445877075;-0.3885113298892975;0.7571605443954468
106;1;2;8.476779879190751;0.9385533070118548;0.9605475068092346;0.9574484825134277;0.2655675709247589;0.27028581500053406;0.030690545216202736;0.591526985168457;0.7875337600708008;1.218781590461731
106;1;3;6.545683382864336;0.8430534938035397;0.9605475068092346;0.9574484825134277;0.2655675709247589;0.27028581500053406;0.7373217940330505;0.9133661389350891;-1.6962487697601318;1.8205783367156982
107;1;1;9.335772631480616;0.9334695129568331;0.9609500765800476;0.9576361775398254;0.2649783790111542;0.269709974527359;0.14170320332050323;0.7608705759048462;-0.38995012640953064;0.7638477683067322
107;1;2;8.474836308210538;0.9357283984157796;0.9609500765800476;0.9576361775398254;0.2649783790111542;0.269709974527359;0.031517792493104935;0.5921931266784668;0.791045606136322;1.2226537466049194
107;1;3;6.563099557140552;0.8479798224107462;0.9609500765800476;0.9576361775398254;0.2649783790111542;0.269709974527359;0.7392243146896362;0.9166277647018433;-1.6992912292480469;1.8248809576034546
108;1;1;9.291487880209957;0.9148705628337623;0.9609500765800476;0.9578386545181274;0.2644116282463074;0.2691420614719391;0.14432500302791595;0.7584552764892578;-0.3914954364299774;0.7705894708633423
108;1;2;8.452191449187477;0.9182002177730766;0.9609500765800476;0.9578386545181274;0.2644116282463074;0.2691420614719391;0.03236398845911026;0.59283846616745;0.794581413269043;1.2266288995742798
108;1;3;6.556691510538151;0.8310843140389359;0.9609500765800476;0.9578386545181274;0.2644116282463074;0.2691420614719391;0.7411396503448486;0.919910728931427;-1.702254295349121;1.8290717601776123
109;1;1;9.351432867150706;0.9373081482715833;0.9609500765800476;0.9579176306724548;0.26388850808143616;0.2685782313346863;0.14684930443763733;0.7559539675712585;-0.39312997460365295;0.7774434089660645
109;1;2;8.503673354673957;0.9392695268557993;0.9609500765800476;0.9579176306724548;0.26388850808143616;0.2685782313346863;0.03321269527077675;0.5934965014457703;0.798069953918457;1.2305909395217896
109;1;3;6.581558041507851;0.8433435208482631;0.9609500765800476;0.9579176306724548;0.26388850808143616;0.2685782313346863;0.743053138256073;0.9231893420219421;-1.7051966190338135;1.8332327604293823
110;1;1;9.327457264123645;0.9397240836675422;0.9617552757263184;0.9580904841423035;0.26341864466667175;0.268079936504364;0.1493402123451233;0.7535887360572815;-0.39462223649024963;0.7841221690177917
110;1;2;8.520138671648702;0.9425578790838927;0.9617552757263184;0.9580904841423035;0.26341864466667175;0.268079936504364;0.034049101173877716;0.5941996574401855;0.8014549612998962;1.234421730041504
110;1;3;6.60220136950438;0.8645646510434286;0.9617552757263184;0.9580904841423035;0.26341864466667175;0.268079936504364;0.7449519038200378;0.9264405965805054;-1.7081713676452637;1.8374394178390503
111;1;1;9.331412541490614;0.9269306052148281;0.9625604152679443;0.958352267742157;0.2629645764827728;0.267620712518692;0.15177257359027863;0.7513492703437805;-0.3959752321243286;0.7907108664512634
111;1;2;8.516061731765866;0.9310556021053387;0.9625604152679443;0.958352267742157;0.2629645764827728;0.267620712518692;0.03486287593841553;0.5949679017066956;0.8046879768371582;1.2380388975143433
111;1;3;6.604322446601188;0.8446101437870546;0.9625604152679443;0.958352267742157;0.2629645764827728;0.267620712518692;0.7468231916427612;0.9296419620513916;-1.7112228870391846;1.8417549133300781
112;1;1;9.28846206775485;0.9183253572734955;0.9633655548095703;0.9584066271781921;0.2625105679035187;0.2671815752983093;0.15413065254688263;0.7492387294769287;-0.3971656858921051;0.7973158359527588
112;1;2;8.483649924276452;0.9221268255224047;0.9633655548095703;0.9584066271781921;0.2625105679035187;0.2671815752983093;0.03563006967306137;0.5958366394042969;0.8076752424240112;1.241377353668213
112;1;3;6.602345978395135;0.8402196833265752;0.9633655548095703;0.9584066271781921;0.2625105679035187;0.2671815752983093;0.7486584186553955;0.9327784180641174;-1.714378833770752;1.8462183475494385
113;1;1;9.280403804505148;0.9329557544488978;0.9629629850387573;0.958505392074585;0.26202064752578735;0.2667428255081177;0.156395822763443;0.7471987009048462;-0.39826518297195435;0.803966224193573
113;1;2;8.469119768013524;0.9364543728926762;0.9629629850387573;0.958505392074585;0.26202064752578735;0.2667428255081177;0.03636716306209564;0.596781849861145;0.810481071472168;1.2444552183151245
113;1;3;6.59512509277547;0.8484586417247435;0.9629629850387573;0.958505392074585;0.26202064752578735;0.2667428255081177;0.7504581809043884;0.935850203037262;-1.7176406383514404;1.8508312702178955
114;1;1;9.304528692821044;0.9201102886589894;0.9629629850387573;0.9585843682289124;0.2614564597606659;0.26630353927612305;0.15853552520275116;0.745201587677002;-0.39936429262161255;0.8105981945991516
114;1;2;8.48024456447181;0.9228750077895285;0.9629629850387573;0.9585843682289124;0.2614564597606659;0.26630353927612305;0.03709644824266434;0.5977709293365479;0.813200831413269;1.2473242282867432
114;1;3;6.601284391364432;0.8466741151588622;0.9629629850387573;0.9585843682289124;0.2614564597606659;0.26630353927612305;0.752230167388916;0.9388700723648071;-1.7209892272949219;1.8555666208267212
115;1;1;9.303619847596423;0.9276783691775776;0.9629629850387573;0.9586634039878845;0.26086318492889404;0.2658568322658539;0.160522922873497;0.7432057857513428;-0.40053677558898926;0.8172391057014465
115;1;2;8.472762861544766;0.930360637123492;0.9629629850387573;0.9586634039878845;0.26086318492889404;0.2658568322658539;0.037822358310222626;0.598793089389801;0.815855860710144;1.250046730041504
115;1;3;6.582184169435823;0.8351330928606977;0.9629629850387573;0.9586634039878845;0.26086318492889404;0.2658568322658539;0.7539839148521423;0.941853404045105;-1.7243976593017578;1.860386848449707
116;1;1;9.290342950071796;0.9274399083079459;0.9633655548095703;0.9588609933853149;0.26026520133018494;0.26540425419807434;0.16234707832336426;0.7411741018295288;-0.4018636643886566;0.8238142728805542
116;1;2;8.445281780633103;0.9308950818411397;0.9633655548095703;0.9588609933853149;0.26026520133018494;0.26540425419807434;0.038574665784835815;0.5998044610023499;0.8185595273971558;1.252698302268982
116;1;3;6.5857828851102305;0.8395535954687716;0.9633655548095703;0.9588609933853149;0.26026520133018494;0.26540425419807434;0.7557281851768494;0.9448152780532837;-1.7278385162353516;1.86525297164917
117;1;1;9.287208294552713;0.9209347075759879;0.9637681245803833;0.9589548110961914;0.25963345170021057;0.2649432420730591;0.16400311887264252;0.7390884160995483;-0.4033859372138977;0.8303169012069702
117;1;2;8.430909533260312;0.9240461264622937;0.9637681245803833;0.9589548110961914;0.25963345170021057;0.2649432420730591;0.03935764729976654;0.6007958054542542;0.8213204145431519;1.2553186416625977
117;1;3;6.566265309580961;0.834035435297297;0.9637681245803833;0.9589548110961914;0.25963345170021057;0.2649432420730591;0.7574663162231445;0.947761058807373;-1.7312958240509033;1.8701423406600952
118;1;1;9.288695387363397;0.9203270266580859;0.9641706943511963;0.9590238928794861;0.2589804530143738;0.2644850015640259;0.1655028611421585;0.7369531989097595;-0.4050750732421875;0.8368343710899353
118;1;2;8.431226970499548;0.9236474061817574;0.9641706943511963;0.9590238928794861;0.2589804530143738;0.2644850015640259;0.040145017206668854;0.6018015742301941;0.8240348100662231;1.25788414478302
118;1;3;6.561582269876773;0.8417111454953528;0.9641706943511963;0.9590238928794861;0.2589804530143738;0.2644850015640259;0.75919508934021;0.9506855607032776;-1.7347688674926758;1.8750542402267456
119;1;1;9.306685561751365;0.9207388100413496;0.9641706943511963;0.9591226577758789;0.25838011503219604;0.2640199661254883;0.16684219241142273;0.7347303628921509;-0.40697726607322693;0.843372642993927
119;1;2;8.453662487707014;0.9242281514935051;0.9641706943511963;0.9591226577758789;0.25838011503219604;0.2640199661254883;0.040952589362859726;0.6028020977973938;0.8267426490783691;1.2603932619094849
119;1;3;6.559376420618049;0.8473370788656069;0.9641706943511963;0.9591226577758789;0.25838011503219604;0.2640199661254883;0.7609095573425293;0.9535803198814392;-1.7382619380950928;1.87999427318573
120;1;1;9.328837148292628;0.926762979814022;0.9641706943511963;0.9591918587684631;0.25780898332595825;0.2636070251464844;0.16826367378234863;0.7328209280967712;-0.4086368978023529;0.8493750095367432
120;1;2;8.46740426930404;0.9309874758153356;0.9641706943511963;0.9591918587684631;0.25780898332595825;0.2636070251464844;0.04175887256860733;0.6038276553153992;0.829347550868988;1.262800931930542
120;1;3;6.559923582335488;0.8484715334885529;0.9641706943511963;0.9591918587684631;0.25780898332595825;0.2636070251464844;0.7626010179519653;0.9564308524131775;-1.7417879104614258;1.8849806785583496
121;1;1;9.31423833001893;0.9200061383429059;0.9641706943511963;0.9592313766479492;0.2573011517524719;0.2632584571838379;0.16975334286689758;0.7311570048332214;-0.4100947976112366;0.8549022674560547
121;1;2;8.4324571159815;0.9248570569246901;0.9641706943511963;0.9592313766479492;0.2573011517524719;0.2632584571838379;0.042579591274261475;0.6048511862754822;0.8318780660629272;1.2650882005691528
121;1;3;6.553005088284307;0.8450967902938356;0.9641706943511963;0.9592313766479492;0.2573011517524719;0.2632584571838379;0.7642536163330078;0.9592117667198181;-1.7453668117523193;1.8900420665740967
122;1;1;9.30597049838429;0.9163044790810488;0.9641706943511963;0.959364652633667;0.25677788257598877;0.2628990709781647;0.17129240930080414;0.7296472191810608;-0.4114048182964325;0.8601066470146179
122;1;2;8.410148846193106;0.9197702609820659;0.9641706943511963;0.959364652633667;0.25677788257598877;0.2628990709781647;0.043410398066043854;0.6058693528175354;0.8342956304550171;1.2672128677368164
122;1;3;6.527922207301794;0.8495766280226658;0.9641706943511963;0.959364652633667;0.25677788257598877;0.2628990709781647;0.7658483982086182;0.9618918895721436;-1.7490234375;1.89521324634552
123;1;1;9.32479909903384;0.9320012009119978;0.9645732641220093;0.9594733715057373;0.25627830624580383;0.26254603266716003;0.1728602647781372;0.7282161712646484;-0.41260823607444763;0.8650609850883484
123;1;2;8.424076628699925;0.9360846050906773;0.9645732641220093;0.9594733715057373;0.25627830624580383;0.26254603266716003;0.04426489770412445;0.6068563461303711;0.8366290926933289;1.2691452503204346
123;1;3;6.524101923287631;0.8544681137628647;0.9645732641220093;0.9594733715057373;0.25627830624580383;0.26254603266716003;0.7673677802085876;0.964443027973175;-1.7527790069580078;1.9005244970321655
124;1;1;9.307734349961827;0.9345757255424516;0.9645732641220093;0.9595523476600647;0.2557781934738159;0.2622148096561432;0.17446427047252655;0.7268388271331787;-0.41366568207740784;0.8699744343757629
124;1;2;8.407377466027185;0.9401724292110067;0.9645732641220093;0.9595523476600647;0.2557781934738159;0.2622148096561432;0.04508857801556587;0.6078730225563049;0.8386892676353455;1.270810604095459
124;1;3;6.498417061111727;0.8601575122188851;0.9645732641220093;0.9595523476600647;0.2557781934738159;0.2622148096561432;0.7687969207763672;0.9668413996696472;-1.7566502094268799;1.9059991836547852
125;1;1;9.310277705048414;0.9227805698937246;0.9649758338928223;0.959670901298523;0.25524643063545227;0.2619045376777649;0.17608927190303802;0.7254575490951538;-0.41463562846183777;0.8748475909233093
125;1;2;8.393000083970517;0.9276068582694421;0.9649758338928223;0.959670901298523;0.25524643063545227;0.2619045376777649;0.04590149223804474;0.6088845133781433;0.840550422668457;1.2722419500350952
125;1;3;6.479834357484592;0.8498318208899605;0.9649758338928223;0.959670901298523;0.25524643063545227;0.2619045376777649;0.7701346278190613;0.9690856337547302;-1.7606279850006104;1.911624550819397
126;1;1;9.311350514836157;0.9201417713260298;0.9649758338928223;0.9597499370574951;0.25467997789382935;0.26161128282546997;0.17770569026470184;0.7240214943885803;-0.415583997964859;0.8796378374099731
126;1;2;8.357605004440483;0.9250896203206587;0.9649758338928223;0.9597499370574951;0.25467997789382935;0.26161128282546997;0.04673133045434952;0.6098421216011047;0.8423137664794922;1.2735378742218018
126;1;3;6.465421671114786;0.8499186429617804;0.9649758338928223;0.9597499370574951;0.25467997789382935;0.26161128282546997;0.7713896632194519;0.9711908102035522;-1.7646863460540771;1.9173640012741089
127;1;1;9.312321871450266;0.9256125315067152;0.9649758338928223;0.9598190188407898;0.2541033923625946;0.2613108456134796;0.1792946606874466;0.7225000262260437;-0.4165616035461426;0.8843047618865967
127;1;2;8.335677068306765;0.9305571329407272;0.9649758338928223;0.9598190188407898;0.2541033923625946;0.2613108456134796;0.0475987046957016;0.6107125878334045;0.844070315361023;1.2747766971588135
127;1;3;6.449079069631463;0.8618092666301465;0.9649758338928223;0.9598190188407898;0.2541033923625946;0.2613108456134796;0.7725745439529419;0.9731774926185608;-1.7687976360321045;1.9231778383255005
128;1;1;9.344036155971814;0.9373957256911183;0.9649758338928223;0.9598190784454346;0.25355228781700134;0.2610319256782532;0.1808481067419052;0.7209116816520691;-0.41755276918411255;0.888908326625824
128;1;2;8.339365908383805;0.9437018594338582;0.9649758338928223;0.9598190784454346;0.25355228781700134;0.2610319256782532;0.04847126081585884;0.6115314364433289;0.8457433581352234;1.2759767770767212
128;1;3;6.454597898873146;0.8639516756387273;0.9649758338928223;0.9598190784454346;0.25355228781700134;0.2610319256782532;0.7737001180648804;0.9750638008117676;-1.7729430198669434;1.9290406703948975
129;1;1;9.344423052990571;0.9241602859809674;0.9649758338928223;0.959873378276825;0.2530119717121124;0.26078397035598755;0.18233947455883026;0.7192614674568176;-0.41857537627220154;0.8934250473976135
129;1;2;8.325354574550257;0.9293061114244985;0.9649758338928223;0.959873378276825;0.2530119717121124;0.26078397035598755;0.04935511201620102;0.61229008436203;0.8473777174949646;1.277178168296814
129;1;3;6.436348968069337;0.8492583228165067;0.9649758338928223;0.959873378276825;0.2530119717121124;0.26078397035598755;0.7747787237167358;0.9768696427345276;-1.777106523513794;1.9349284172058105
130;1;1;9.33373480262032;0.9133071744690042;0.9649758338928223;0.9599078893661499;0.25252294540405273;0.26055076718330383;0.18376199901103973;0.7175789475440979;-0.41960611939430237;0.8978906869888306
130;1;2;8.306201197417579;0.9195001206913886;0.9649758338928223;0.9599078893661499;0.25252294540405273;0.26055076718330383;0.05022754892706871;0.6130194664001465;0.8489310145378113;1.2783761024475098
130;1;3;6.419409728118476;0.8419122673242772;0.9649758338928223;0.9599078893661499;0.25252294540405273;0.26055076718330383;0.7758213877677917;0.9786126017570496;-1.7812790870666504;1.9408293962478638
131;1;1;9.352651769725412;0.924950515219571;0.9653784036636353;0.9599820375442505;0.25206679105758667;0.26032713055610657;0.18510065972805023;0.7158618569374084;-0.4206657111644745;0.9023090600967407
131;1;2;8.32293881037138;0.9309910156702728;0.9653784036636353;0.9599820375442505;0.25206679105758667;0.26032713055610657;0.05109206959605217;0.6137198209762573;0.8504382967948914;1.2795884609222412
131;1;3;6.44380832239519;0.8485374851344574;0.9653784036636353;0.9599820375442505;0.25206679105758667;0.26032713055610657;0.7768396735191345;0.980311393737793;-1.7854530811309814;1.9467326402664185
132;1;1;9.313211323208478;0.9101750232327106;0.9653784036636353;0.9600610136985779;0.25166115164756775;0.2601001262664795;0.18633218109607697;0.7141088843345642;-0.4218108654022217;0.9065635800361633
132;1;2;8.284209113106296;0.9169206954218261;0.9653784036636353;0.9600610136985779;0.25166115164756775;0.2601001262664795;0.05199500918388367;0.6143454909324646;0.852059543132782;1.2808489799499512
132;1;3;6.441741442590182;0.83933908183025;0.9653784036636353;0.9600610136985779;0.25166115164756775;0.2601001262664795;0.7778446078300476;0.9819838404655457;-1.7896239757537842;1.9526311159133911
133;1;1;9.352755335448329;0.9134381498369422;0.9653784036636353;0.960090696811676;0.25132110714912415;0.2598622441291809;0.18745432794094086;0.7123501896858215;-0.42301660776138306;0.910664439201355
133;1;2;8.327922148809726;0.9203997104130686;0.9653784036636353;0.960090696811676;0.25132110714912415;0.2598622441291809;0.05292920395731926;0.6149168610572815;0.8537778854370117;1.282118558883667
133;1;3;6.463221536107174;0.8520288006066057;0.9653784036636353;0.960090696811676;0.25132110714912415;0.2598622441291809;0.778838574886322;0.9836324453353882;-1.793807029724121;1.9585468769073486
134;1;1;9.3555177759075;0.9202770564719174;0.9653784036636353;0.9601351022720337;0.2510300874710083;0.2596106231212616;0.1884544938802719;0.7105953097343445;-0.4242665469646454;0.9146515727043152
134;1;2;8.338131996317404;0.926399781882882;0.9653784036636353;0.9601351022720337;0.2510300874710083;0.2596106231212616;0.05389649420976639;0.6154506802558899;0.8555908203125;1.2833187580108643
134;1;3;6.4782435254245705;0.8554809776616406;0.9653784036636353;0.9601351022720337;0.2510300874710083;0.2596106231212616;0.7798162698745728;0.9852481484413147;-1.798032283782959;1.964521884918213
135;1;1;9.318579754120904;0.9173584148922984;0.9653784036636353;0.9602289199829102;0.2507537305355072;0.25932055711746216;0.18932625651359558;0.7088245749473572;-0.42553946375846863;0.9186685085296631
135;1;2;8.328789162084089;0.9229034500338962;0.9653784036636353;0.9602289199829102;0.2507537305355072;0.25932055711746216;0.054874010384082794;0.6159892082214355;0.8574099540710449;1.284355640411377
135;1;3;6.491926745356203;0.8589653684186125;0.9653784036636353;0.9602289199829102;0.2507537305355072;0.25932055711746216;0.780767560005188;0.9868130683898926;-1.8023393154144287;1.9706133604049683
136;1;1;9.29723380894869;0.9222453942775246;0.9653784036636353;0.9602832794189453;0.2504976689815521;0.25901544094085693;0.1900719702243805;0.7070023417472839;-0.42682114243507385;0.9228982925415039
136;1;2;8.312421748404063;0.9277983653104904;0.9653784036636353;0.9602832794189453;0.2504976689815521;0.25901544094085693;0.05582920089364052;0.6165845394134521;0.859117865562439;1.2851370573043823
136;1;3;6.497326314666811;0.8682570229066009;0.9653784036636353;0.9602832794189453;0.2504976689815521;0.25901544094085693;0.7816829681396484;0.9883108139038086;-1.8067638874053955;1.9768702983856201
137;1;1;9.293398040067196;0.9245324096113023;0.966183602809906;0.9603622555732727;0.2502124011516571;0.25864937901496887;0.19066794216632843;0.7051113843917847;-0.4281424582004547;0.9272684454917908
137;1;2;8.292864617880372;0.9305930773614861;0.966183602809906;0.9603622555732727;0.2502124011516571;0.25864937901496887;0.056812990456819534;0.6171920895576477;0.8608430624008179;1.2856789827346802
137;1;3;6.487272111187391;0.8639628301230982;0.966183602809906;0.9603622555732727;0.2502124011516571;0.25864937901496887;0.7825638055801392;0.9897425174713135;-1.8113181591033936;1.9833112955093384
138;1;1;9.29122484013137;0.9244971536111279;0.966183602809906;0.960411787033081;0.2499164342880249;0.25822508335113525;0.19114381074905396;0.7032009363174438;-0.42944154143333435;0.931829571723938
138;1;2;8.26901040863104;0.9303846891866563;0.966183602809906;0.960411787033081;0.2499164342880249;0.25822508335113525;0.05778290703892708;0.617866575717926;0.8624624609947205;1.28596031665802
138;1;3;6.48877515305491;0.8690356860179769;0.966183602809906;0.960411787033081;0.2499164342880249;0.25822508335113525;0.783413827419281;0.9911130666732788;-1.8160102367401123;1.9899466037750244
139;1;1;9.273864571575025;0.9221669896035607;0.966183602809906;0.9604511260986328;0.24956630170345306;0.2578429877758026;0.19158989191055298;0.7014082074165344;-0.43059635162353516;0.9364823698997498
139;1;2;8.199337904628365;0.9282759494308443;0.966183602809906;0.9604511260986328;0.24956630170345306;0.2578429877758026;0.058693777769804;0.6186596155166626;0.8638666868209839;1.2859890460968018
139;1;3;6.480330786301332;0.8667183051794982;0.966183602809906;0.9604511260986328;0.24956630170345306;0.2578429877758026;0.7842444181442261;0.9924408197402954;-1.8208301067352295;1.996762990951538
140;1;1;9.281898126473145;0.9157924306067216;0.9657809734344482;0.96049565076828;0.249174565076828;0.25752171874046326;0.19202356040477753;0.6997641324996948;-0.4316197335720062;0.9411473274230957
140;1;2;8.172164652906535;0.9210176804624091;0.9657809734344482;0.96049565076828;0.249174565076828;0.25752171874046326;0.05954474210739136;0.6195642352104187;0.8650909662246704;1.2858548164367676
140;1;3;6.465753522160242;0.8606146560091634;0.9657809734344482;0.96049565076828;0.249174565076828;0.25752171874046326;0.7850770354270935;0.9937601089477539;-1.8257420063018799;2.0037097930908203
141;1;1;9.31235125863249;0.9155827903691005;0.965781033039093;0.9606042504310608;0.2487652599811554;0.2572483420372009;0.19245480000972748;0.6982802152633667;-0.43256470561027527;0.9457303285598755
141;1;2;8.144879165787941;0.9217675883163992;0.965781033039093;0.9606042504310608;0.2487652599811554;0.2572483420372009;0.06034161522984505;0.6205593347549438;0.8662109375;1.2856863737106323
141;1;3;6.460219435927156;0.8615358673951228;0.965781033039093;0.9606042504310608;0.2487652599811554;0.2572483420372009;0.7859401106834412;0.9951176643371582;-1.8306920528411865;2.010709762573242
142;1;1;9.303593976076883;0.9080834093146279;0.965781033039093;0.9606537818908691;0.24839909374713898;0.25701746344566345;0.19289186596870422;0.6969717741012573;-0.4334826171398163;0.9500970244407654
142;1;2;8.105482290525575;0.9141985028364026;0.965781033039093;0.9606537818908691;0.24839909374713898;0.25701746344566345;0.061103593558073044;0.621606171131134;0.8673423528671265;1.2856264114379883
142;1;3;6.435036893972214;0.8529525008752561;0.965781033039093;0.9606537818908691;0.24839909374713898;0.25701746344566345;0.7868627309799194;0.9965608716011047;-1.835620641708374;2.0176801681518555
143;1;1;9.26826245085514;0.9078006556499503;0.965781033039093;0.9606932401657104;0.24811461567878723;0.2568637430667877;0.19341234862804413;0.6960121989250183;-0.43427911400794983;0.9539084434509277
143;1;2;8.089645011515106;0.914279659052788;0.965781033039093;0.9606932401657104;0.24811461567878723;0.2568637430667877;0.061846498399972916;0.6226690411567688;0.8685786724090576;1.285788655281067
143;1;3;6.420635720546901;0.8468013217145653;0.965781033039093;0.9606932401657104;0.24811461567878723;0.2568637430667877;0.7878653407096863;0.9981234073638916;-1.8404819965362549;2.024554967880249
144;1;1;9.291463513851099;0.9201830725146891;0.9653784036636353;0.9607278108596802;0.24796336889266968;0.2567293345928192;0.1940128356218338;0.695349931716919;-0.4350007474422455;0.957223653793335
144;1;2;8.236968465429467;0.9268386067464043;0.9653784036636353;0.9607278108596802;0.24796336889266968;0.2567293345928192;0.06255979835987091;0.6237435936927795;0.8699183464050293;1.2862061262130737
144;1;3;6.45523840871059;0.8549796119870017;0.9653784036636353;0.9607278108596802;0.24796336889266968;0.2567293345928192;0.7889517545700073;0.999812662601471;-1.8452577590942383;2.031309127807617
145;1;1;9.27379696925027;0.9171824493585206;0.9653784036636353;0.9607919454574585;0.24791067838668823;0.2566086947917938;0.19470034539699554;0.694922149181366;-0.43567416071891785;0.9601374268531799
145;1;2;8.350511531507472;0.9231563959925069;0.9653784036636353;0.9607919454574585;0.24791067838668823;0.2566086947917938;0.06322701275348663;0.6248320937156677;0.8713163137435913;1.286867380142212
145;1;3;6.506886073489849;0.8573696422665034;0.9653784036636353;0.9607919454574585;0.24791067838668823;0.2566086947917938;0.7901118993759155;1.001613736152649;-1.8499541282653809;2.0379507541656494
146;1;1;9.260417455783283;0.9253615017955354;0.9653784036636353;0.9608414173126221;0.24792030453681946;0.2564936578273773;0.19547954201698303;0.6946803331375122;-0.4363041818141937;0.962752103805542
146;1;2;8.406281051787111;0.9306894789061637;0.9653784036636353;0.9608414173126221;0.24792030453681946;0.2564936578273773;0.06383208185434341;0.625945508480072;0.8727098703384399;1.287713646888733
146;1;3;6.542495471206697;0.8658906100900268;0.9653784036636353;0.9608414173126221;0.24792030453681946;0.2564936578273773;0.791327953338623;1.0034996271133423;-1.8545892238616943;2.0445055961608887
147;1;1;9.253074527897127;0.9160222563338252;0.9653784036636353;0.9608364105224609;0.24792583286762238;0.256378710269928;0.19635246694087982;0.6945643424987793;-0.43689966201782227;0.9651625752449036
147;1;2;8.450788266067374;0.9223444378081389;0.9653784036636353;0.9608364105224609;0.24792583286762238;0.256378710269928;0.06436571478843689;0.6270848512649536;0.8740503191947937;1.2887029647827148
147;1;3;6.556975233525236;0.8555838847360313;0.9653784036636353;0.9608364105224609;0.24792583286762238;0.256378710269928;0.7925814390182495;1.0054421424865723;-1.8591797351837158;2.050997495651245
148;1;1;9.256946817081484;0.9060010238645049;0.9657809734344482;0.9607622623443604;0.2478894591331482;0.256259948015213;0.19731536507606506;0.6945199966430664;-0.43748044967651367;0.9674324989318848
148;1;2;8.481904833622519;0.912507930216389;0.9657809734344482;0.9607622623443604;0.2478894591331482;0.256259948015213;0.06482795625925064;0.628243088722229;0.8753184080123901;1.2898101806640625
148;1;3;6.560691973176127;0.8450441875692185;0.9657809734344482;0.9607622623443604;0.2478894591331482;0.256259948015213;0.7938581705093384;1.0074195861816406;-1.8637332916259766;2.0574376583099365
149;1;1;9.267383676878957;0.9147776834281984;0.9657809734344482;0.9608117341995239;0.24778331816196442;0.2561303973197937;0.19835443794727325;0.694484531879425;-0.43808436393737793;0.9695952534675598
149;1;2;8.498063622026706;0.9230854714379468;0.9657809734344482;0.9608117341995239;0.24778331816196442;0.2561303973197937;0.0652351900935173;0.6293951272964478;0.8765446543693542;1.2910480499267578
149;1;3;6.560403847823858;0.851576934627591;0.9657809734344482;0.9608117341995239;0.24778331816196442;0.2561303973197937;0.7951501607894897;1.0094197988510132;-1.8682458400726318;2.06381893157959
150;1;1;9.274396689122696;0.9131305112673758;0.9657809734344482;0.9608166813850403;0.24761252105236053;0.25598740577697754;0.19944266974925995;0.6943890452384949;-0.43876132369041443;0.9717150926589966
150;1;2;8.49603271727345;0.9208540395651781;0.9657809734344482;0.9608166813850403;0.24761252105236053;0.25598740577697754;0.06560035049915314;0.6305257678031921;0.8777573108673096;1.2924213409423828
150;1;3;6.558568082310352;0.8530282359745041;0.9657809734344482;0.9608166813850403;0.24761252105236053;0.25598740577697754;0.7964538335800171;1.0114376544952393;-1.8727061748504639;2.070127010345459
151;1;1;9.268866583981222;0.9147088706372557;0.9657809734344482;0.9608414173126221;0.2473769187927246;0.2558313012123108;0.20055988430976868;0.6942031979560852;-0.43953797221183777;0.9737996459007263
151;1;2;8.469563376936524;0.9231346211268239;0.9657809734344482;0.9608414173126221;0.2473769187927246;0.2558313012123108;0.06594044715166092;0.6316179037094116;0.8789970874786377;1.2939428091049194
151;1;3;6.534943306176835;0.8515135684297146;0.9657809734344482;0.9608414173126221;0.2473769187927246;0.2558313012123108;0.7977684736251831;1.0134724378585815;-1.8771014213562012;2.076342821121216
152;1;1;9.255289491073725;0.906439981820121;0.9657809734344482;0.9608364105224609;0.24709823727607727;0.2556647062301636;0.20168602466583252;0.6939209699630737;-0.440422385931015;0.975838840007782
152;1;2;8.428958597569228;0.913269459314634;0.9657809734344482;0.9608364105224609;0.24709823727607727;0.2556647062301636;0.0662727877497673;0.6326591372489929;0.8803006410598755;1.2956132888793945
152;1;3;6.506244806533745;0.8469696076641515;0.9657809734344482;0.9608364105224609;0.24709823727607727;0.2556647062301636;0.7990938425064087;1.0155231952667236;-1.881422519683838;2.082453489303589
153;1;1;9.235500451624766;0.915196062847663;0.9653784036636353;0.9609499573707581;0.24680468440055847;0.25548994541168213;0.2027900218963623;0.6935054063796997;-0.4414405822753906;0.9778842329978943
153;1;2;8.362552596228959;0.9215860080706619;0.9653784036636353;0.9609499573707581;0.24680468440055847;0.25548994541168213;0.06660924106836319;0.6336444020271301;0.8816813826560974;1.2974185943603516
153;1;3;6.4848127227401005;0.8558879957792715;0.9653784036636353;0.9609499573707581;0.24680468440055847;0.25548994541168213;0.8004263639450073;1.0175846815109253;-1.8856697082519531;2.0884602069854736
154;1;1;9.24255870083094;0.9194457092866841;0.9653784036636353;0.9610191583633423;0.24650876224040985;0.25531119108200073;0.2038630098104477;0.6929657459259033;-0.4425676763057709;0.9799858927726746
154;1;2;8.337040079480538;0.9247535919176961;0.9653784036636353;0.9610191583633423;0.24650876224040985;0.25531119108200073;0.0669439360499382;0.6345951557159424;0.8830999732017517;1.2992980480194092
154;1;3;6.473716747660639;0.8688887876617564;0.9653784036636353;0.9610191583633423;0.24650876224040985;0.25531119108200073;0.8017594218254089;1.0196462869644165;-1.8898556232452393;2.0943796634674072
155;1;1;9.264588064454983;0.921980430803643;0.9653784036636353;0.9609993696212769;0.24621142446994781;0.2551366984844208;0.20489533245563507;0.692333996295929;-0.44376441836357117;0.9821646213531494
155;1;2;8.281697635642786;0.9277753843366767;0.9653784036636353;0.9609993696212769;0.24621142446994781;0.2551366984844208;0.06727389246225357;0.6355310678482056;0.8845197558403015;1.3011879920959473
155;1;3;6.462496718048257;0.8630043524787201;0.9653784036636353;0.9609993696212769;0.24621142446994781;0.2551366984844208;0.8030859231948853;1.0216963291168213;-1.893996000289917;2.1002349853515625
156;1;1;9.275423370357167;0.9168506595827282;0.9653784036636353;0.9609993696212769;0.24591338634490967;0.2549729347229004;0.2058761864900589;0.6916409134864807;-0.4450032413005829;0.9844098687171936
156;1;2;8.217522884238619;0.9237486331444096;0.9653784036636353;0.9609993696212769;0.24591338634490967;0.2549729347229004;0.06760364025831223;0.6364591121673584;0.8859256505966187;1.3030521869659424
156;1;3;6.445422347881237;0.8598740106735328;0.9653784036636353;0.9609993696212769;0.24591338634490967;0.2549729347229004;0.8044003248214722;1.0237261056900024;-1.8981058597564697;2.1060473918914795
157;1;1;9.257832150560944;0.9096269184755243;0.965781033039093;0.961053729057312;0.24561084806919098;0.25482484698295593;0.20679818093776703;0.6909210681915283;-0.446249395608902;0.9867178797721863
157;1;2;8.13833986492034;0.9160892798368145;0.965781033039093;0.961053729057312;0.24561084806919098;0.25482484698295593;0.06793501228094101;0.6373907923698425;0.8872997164726257;1.304848313331604
157;1;3;6.433122888692203;0.8509526329295909;0.965781033039093;0.961053729057312;0.24561084806919098;0.25482484698295593;0.805698812007904;1.0257290601730347;-1.902198076248169;2.11183500289917
158;1;1;9.285716318689225;0.9064223183698701;0.966183602809906;0.9610733985900879;0.24530726671218872;0.2546907961368561;0.2076609879732132;0.6902136206626892;-0.4474664628505707;0.9890874624252319
158;1;2;8.1229892928896;0.9134367469587197;0.966183602809906;0.9610733985900879;0.24530726671218872;0.2546907961368561;0.0682627260684967;0.6383436918258667;0.8886138200759888;1.3065364360809326
158;1;3;6.450486263397437;0.855352356728412;0.966183602809906;0.9610733985900879;0.24530726671218872;0.2546907961368561;0.8069795966148376;1.0277020931243896;-1.9062819480895996;2.117610454559326
159;1;1;9.301184283461765;0.9135856541680667;0.966183602809906;0.961127758026123;0.24500292539596558;0.25456947088241577;0.20845924317836761;0.6895505785942078;-0.4486347734928131;0.991489589214325
159;1;2;8.152442758471128;0.9200488882655016;0.966183602809906;0.961127758026123;0.24500292539596558;0.25456947088241577;0.06859051436185837;0.6393202543258667;0.8898710012435913;1.3081098794937134
159;1;3;6.466858313581758;0.861785434469768;0.966183602809906;0.961127758026123;0.24500292539596558;0.25456947088241577;0.8082441091537476;1.0296475887298584;-1.9103589057922363;2.12337589263916
160;1;1;9.275630033928145;0.9188772721530256;0.966183602809906;0.9611228108406067;0.24470864236354828;0.25445401668548584;0.20917753875255585;0.6889237761497498;-0.4497687816619873;0.9939386248588562
160;1;2;8.167119954974947;0.9248923205718214;0.966183602809906;0.9611228108406067;0.24470864236354828;0.25445401668548584;0.06892506778240204;0.64031982421875;0.8910879492759705;1.3095664978027344
160;1;3;6.45702048188576;0.8672345986671512;0.966183602809906;0.9611228108406067;0.24470864236354828;0.25445401668548584;0.8094956278800964;1.0315704345703125;-1.9144246578216553;2.1291255950927734
161;1;1;9.27631693328464;0.9241096781672979;0.966586172580719;0.9611524343490601;0.2444269061088562;0.25434064865112305;0.20981650054454803;0.6883559226989746;-0.4508650004863739;0.996387779712677
161;1;2;8.190952533822536;0.9300642450201089;0.966586172580719;0.9611524343490601;0.2444269061088562;0.25434064865112305;0.06927341222763062;0.6413350701332092;0.8922852873802185;1.3109251260757446
161;1;3;6.479873577032528;0.865847740668725;0.966586172580719;0.9611524343490601;0.2444269061088562;0.25434064865112305;0.8107378482818604;1.0334765911102295;-1.9184722900390625;2.134850263595581
162;1;1;9.266496065295179;0.9258573895882733;0.966586172580719;0.9611920118331909;0.24418452382087708;0.25422510504722595;0.2103784829378128;0.6878353953361511;-0.45193639397621155;0.9988290071487427
162;1;2;8.189483703417036;0.9321159704844391;0.966586172580719;0.9611920118331909;0.24418452382087708;0.25422510504722595;0.06964205205440521;0.6423569917678833;0.8934801816940308;1.312206506729126
162;1;3;6.504187901722226;0.8718288528675604;0.966586172580719;0.9611920118331909;0.24418452382087708;0.25422510504722595;0.8119728565216064;1.0353693962097168;-1.9224967956542969;2.1405413150787354
163;1;1;9.266266934064205;0.9251188757048823;0.966586172580719;0.9612118005752563;0.24414363503456116;0.2541321814060211;0.21095433831214905;0.6875739097595215;-0.45281729102134705;1.0009855031967163
163;1;2;8.200384156434641;0.9312463216230462;0.966586172580719;0.9612118005752563;0.24414363503456116;0.2541321814060211;0.0700303241610527;0.6433872580528259;0.8946675658226013;1.3134030103683472
163;1;3;6.505204815397883;0.8703198564101129;0.966586172580719;0.9612118005752563;0.24414363503456116;0.2541321814060211;0.8131992220878601;1.037246584892273;-1.926496982574463;2.1461985111236572
164;1;1;9.270316720560217;0.922118286056687;0.966586172580719;0.9612413644790649;0.2440950721502304;0.2540358006954193;0.21154871582984924;0.6875367164611816;-0.4535185396671295;1.0029023885726929
164;1;2;8.218338339939265;0.9284999260069391;0.966586172580719;0.9612413644790649;0.2440950721502304;0.2540358006954193;0.07043533772230148;0.6444253921508789;0.8958302736282349;1.314502477645874
164;1;3;6.501211774880666;0.8730814490857632;0.966586172580719;0.9612413644790649;0.2440950721502304;0.2540358006954193;0.8144100904464722;1.039097547531128;-1.930478811264038;2.151829481124878
165;1;1;9.269847514483615;0.9146918629342835;0.966183602809906;0.9612413644790649;0.24403341114521027;0.25393128395080566;0.2121659368276596;0.6876757740974426;-0.45405474305152893;1.0046435594558716
165;1;2;8.220565836473092;0.9203396319714479;0.966183602809906;0.9612413644790649;0.24403341114521027;0.25393128395080566;0.07085239887237549;0.6454710364341736;0.8969439268112183;1.3154867887496948
165;1;3;6.501273319813862;0.8706667337234659;0.966183602809906;0.9612413644790649;0.24403341114521027;0.25393128395080566;0.8155961036682129;1.0409079790115356;-1.934450387954712;2.1574463844299316
166;1;1;9.292459219991748;0.9148218437033933;0.966183602809906;0.9613007307052612;0.2439507246017456;0.2538236081600189;0.2128075361251831;0.6879356503486633;-0.45444780588150024;1.006273627281189
166;1;2;8.228665460619698;0.9217102220713116;0.966183602809906;0.9613007307052612;0.2439507246017456;0.2538236081600189;0.0712767243385315;0.646521270275116;0.8979877829551697;1.3163477182388306
166;1;3;6.4938396193501084;0.866907639694972;0.966183602809906;0.9613007307052612;0.2439507246017456;0.2538236081600189;0.8167486190795898;1.0426640510559082;-1.9384174346923828;2.1630566120147705
167;1;1;9.278248427561941;0.9089609909113392;0.966183602809906;0.9613204002380371;0.24384140968322754;0.25371795892715454;0.21347348392009735;0.6882565021514893;-0.45473065972328186;1.0078411102294922
167;1;2;8.213055655107429;0.9165456089598472;0.966183602809906;0.9613204002380371;0.24384140968322754;0.25371795892715454;0.07170926779508591;0.6475640535354614;0.8989629745483398;1.3170968294143677
167;1;3;6.470239935575252;0.8601253409803729;0.966183602809906;0.9613204002380371;0.24384140968322754;0.25371795892715454;0.8178619742393494;1.044357419013977;-1.9423794746398926;2.1686599254608154
168;1;1;9.259947867835834;0.8978699131103269;0.966183602809906;0.9613302946090698;0.2437087744474411;0.2536177933216095;0.21416030824184418;0.6885815858840942;-0.45494338870048523;1.0093746185302734
168;1;2;8.181940767994405;0.9045584983560246;0.966183602809906;0.9613302946090698;0.2437087744474411;0.2536177933216095;0.07215578854084015;0.6485824584960938;0.8998911380767822;1.3177614212036133
168;1;3;6.442431062217569;0.8467304711973362;0.966183602809906;0.9613302946090698;0.2437087744474411;0.2536177933216095;0.8189342021942139;1.0459853410720825;-1.9463300704956055;2.1742470264434814
169;1;1;9.243653211411456;0.9060297979938454;0.966183602809906;0.9612957239151001;0.24356375634670258;0.2535242736339569;0.21486125886440277;0.6888640522956848;-0.45512494444847107;1.01089346408844
169;1;2;8.166799163807482;0.9131159292083417;0.966183602809906;0.9612957239151001;0.24356375634670258;0.2535242736339569;0.07262153923511505;0.6495603322982788;0.900798499584198;1.3183735609054565
169;1;3;6.4241703712004;0.8491330421618244;0.966183602809906;0.9612957239151001;0.24356375634670258;0.2535242736339569;0.8199663162231445;1.0475502014160156;-1.9502599239349365;2.1798043251037598
170;1;1;9.257212790405156;0.9108045579522255;0.966183602809906;0.9612858295440674;0.2434602677822113;0.2534365653991699;0.21556933224201202;0.6890741586685181;-0.45530739426612854;1.0124133825302124
170;1;2;8.168891543960967;0.9175303270285973;0.966183602809906;0.9612858295440674;0.2434602677822113;0.2534365653991699;0.07310576736927032;0.6504912376403809;0.9016987681388855;1.3189564943313599
170;1;3;6.422372848066754;0.8538452216824233;0.966183602809906;0.9612858295440674;0.2434602677822113;0.2534365653991699;0.8209607005119324;1.049055814743042;-1.9541599750518799;2.1853199005126953
171;1;1;9.264269079516346;0.9121423255308017;0.966183602809906;0.9612956643104553;0.24342428147792816;0.25335294008255005;0.2162763923406601;0.6891891360282898;-0.45551425218582153;1.0139479637145996
171;1;2;8.159856922972367;0.9189970408884989;0.966183602809906;0.9612956643104553;0.24342428147792816;0.25335294008255005;0.07360755652189255;0.6513700485229492;0.9026046991348267;1.319531798362732
171;1;3;6.422322279199259;0.8567490807955931;0.966183602809906;0.9612956643104553;0.24342428147792816;0.25335294008255005;0.82192063331604;1.05050790309906;-1.958024024963379;2.190784454345703
172;1;1;9.25398383483516;0.9087467321764109;0.966183602809906;0.9612957239151001;0.2433866411447525;0.25327199697494507;0.21697211265563965;0.6891978979110718;-0.4557611048221588;1.0155075788497925
172;1;2;8.1469898677623;0.9154994692216363;0.966183602809906;0.9612957239151001;0.2433866411447525;0.25327199697494507;0.0741235539317131;0.6521958112716675;0.9035205841064453;1.320117473602295
172;1;3;6.4074590247112155;0.8535603156862361;0.966183602809906;0.9612957239151001;0.2433866411447525;0.25327199697494507;0.822849452495575;1.05191171169281;-1.9618492126464844;2.1961944103240967
173;1;1;9.253962956473124;0.9017938360281121;0.966183602809906;0.9613006711006165;0.24334323406219482;0.2531929314136505;0.21764779090881348;0.6891027092933655;-0.45605093240737915;1.0171082019805908
173;1;2;8.146847680006289;0.9090779553082058;0.966183602809906;0.9613006711006165;0.24334323406219482;0.2531929314136505;0.07464655488729477;0.6529767513275146;0.9044393301010132;1.3207110166549683
173;1;3;6.404498556981235;0.8521492031713827;0.966183602809906;0.9613006711006165;0.24334323406219482;0.2531929314136505;0.8237501382827759;1.0532722473144531;-1.9656367301940918;2.2015507221221924
174;1;1;9.272343756375243;0.9001358218241364;0.966183602809906;0.9613253474235535;0.2432858794927597;0.2531154155731201;0.21829521656036377;0.6889168620109558;-0.4563784599304199;1.0187650918960571
174;1;2;8.161884282758635;0.9065350597814117;0.966183602809906;0.9613253474235535;0.2432858794927597;0.2531154155731201;0.0751655176281929;0.6537269949913025;0.9053429365158081;1.3213040828704834
174;1;3;6.420122282390546;0.8558872858301143;0.966183602809906;0.9613253474235535;0.2432858794927597;0.2531154155731201;0.8246261477470398;1.0545949935913086;-1.9693894386291504;2.206857919692993
175;1;1;9.29284506670151;0.9148952170637799;0.9661835432052612;0.9613203406333923;0.24321143329143524;0.25304079055786133;0.2189052402973175;0.6886640191078186;-0.45673877000808716;1.020479440689087
175;1;2;8.189453221669972;0.9224194790979041;0.9661835432052612;0.9613203406333923;0.24321143329143524;0.25304079055786133;0.07566972076892853;0.6544609069824219;0.9062166213989258;1.3218914270401
175;1;3;6.437476223213761;0.8607153347806662;0.9661835432052612;0.9613203406333923;0.24321143329143524;0.25304079055786133;0.8254823684692383;1.0558876991271973;-1.9731087684631348;2.2121176719665527
176;1;1;9.28669363589053;0.9126649902453465;0.9661835432052612;0.9613154530525208;0.243112251162529;0.25297003984451294;0.21946649253368378;0.6883544325828552;-0.457137793302536;1.0222598314285278
176;1;2;8.20531817906329;0.9187538352186309;0.9661835432052612;0.9613154530525208;0.243112251162529;0.25297003984451294;0.07615193724632263;0.6551889181137085;0.9070577621459961;1.3224776983261108
176;1;3;6.459453945132308;0.8675996404764827;0.9661835432052612;0.9613154530525208;0.243112251162529;0.25297003984451294;0.8263257741928101;1.0571614503860474;-1.976792573928833;2.217327117919922
177;1;1;9.276627890717137;0.92164100384948;0.9665861129760742;0.9613204002380371;0.24298416078090668;0.2529025077819824;0.2199702262878418;0.6880098581314087;-0.4575762450695038;1.0240929126739502
177;1;2;8.25521080124767;0.9280204856023282;0.9665861129760742;0.9613204002380371;0.24298416078090668;0.2529025077819824;0.07660870999097824;0.6559183597564697;0.9078751802444458;1.3230735063552856
177;1;3;6.473238099669983;0.871761745766797;0.9665861129760742;0.9613204002380371;0.24298416078090668;0.2529025077819824;0.8271650075912476;1.0584300756454468;-1.9804344177246094;2.222477436065674
178;1;1;9.280566895727368;0.926142386243427;0.9665861129760742;0.9613401293754578;0.24283210933208466;0.2528384029865265;0.2204095423221588;0.6876485347747803;-0.458059698343277;1.025956630706787
178;1;2;8.292919225222736;0.9329132475432367;0.9665861129760742;0.9613401293754578;0.24283210933208466;0.2528384029865265;0.07703926414251328;0.656651496887207;0.9086859226226807;1.3237017393112183
178;1;3;6.489177252816505;0.8716650830332622;0.9665861129760742;0.9613401293754578;0.24283210933208466;0.2528384029865265;0.8280097842216492;1.0597087144851685;-1.984025001525879;2.227555751800537
179;1;1;9.275500248839833;0.9197294685292405;0.9665861129760742;0.9613401889801025;0.24266546964645386;0.25277623534202576;0.22078178822994232;0.687295138835907;-0.4585891664028168;1.0278089046478271
179;1;2;8.306979340995891;0.926021074737136;0.9665861129760742;0.9613401889801025;0.24266546964645386;0.25277623534202576;0.0774483010172844;0.6573850512504578;0.9095174074172974;1.3243881464004517
179;1;3;6.503075722793101;0.8686203486129571;0.9665861129760742;0.9613401889801025;0.24266546964645386;0.25277623534202576;0.8288688063621521;1.0610113143920898;-1.9875555038452148;2.232548236846924
180;1;1;9.295791465061981;0.9208016271264867;0.9665861129760742;0.9613895416259766;0.24252109229564667;0.25271525979042053;0.22108781337738037;0.6869707107543945;-0.4591601490974426;1.0296190977096558
180;1;2;8.34502435510986;0.9275028332730493;0.9665861129760742;0.9613895416259766;0.24252109229564667;0.25271525979042053;0.07784006744623184;0.6581181287765503;0.9103875160217285;1.3251432180404663
180;1;3;6.517332077789495;0.8685272688996459;0.9665861129760742;0.9613895416259766;0.24252109229564667;0.25271525979042053;0.8297475576400757;1.062346339225769;-1.9910199642181396;2.23744797706604
181;1;1;9.292042522941514;0.9193421621883004;0.9665861129760742;0.9613944292068481;0.2424849271774292;0.252654105424881;0.221332386136055;0.6866901516914368;-0.4597628712654114;1.0313730239868164
181;1;2;8.341702820923128;0.9257653945825517;0.9665861129760742;0.9613944292068481;0.2424849271774292;0.252654105424881;0.07821641117334366;0.6588526368141174;0.9112988710403442;1.3259634971618652
181;1;3;6.5221251043106;0.8707745870491692;0.9665861129760742;0.9613944292068481;0.2424849271774292;0.252654105424881;0.8306474089622498;1.0637160539627075;-1.994419813156128;2.2422561645507812
182;1;1;9.289332764290442;0.9187882329359383;0.9665861129760742;0.9613994359970093;0.2424691766500473;0.25259214639663696;0.22152303159236908;0.686460554599762;-0.46038395166397095;1.03307044506073
182;1;2;8.341097291304209;0.9251607832464153;0.9665861129760742;0.9613994359970093;0.2424691766500473;0.25259214639663696;0.07857730239629745;0.6595917344093323;0.9122394919395447;1.3268356323242188
182;1;3;6.526120069858029;0.8710387859181168;0.9665861129760742;0.9613994359970093;0.2424691766500473;0.25259214639663696;0.8315653204917908;1.065115213394165;-1.9977622032165527;2.2469825744628906
183;1;1;9.28832668827095;0.9197687595954847;0.9665861129760742;0.9614388942718506;0.2424686998128891;0.2525295317173004;0.22167101502418518;0.6862850785255432;-0.4610043466091156;1.03472900390625
183;1;2;8.34473188222286;0.9259995653900717;0.9665861129760742;0.9614388942718506;0.2424686998128891;0.2525295317173004;0.07891853153705597;0.6603434085845947;0.9131810069084167;1.3277314901351929
183;1;3;6.537833446859739;0.871354452941155;0.9665861129760742;0.9614388942718506;0.2424686998128891;0.2525295317173004;0.8324953317642212;1.0665342807769775;-2.0010578632354736;2.251643419265747
184;1;1;9.281080354864201;0.9184956933288646;0.9665861129760742;0.9614388942718506;0.24247053265571594;0.25246694684028625;0.22187300026416779;0.686349093914032;-0.46146702766418457;1.0361273288726807
184;1;2;8.341806841314682;0.9255121086049343;0.9665861129760742;0.9614388942718506;0.24247053265571594;0.25246694684028625;0.07923545688390732;0.6611170768737793;0.9140931367874146;1.3286179304122925
184;1;3;6.532043555349873;0.8668260990361816;0.9665861129760742;0.9614388942718506;0.24247053265571594;0.25246694684028625;0.8334304690361023;1.0679621696472168;-2.004317283630371;2.256253242492676
185;1;1;9.264035912046985;0.9190015325602658;0.9665861129760742;0.9614438414573669;0.24244406819343567;0.25241321325302124;0.22213171422481537;0.6866182684898376;-0.4617782533168793;1.0373201370239258
185;1;2;8.326225214619093;0.9252440109625724;0.9665861129760742;0.9614438414573669;0.24244406819343567;0.25241321325302124;0.07952557504177094;0.6619161367416382;0.9149519801139832;1.3294687271118164
185;1;3;6.5228762750930915;0.867262724902508;0.9665861129760742;0.9614438414573669;0.24244406819343567;0.25241321325302124;0.8343631625175476;1.069386601448059;-2.0075490474700928;2.2608234882354736
186;1;1;9.267739079033959;0.9253561100848202;0.9665861129760742;0.9614437818527222;0.24237996339797974;0.25235527753829956;0.2224443405866623;0.6870452165603638;-0.46196165680885315;1.0383455753326416
186;1;2;8.328980311066445;0.93204890096683;0.9665861129760742;0.9614437818527222;0.24237996339797974;0.25235527753829956;0.07979495078325272;0.6627303957939148;0.9157613515853882;1.330284595489502
186;1;3;6.51342211474158;0.8737868021145001;0.9665861129760742;0.9614437818527222;0.24237996339797974;0.25235527753829956;0.8352875113487244;1.0707982778549194;-2.010754346847534;2.2653567790985107
187;1;1;9.260354717883104;0.9229568341546539;0.9665861129760742;0.9614191055297852;0.24228458106517792;0.2522963881492615;0.22280679643154144;0.6875799298286438;-0.4620479643344879;1.0392361879348755
187;1;2;8.308524092287637;0.9292674563117487;0.9665861129760742;0.9614191055297852;0.24228458106517792;0.2522963881492615;0.08005129545927048;0.6635465025901794;0.9165358543395996;1.3310757875442505
187;1;3;6.503196065227609;0.8722382789867424;0.9665861129760742;0.9614191055297852;0.24228458106517792;0.2522963881492615;0.8361999988555908;1.0721920728683472;-2.013929605484009;2.2698469161987305
188;1;1;9.264299218372052;0.9189164324328729;0.9665861129760742;0.9613845944404602;0.24216829240322113;0.2522481679916382;0.22311893105506897;0.6879505515098572;-0.46223756670951843;1.0402911901474
188;1;2;8.289037041480771;0.9248921012341107;0.9665861129760742;0.9613845944404602;0.24216829240322113;0.2522481679916382;0.08031021803617477;0.6643409729003906;0.9173129796981812;1.3318679332733154
188;1;3;6.489946380070746;0.8690144134163784;0.9665861129760742;0.9613845944404602;0.24216829240322113;0.2522481679916382;0.8370985388755798;1.0735644102096558;-2.0170674324035645;2.274284601211548
189;1;1;9.264769683500255;0.9152104519693509;0.9661835432052612;0.9613351821899414;0.24206744134426117;0.2522043287754059;0.22338294982910156;0.6881406307220459;-0.46254539489746094;1.041489601135254
189;1;2;8.258500797431566;0.9213128774763213;0.9661835432052612;0.9613351821899414;0.24206744134426117;0.2522043287754059;0.08058362454175949;0.6650964021682739;0.9181234240531921;1.3326847553253174
189;1;3;6.483288456051966;0.8702974863733743;0.9661835432052612;0.9613351821899414;0.24206744134426117;0.2522043287754059;0.8379830121994019;1.0749152898788452;-2.0201613903045654;2.2786600589752197
190;1;1;9.26771583180112;0.9124248175014529;0.9661835432052612;0.9613598585128784;0.24199503660202026;0.25215816497802734;0.22360146045684814;0.6881473064422607;-0.4629746973514557;1.0428098440170288
190;1;2;8.253038799757107;0.9189690740913008;0.9661835432052612;0.9613598585128784;0.24199503660202026;0.25215816497802734;0.08088073879480362;0.6658015847206116;0.9189874529838562;1.3335380554199219
190;1;3;6.476475987896354;0.8667340585179968;0.9661835432052612;0.9613598585128784;0.24199503660202026;0.25215816497802734;0.8388528823852539;1.0762442350387573;-2.0232090950012207;2.282970428466797
191;1;1;9.266343497294216;0.9090857651548703;0.9661835432052612;0.9613747596740723;0.24195972084999084;0.2521071135997772;0.2237781137228012;0.6879798769950867;-0.4635142385959625;1.0442641973495483
191;1;2;8.251001253075529;0.9152198645014629;0.9661835432052612;0.9613747596740723;0.24195972084999084;0.2521071135997772;0.08119563013315201;0.6664671301841736;0.9198824167251587;1.334405541419983
191;1;3;6.473015549334685;0.8644930232354486;0.9661835432052612;0.9613747596740723;0.24195972084999084;0.2521071135997772;0.8397061228752136;1.077547311782837;-2.026217222213745;2.287224531173706
192;1;1;9.26218915198136;0.9097134414691794;0.9661835432052612;0.9613993763923645;0.24195146560668945;0.252066045999527;0.22401128709316254;0.6878874897956848;-0.46397119760513306;1.045570969581604
192;1;2;8.264982706495363;0.9155832365953565;0.9661835432052612;0.9613993763923645;0.24195146560668945;0.252066045999527;0.08151870220899582;0.6671092510223389;0.9207736849784851;1.335254192352295
192;1;3;6.47681705362065;0.8647054198284607;0.9661835432052612;0.9613993763923645;0.24195146560668945;0.252066045999527;0.8405393958091736;1.0788196325302124;-2.0291965007781982;2.2914373874664307
193;1;1;9.256474912574852;0.9124263291851804;0.9661835432052612;0.961409330368042;0.2419372946023941;0.2520257532596588;0.22428403794765472;0.6878415942192078;-0.46435871720314026;1.0468101501464844
193;1;2;8.281761957669538;0.9184383417731965;0.9661835432052612;0.961409330368042;0.2419372946023941;0.2520257532596588;0.0818389430642128;0.6677454710006714;0.9216232299804688;1.3360490798950195
193;1;3;6.481639551358846;0.8690221707611574;0.9661835432052612;0.961409330368042;0.2419372946023941;0.2520257532596588;0.8413493037223816;1.0800551176071167;-2.032158374786377;2.295626640319824
194;1;1;9.262085813367293;0.9173647131062239;0.9665861129760742;0.9614537358283997;0.2419036477804184;0.2519833743572235;0.2245776653289795;0.6878097653388977;-0.4646964967250824;1.0480433702468872
194;1;2;8.303154824940734;0.9240611486412504;0.9665861129760742;0.9614537358283997;0.2419036477804184;0.2519833743572235;0.0821518748998642;0.6683827042579651;0.9224149584770203;1.3367773294448853
194;1;3;6.486604928986312;0.8703928984717759;0.9665861129760742;0.9614537358283997;0.2419036477804184;0.2519833743572235;0.8421343564987183;1.0812517404556274;-2.0351104736328125;2.2998011112213135
195;1;1;9.262640686762246;0.9222848876208047;0.9665861129760742;0.9614734649658203;0.24184751510620117;0.2519409656524658;0.2248840630054474;0.6877917051315308;-0.4649888575077057;1.0492838621139526
195;1;2;8.30988550753624;0.928628795317568;0.9665861129760742;0.9614734649658203;0.24184751510620117;0.2519409656524658;0.08245500177145004;0.6690258979797363;0.923147439956665;1.3374357223510742
195;1;3;6.4943678237380755;0.873377156055918;0.9665861129760742;0.9614734649658203;0.24184751510620117;0.2519409656524658;0.8428969383239746;1.0824129581451416;-2.0380516052246094;2.3039608001708984
196;1;1;9.26924821357364;0.9255972611603482;0.9665861129760742;0.961483359336853;0.24176859855651855;0.25189924240112305;0.22519342601299286;0.6877920031547546;-0.465247243642807;1.050513744354248
196;1;2;8.320478804542223;0.9324881960336029;0.9665861129760742;0.961483359336853;0.24176859855651855;0.25189924240112305;0.08275283128023148;0.669670045375824;0.9238449335098267;1.3380460739135742
196;1;3;6.501873950616162;0.8749536117767374;0.9665861129760742;0.961483359336853;0.24176859855651855;0.25189924240112305;0.8436431288719177;1.083548665046692;-2.0409743785858154;2.308094024658203
197;1;1;9.265198967089184;0.9212826841240229;0.9665861129760742;0.9615031480789185;0.2416791170835495;0.2518586814403534;0.2254963368177414;0.6878131628036499;-0.4654880464076996;1.0517072677612305
197;1;2;8.321445671166831;0.9274865381867237;0.9665861129760742;0.9615031480789185;0.2416791170835495;0.2518586814403534;0.08305136859416962;0.6703062653541565;0.9245385527610779;1.3386411666870117
197;1;3;6.50146239282792;0.8705056181053834;0.9665861129760742;0.9615031480789185;0.2416791170835495;0.2518586814403534;0.8443800806999207;1.084670066833496;-2.043867349624634;2.312185287475586
198;1;1;9.269373986146725;0.918337884163364;0.9665861129760742;0.9614932537078857;0.24159465730190277;0.251819372177124;0.22578535974025726;0.687856137752533;-0.4657251834869385;1.0528457164764404
198;1;2;8.33050029262603;0.925385098687098;0.9665861129760742;0.9614932537078857;0.24159465730190277;0.251819372177124;0.08335524052381516;0.6709275245666504;0.9252535104751587;1.3392478227615356
198;1;3;6.50639146778431;0.8670212859661532;0.9665861129760742;0.9614932537078857;0.24159465730190277;0.251819372177124;0.8451137542724609;1.0857868194580078;-2.0467216968536377;2.3162221908569336
199;1;1;9.282940580563931;0.9179002929611144;0.9665861129760742;0.9615129232406616;0.24152728915214539;0.2517811357975006;0.22605489194393158;0.6879198551177979;-0.4659653306007385;1.0539261102676392
199;1;2;8.3451437333695;0.924958767708727;0.9665861129760742;0.9615129232406616;0.24152728915214539;0.2517811357975006;0.08366493880748749;0.671532154083252;0.9259971976280212;1.3398765325546265
199;1;3;6.513596128923666;0.8683205011151163;0.9665861129760742;0.9615129232406616;0.24152728915214539;0.2517811357975006;0.8458465337753296;1.0869028568267822;-2.049535036087036;2.3202004432678223
0;2;1;9.799660166204994;0.9999430038851997;0.9444444179534912;0.9420720338821411;0.674148678779602;0.6670492887496948;0.12195070087909698;0.48271843791007996;0.08974279463291168;0.604796826839447
0;2;2;9.726304932384757;0.9997904400126707;0.9444444179534912;0.9420720338821411;0.674148678779602;0.6670492887496948;0.17568261921405792;0.17745323479175568;0.04109695553779602;0.09361515939235687
0;2;3;4.792654119056111;0.5780710824177344;0.9444444179534912;0.9420720338821411;0.674148678779602;0.6670492887496948;-0.17775839567184448;0.34031373262405396;0.13015209138393402;0.2685195207595825
1;2;1;9.799540061894554;0.9999430038865782;0.9528985023498535;0.9477341771125793;0.668211817741394;0.6619427800178528;0.12184841930866241;0.4851565957069397;0.09097941964864731;0.6040207743644714
1;2;2;9.724216779214451;0.9997635978455683;0.9528985023498535;0.9477341771125793;0.668211817741394;0.6619427800178528;0.17924007773399353;0.17775602638721466;0.03929983824491501;0.09668627381324768
1;2;3;4.983419838930894;0.6073288500858656;0.9528985023498535;0.9477341771125793;0.668211817741394;0.6619427800178528;-0.18387065827846527;0.34232237935066223;0.12751947343349457;0.2647964656352997
2;2;1;9.7970386192683;0.9999430038880277;0.9577294588088989;0.9521344900131226;0.6569238305091858;0.6522278189659119;0.12171845883131027;0.4889319837093353;0.0928843542933464;0.6029238700866699
2;2;2;9.719190848550614;0.9998037944843894;0.9577294588088989;0.9521344900131226;0.6569238305091858;0.6522278189659119;0.18452893197536469;0.17901478707790375;0.03665889427065849;0.10053360462188721
2;2;3;5.301294063502276;0.6317427360696986;0.9577294588088989;0.9521344900131226;0.6569238305091858;0.6522278189659119;-0.1925385296344757;0.346232533454895;0.12479481101036072;0.2609431743621826
3;2;1;9.794882488390527;0.9999430038888448;0.9613527059555054;0.9536111354827881;0.6407683491706848;0.638279378414154;0.12157433480024338;0.49427321553230286;0.0955471321940422;0.6014627814292908
3;2;2;9.710018734566454;0.9999216489008766;0.9613527059555054;0.9536111354827881;0.6407683491706848;0.638279378414154;0.19166651368141174;0.18184056878089905;0.03329399228096008;0.10414443910121918
3;2;3;5.669842417635213;0.6506959592466313;0.9613527059555054;0.9536111354827881;0.6407683491706848;0.638279378414154;-0.20343339443206787;0.3528459370136261;0.12317794561386108;0.2586565911769867
4;2;1;9.792054171429697;0.9999430038891077;0.9589371681213379;0.9538581371307373;0.6202701330184937;0.6204225420951843;0.12137305736541748;0.5014564990997314;0.0989776998758316;0.5995751023292542
4;2;2;9.68317995805793;0.999935965257464;0.9589371681213379;0.9538581371307373;0.6202701330184937;0.6204225420951843;0.20062310993671417;0.1869090050458908;0.028970368206501007;0.1062547117471695
4;2;3;6.0412185822316005;0.6493049324411224;0.9589371681213379;0.9538581371307373;0.6202701330184937;0.6204225420951843;-0.2162100076675415;0.3628291189670563;0.12408606708049774;0.25994089245796204
5;2;1;9.775648067555395;0.999943003889129;0.9581320285797119;0.9531221985816956;0.5959206819534302;0.5990804433822632;0.1209949254989624;0.5107686519622803;0.10300405323505402;0.5971411466598511
5;2;2;9.663592641285469;0.9999293694710296;0.9581320285797119;0.9531221985816956;0.5959206819534302;0.5990804433822632;0.2113262563943863;0.19460231065750122;0.02323858067393303;0.10525882244110107
5;2;3;6.390097234142685;0.6623287097143766;0.9581320285797119;0.9531221985816956;0.5959206819534302;0.5990804433822632;-0.230483740568161;0.37646758556365967;0.1290675401687622;0.2669857442378998
6;2;1;9.759686703757097;0.9999430038891362;0.954911470413208;0.9518085718154907;0.5692052245140076;0.5749096870422363;0.1202937513589859;0.5224257707595825;0.10718023777008057;0.5939522385597229
6;2;2;9.594100468917954;0.9998416356915989;0.954911470413208;0.9518085718154907;0.5692052245140076;0.5749096870422363;0.22335867583751678;0.2051299512386322;0.015220995992422104;0.0995187908411026
6;2;3;6.675642694586585;0.6797228310917891;0.954911470413208;0.9518085718154907;0.5692052245140076;0.5749096870422363;-0.24581430852413177;0.3934911787509918;0.13965284824371338;0.28195562958717346
7;2;1;9.698831512130127;0.999943003888859;0.9516907930374146;0.9507763385772705;0.541279673576355;0.5489579439163208;0.11913370341062546;0.5364973545074463;0.11089785397052765;0.589672863483429
7;2;2;9.493795841865694;0.9998268982583944;0.9516907930374146;0.9507763385772705;0.541279673576355;0.5489579439163208;0.2361878901720047;0.21820463240146637;0.003874001558870077;0.08758769929409027
7;2;3;6.902975379246447;0.7166203306354841;0.9516907930374146;0.9507763385772705;0.541279673576355;0.5489579439163208;-0.2617104649543762;0.41309645771980286;0.15711018443107605;0.3066440224647522
8;2;1;9.640538551670687;0.9999422520583252;0.9492753744125366;0.950060248374939;0.5129079818725586;0.5218081474304199;0.11752376705408096;0.5528016090393066;0.11349596828222275;0.5839404463768005
8;2;2;9.377306978517737;0.9997701797823524;0.9492753744125366;0.950060248374939;0.5129079818725586;0.5218081474304199;0.24923576414585114;0.2331523895263672;-0.011770149692893028;0.06886643916368484
8;2;3;7.030998992776478;0.7221860813863117;0.9492753744125366;0.950060248374939;0.5129079818725586;0.5218081474304199;-0.27768802642822266;0.4341951608657837;0.1821918487548828;0.3421148657798767
9;2;1;9.52694496998032;0.9998529978083184;0.9472624659538269;0.9490181803703308;0.4844921827316284;0.49339085817337036;0.11562664806842804;0.5709460377693176;0.11445563286542892;0.5763974785804749
9;2;2;9.252150940864212;0.9965079833165902;0.9472624659538269;0.9490181803703308;0.4844921827316284;0.49339085817337036;0.26202332973480225;0.24909210205078125;-0.0323294959962368;0.046052485704422
9;2;3;7.091667044523172;0.7485857695561151;0.9472624659538269;0.9490181803703308;0.4844921827316284;0.49339085817337036;-0.2933594286441803;0.4557701051235199;0.21494445204734802;0.3884340524673462
10;2;1;9.438023990044016;0.9958081790550111;0.9440418481826782;0.9479317665100098;0.456217497587204;0.46372440457344055;0.11375754326581955;0.5903326272964478;0.11353304237127304;0.5669161081314087
10;2;2;9.138054624527832;0.9909475214313304;0.9440418481826782;0.9479317665100098;0.456217497587204;0.46372440457344055;0.27420225739479065;0.26519766449928284;-0.05800633877515793;0.03838210552930832
10;2;3;7.12900189004149;0.7560141794292399;0.9440418481826782;0.9479317665100098;0.456217497587204;0.46372440457344055;-0.30848926305770874;0.47713977098464966;0.2546587884426117;0.44459861516952515
11;2;1;9.177521441857252;0.9962075373447448;0.9424315690994263;0.9438893795013428;0.4324887692928314;0.4373151361942291;0.11282413452863693;0.6098855137825012;0.11155698448419571;0.5562284588813782
11;2;2;8.282809796025738;0.9835889666098403;0.9424315690994263;0.9438893795013428;0.4324887692928314;0.4373151361942291;0.2856602370738983;0.2808493971824646;-0.08359604328870773;0.06340579688549042
11;2;3;6.339900772391122;0.7452076381998936;0.9424315690994263;0.9438893795013428;0.4324887692928314;0.4373151361942291;-0.3229125738143921;0.49785250425338745;0.30014413595199585;0.5089246034622192
12;2;1;8.644929381349613;0.9895665990130951;0.9412238001823425;0.9455957412719727;0.41709738969802856;0.41890668869018555;0.11351249366998672;0.6287166476249695;0.10910477489233017;0.5448588132858276
12;2;2;7.758582803666048;0.9594953479322221;0.9412238001823425;0.9455957412719727;0.41709738969802856;0.41890668869018555;0.2962682545185089;0.2956087291240692;-0.10806834697723389;0.09716390073299408
12;2;3;5.875344431000382;0.7518530064662823;0.9412238001823425;0.9455957412719727;0.41709738969802856;0.41890668869018555;-0.33638250827789307;0.5173947215080261;0.3502559959888458;0.5797935128211975
13;2;1;8.222618617782565;0.9866233439979553;0.9329710006713867;0.9433683753013611;0.40430736541748047;0.4042315185070038;0.11609547585248947;0.6462175846099854;0.10648705810308456;0.5332370400428772
13;2;2;7.294305431530734;0.9300068760746818;0.9329710006713867;0.9433683753013611;0.40430736541748047;0.4042315185070038;0.3059297800064087;0.30920082330703735;-0.1311340183019638;0.13094183802604675
13;2;3;5.699031603446249;0.7716030697906522;0.9329710006713867;0.9433683753013611;0.40430736541748047;0.4042315185070038;-0.3487069606781006;0.5353856682777405;0.4038161039352417;0.6555389165878296
14;2;1;7.775106695245043;0.9786185802409548;0.9329710006713867;0.9385778903961182;0.39293596148490906;0.39125216007232666;0.12062821537256241;0.6620826125144958;0.1037163957953453;0.5216351747512817
14;2;2;6.88044145030015;0.9005645279253223;0.9329710006713867;0.9385778903961182;0.39293596148490906;0.39125216007232666;0.314611554145813;0.3214944303035736;-0.15273131430149078;0.16293823719024658
14;2;3;5.533504302469668;0.7600096544945973;0.9329710006713867;0.9385778903961182;0.39293596148490906;0.39125216007232666;-0.35979971289634705;0.5516276955604553;0.4596312344074249;0.7344734072685242
15;2;1;7.466051934763044;0.9647763950479629;0.933172345161438;0.93220454454422;0.38291823863983154;0.37926867604255676;0.1269577294588089;0.6762820482254028;0.10074364393949509;0.5100651383399963
15;2;2;6.582416454607088;0.8700207101467683;0.933172345161438;0.93220454454422;0.38291823863983154;0.37926867604255676;0.3223364055156708;0.33246496319770813;-0.1729126274585724;0.19289244711399078
15;2;3;5.372596483448163;0.7272858675137144;0.933172345161438;0.93220454454422;0.38291823863983154;0.37926867604255676;-0.3696729838848114;0.5660943388938904;0.5165572762489319;0.8149790167808533
16;2;1;7.31450834267055;0.9522825135955202;0.9291465282440186;0.9312686920166016;0.3740140497684479;0.36834755539894104;0.13507577776908875;0.6887630224227905;0.09794586151838303;0.498879611492157
16;2;2;6.438974615866197;0.8523918001364414;0.9291465282440186;0.9312686920166016;0.3740140497684479;0.36834755539894104;0.3291977643966675;0.34221360087394714;-0.19146780669689178;0.2204458862543106
16;2;3;5.217566700507641;0.7266517080119055;0.9291465282440186;0.9312686920166016;0.3740140497684479;0.36834755539894104;-0.3784109950065613;0.5788931250572205;0.5735384821891785;0.8955626487731934
17;2;1;7.255676096042436;0.950933788846875;0.9086151719093323;0.9150599241256714;0.36558425426483154;0.35832738876342773;0.14485399425029755;0.6996369361877441;0.09549997001886368;0.48819273710250854
17;2;2;6.361438334529108;0.8324572620144366;0.9086151719093323;0.9150599241256714;0.36558425426483154;0.35832738876342773;0.33529728651046753;0.3508700728416443;-0.20859786868095398;0.24539488554000854
17;2;3;5.1241731321409745;0.7176826475831408;0.9086151719093323;0.9150599241256714;0.36558425426483154;0.35832738876342773;-0.3861404359340668;0.5902119278907776;0.6296548843383789;0.9749231934547424
18;2;1;7.362435401935805;0.9529174497955992;0.9120370149612427;0.9154698848724365;0.3577948808670044;0.3490612804889679;0.15616126358509064;0.7090127468109131;0.09368030726909637;0.47835737466812134
18;2;2;6.585183554942059;0.8638797356426693;0.9120370149612427;0.9154698848724365;0.3577948808670044;0.3490612804889679;0.34076988697052;0.35861730575561523;-0.22413673996925354;0.2676060199737549
18;2;3;5.05623997027601;0.7181427651457675;0.9120370149612427;0.9154698848724365;0.3577948808670044;0.3490612804889679;-0.39301007986068726;0.600283145904541;0.6841458082199097;1.0519850254058838
19;2;1;7.477012606549756;0.9551956893105569;0.9025764465332031;0.915062427520752;0.35033294558525085;0.3405769467353821;0.16881254315376282;0.7170389890670776;0.09270554780960083;0.46967193484306335
19;2;2;6.6210122684743276;0.8609683448785468;0.9025764465332031;0.915062427520752;0.35033294558525085;0.3405769467353821;0.3457452952861786;0.36563098430633545;-0.2379530668258667;0.28704386949539185
19;2;3;5.030543116176901;0.7326762231203645;0.9025764465332031;0.915062427520752;0.35033294558525085;0.3405769467353821;-0.3991655111312866;0.6093330383300781;0.7364317774772644;1.125928521156311
20;2;1;7.557967788770078;0.971782516461829;0.9172705411911011;0.9170675277709961;0.3431411385536194;0.3326895833015442;0.18254411220550537;0.7238813638687134;0.09272061288356781;0.46240222454071045
20;2;2;6.626905062580406;0.8626488861040897;0.9172705411911011;0.9170675277709961;0.3431411385536194;0.3326895833015442;0.3503335118293762;0.37206795811653137;-0.2499624490737915;0.3036867082118988
20;2;3;5.001842221391591;0.7344945396143814;0.9172705411911011;0.9170675277709961;0.3431411385536194;0.3326895833015442;-0.4047303795814514;0.6175506711006165;0.7861222624778748;1.1962014436721802
21;2;1;7.7219319401118796;0.9720600739982075;0.9311594367027283;0.9234161376953125;0.33549734950065613;0.3252774477005005;0.1971065253019333;0.7296594381332397;0.09395790845155716;0.45690205693244934
21;2;2;6.6978642571673355;0.8755592016435756;0.9311594367027283;0.9234161376953125;0.33549734950065613;0.3252774477005005;0.3546236753463745;0.37807556986808777;-0.2600362300872803;0.3173423111438751
21;2;3;5.056802497335374;0.7583732660871991;0.9311594367027283;0.9234161376953125;0.33549734950065613;0.3252774477005005;-0.40979015827178955;0.6250630021095276;0.8330174684524536;1.2625212669372559
22;2;1;7.918357113471728;0.9702190059595424;0.933574914932251;0.9316686391830444;0.32701894640922546;0.31849902868270874;0.21205587685108185;0.7345138788223267;0.09640010446310043;0.4533206820487976
22;2;2;6.8454398422134055;0.8889316436451402;0.933574914932251;0.9316686391830444;0.32701894640922546;0.31849902868270874;0.3586503565311432;0.3837102949619293;-0.2682175636291504;0.328102171421051
22;2;3;5.129734408987618;0.7608283687420059;0.933574914932251;0.9316686391830444;0.32701894640922546;0.31849902868270874;-0.41437217593193054;0.6319009065628052;0.8771264553070068;1.3249008655548096
23;2;1;8.085940030832639;0.9835475879113105;0.9355877637863159;0.9402347803115845;0.31880056858062744;0.31238865852355957;0.2268380969762802;0.7385560870170593;0.09999697655439377;0.4518219828605652
23;2;2;6.90626792156154;0.9178583212011944;0.9355877637863159;0.9402347803115845;0.31880056858062744;0.31238865852355957;0.36242058873176575;0.3889773190021515;-0.2744646370410919;0.33602824807167053
23;2;3;5.236815584130159;0.7911697348432689;0.9355877637863159;0.9402347803115845;0.31880056858062744;0.31238865852355957;-0.41844141483306885;0.6379939913749695;0.9186410903930664;1.3836114406585693
24;2;1;8.42681560778;0.9890402494051926;0.9462560415267944;0.9444351196289062;0.3111537992954254;0.30773475766181946;0.24055956304073334;0.7420297265052795;0.10413571447134018;0.45170527696609497
24;2;2;6.903211485881158;0.9280076847709751;0.9462560415267944;0.9444351196289062;0.3111537992954254;0.30773475766181946;0.365836501121521;0.3936830163002014;-0.27931976318359375;0.3419860899448395
24;2;3;5.385829664937944;0.8060490087694347;0.9462560415267944;0.9444351196289062;0.3111537992954254;0.30773475766181946;-0.42188698053359985;0.6431429386138916;0.9579373598098755;1.4391846656799316
25;2;1;8.591988848706684;0.9872305067973315;0.956119179725647;0.9491811990737915;0.30379337072372437;0.3050757646560669;0.25246983766555786;0.7450570464134216;0.10827185958623886;0.4521302878856659
25;2;2;7.0574523135354355;0.9379120388496425;0.956119179725647;0.9491811990737915;0.30379337072372437;0.3050757646560669;0.3687618374824524;0.39756008982658386;-0.2834091782569885;0.3470284640789032
25;2;3;5.4993282403268875;0.795499937923875;0.956119179725647;0.9491811990737915;0.30379337072372437;0.3050757646560669;-0.42455101013183594;0.6470675468444824;0.9954612851142883;1.4922515153884888
26;2;1;8.77555104407773;0.9860263040144943;0.9553139805793762;0.9482526779174805;0.2986981272697449;0.304478257894516;0.26166749000549316;0.7478700280189514;0.11161434650421143;0.452108234167099
26;2;2;7.181698395910363;0.9392894284351954;0.9553139805793762;0.9482526779174805;0.2986981272697449;0.304478257894516;0.3710676431655884;0.40033280849456787;-0.28750455379486084;0.3520694375038147
26;2;3;5.58548959012905;0.8151656344845861;0.9553139805793762;0.9482526779174805;0.2986981272697449;0.304478257894516;-0.426283061504364;0.6494952440261841;1.0316014289855957;1.5433613061904907
27;2;1;8.930655557404918;0.9903313128155133;0.955716609954834;0.9483465552330017;0.2960143983364105;0.3048320710659027;0.2676612138748169;0.7505830526351929;0.11403869837522507;0.4513128399848938
27;2;2;7.3052534120906465;0.9524580497544761;0.955716609954834;0.9483465552330017;0.2960143983364105;0.3048320710659027;0.37273329496383667;0.40191885828971863;-0.2918902337551117;0.357342392206192
27;2;3;5.65592845941916;0.8150275925010799;0.955716609954834;0.9483465552330017;0.2960143983364105;0.3048320710659027;-0.42703402042388916;0.6503228545188904;1.0665432214736938;1.5927764177322388
28;2;1;9.037173882139271;0.9925233931321955;0.956119179725647;0.9476452469825745;0.2950601875782013;0.3046054244041443;0.2703126072883606;0.7533391118049622;0.11563942581415176;0.44983190298080444
28;2;2;7.367174390555235;0.9513949046043813;0.956119179725647;0.9476452469825745;0.2950601875782013;0.3046054244041443;0.3738662898540497;0.40242481231689453;-0.29649677872657776;0.3628840446472168
28;2;3;5.701900564451199;0.7935130591192063;0.956119179725647;0.9476452469825745;0.2950601875782013;0.3046054244041443;-0.4269214868545532;0.6497284770011902;1.1002076864242554;1.6403851509094238
29;2;1;9.076455936069259;0.9984983531569043;0.955716609954834;0.9473588466644287;0.2950579822063446;0.3032444417476654;0.2699422836303711;0.7562682032585144;0.11706312000751495;0.44823622703552246
29;2;2;7.434671216852543;0.9532661623415315;0.955716609954834;0.9473588466644287;0.2950579822063446;0.3032444417476654;0.3747040331363678;0.40220174193382263;-0.30089014768600464;0.36817947030067444
29;2;3;5.759492035072091;0.7885560630884729;0.955716609954834;0.9473588466644287;0.2950579822063446;0.3032444417476654;-0.4262368679046631;0.6481840014457703;1.1322659254074097;1.6857223510742188
30;2;1;9.086416482935064;0.9984969672457638;0.9557165503501892;0.9477933645248413;0.29571372270584106;0.30109381675720215;0.2672330439090729;0.7594414949417114;0.11929292976856232;0.4475352168083191
30;2;2;7.397721554420567;0.9529137161149137;0.9557165503501892;0.9477933645248413;0.29571372270584106;0.30109381675720215;0.3755696713924408;0.40176254510879517;-0.30431440472602844;0.3723377585411072
30;2;3;5.76880584856975;0.8042422250783723;0.9557165503501892;0.9477933645248413;0.29571372270584106;0.30109381675720215;-0.42537665367126465;0.6463394165039062;1.1622458696365356;1.7281204462051392
31;2;1;9.06727763253648;0.9948369160019936;0.95652174949646;0.9484798908233643;0.29686838388442993;0.29893067479133606;0.2629803419113159;0.7628958225250244;0.12316779047250748;0.4486633539199829
31;2;2;7.331906297727404;0.951838909633306;0.95652174949646;0.9484798908233643;0.29686838388442993;0.29893067479133606;0.37676507234573364;0.4016033709049225;-0.30605053901672363;0.37452077865600586
31;2;3;5.752009159899403;0.810167331638219;0.95652174949646;0.9484798908233643;0.29686838388442993;0.29893067479133606;-0.424721360206604;0.6448212265968323;1.1897051334381104;1.766953706741333
32;2;1;9.060685092635815;0.9937602686282574;0.9573268890380859;0.9492008686065674;0.29787477850914;0.2969610393047333;0.25799018144607544;0.766547441482544;0.12928004562854767;0.4522407650947571
32;2;2;7.328914835817674;0.9522800613315106;0.9573268890380859;0.9492008686065674;0.29787477850914;0.2969610393047333;0.37848150730133057;0.4020662307739258;-0.3056579530239105;0.3742063343524933
32;2;3;5.776051672506107;0.8125924973413277;0.9573268890380859;0.9492008686065674;0.29787477850914;0.2969610393047333;-0.42453068494796753;0.644059419631958;1.2143824100494385;1.8018525838851929
33;2;1;9.02974749151241;0.9900263866844554;0.95652174949646;0.9499219655990601;0.29750022292137146;0.2948586344718933;0.2527915835380554;0.770275354385376;0.13764142990112305;0.45837169885635376
33;2;2;7.355212786199154;0.953484008162917;0.95652174949646;0.9499219655990601;0.29750022292137146;0.2948586344718933;0.38074609637260437;0.4032629430294037;-0.3031027317047119;0.37134718894958496
33;2;3;5.790123242266986;0.8255579486545042;0.95652174949646;0.9499219655990601;0.29750022292137146;0.2948586344718933;-0.42488083243370056;0.644188404083252;1.2362861633300781;1.832829236984253
34;2;1;9.055979554979366;0.991934329665348;0.9573268890380859;0.9505935907363892;0.295316606760025;0.29235875606536865;0.24768896400928497;0.7738832831382751;0.1477542370557785;0.46675270795822144
34;2;2;7.378340222769911;0.9534653860999889;0.9573268890380859;0.9505935907363892;0.295316606760025;0.29235875606536865;0.3834252953529358;0.40508419275283813;-0.2987207770347595;0.3663344979286194
34;2;3;5.775448840669684;0.8108543606959913;0.9573268890380859;0.9505935907363892;0.295316606760025;0.29235875606536865;-0.4256632924079895;0.6450438499450684;1.2556955814361572;1.8602782487869263
35;2;1;9.110608778430027;0.9945240538253373;0.956924319267273;0.9510035514831543;0.2917781174182892;0.28968724608421326;0.24276494979858398;0.7771711349487305;0.158734530210495;0.4766475558280945
35;2;2;7.427547161190802;0.9522497148595228;0.956924319267273;0.9510035514831543;0.2917781174182892;0.28968724608421326;0.3862622082233429;0.4072452187538147;-0.2931573688983917;0.3599259555339813
35;2;3;5.796384536239993;0.8208499613793432;0.956924319267273;0.9510035514831543;0.2917781174182892;0.28968724608421326;-0.4266228675842285;0.6462244987487793;1.2730964422225952;1.8848868608474731
36;2;1;9.137503763966215;0.9935199110270219;0.9573268890380859;0.9519715309143066;0.2878570258617401;0.28734371066093445;0.23799820244312286;0.7799214720726013;0.16958697140216827;0.4872968792915344
36;2;2;7.53318129082237;0.959752275403158;0.9573268890380859;0.9519715309143066;0.2878570258617401;0.28734371066093445;0.3889554440975189;0.40939852595329285;-0.2870944142341614;0.35291674733161926
36;2;3;5.7803821650792955;0.8205684066541075;0.9573268890380859;0.9519715309143066;0.2878570258617401;0.28734371066093445;-0.4274294078350067;0.6472035646438599;1.2890713214874268;1.9074786901474
37;2;1;9.206728091228129;0.9955395278627108;0.9585345983505249;0.9534828066825867;0.28447943925857544;0.28561076521873474;0.23324882984161377;0.7820156216621399;0.17927581071853638;0.4977923631668091
37;2;2;7.638673896124541;0.9690662449077152;0.9585345983505249;0.9534828066825867;0.28447943925857544;0.28561076521873474;0.39121198654174805;0.41118040680885315;-0.28126007318496704;0.34623706340789795
37;2;3;5.833706780112383;0.8288983269905206;0.9585345983505249;0.9534828066825867;0.28447943925857544;0.28561076521873474;-0.42775577306747437;0.6474549174308777;1.304188847541809;1.9288580417633057
38;2;1;9.283830532655976;0.9983424583353013;0.9589371681213379;0.9537839889526367;0.28209882974624634;0.2843184769153595;0.22847524285316467;0.7833394408226013;0.18719041347503662;0.5076557397842407
38;2;2;7.769879321671766;0.9724245066613477;0.9589371681213379;0.9537839889526367;0.28209882974624634;0.2843184769153595;0.39283180236816406;0.4123682975769043;-0.2761046588420868;0.3403051197528839
38;2;3;5.843416350496092;0.8142603809682569;0.9589371681213379;0.9537839889526367;0.28209882974624634;0.2843184769153595;-0.42736193537712097;0.646591067314148;1.3188953399658203;1.9496562480926514
39;2;1;9.338384140160969;0.9981094440585636;0.9589371681213379;0.953892707824707;0.28057384490966797;0.2831973731517792;0.22361457347869873;0.7839445471763611;0.19291619956493378;0.5163649320602417
39;2;2;7.8734611168903825;0.9733895075035299;0.9589371681213379;0.953892707824707;0.28057384490966797;0.2831973731517792;0.3937142491340637;0.412836492061615;-0.27200445532798767;0.33555835485458374
39;2;3;5.9171549032528645;0.8211585059933508;0.9589371681213379;0.953892707824707;0.28057384490966797;0.2831973731517792;-0.4261414408683777;0.6444389224052429;1.3334617614746094;1.9702563285827637
40;2;1;9.35311742825845;0.999397077794633;0.9593397974967957;0.9552013874053955;0.2796132564544678;0.28185921907424927;0.21872226893901825;0.7839309573173523;0.19647401571273804;0.5238274335861206
40;2;2;8.002533050180208;0.9793220884747491;0.9593397974967957;0.9552013874053955;0.2796132564544678;0.28185921907424927;0.3939015567302704;0.4126361608505249;-0.2689681053161621;0.3320770859718323
40;2;3;5.970564655478194;0.8324018919584564;0.9593397974967957;0.9552013874053955;0.2796132564544678;0.28185921907424927;-0.424154132604599;0.6410951018333435;1.3479491472244263;1.9907444715499878
41;2;1;9.417020528450102;0.9996706068672907;0.9593397974967957;0.9554187059402466;0.27904510498046875;0.28019818663597107;0.21402840316295624;0.7833992838859558;0.19834068417549133;0.5303892493247986
41;2;2;8.109693458425966;0.9859850144972384;0.9593397974967957;0.9554187059402466;0.27904510498046875;0.28019818663597107;0.39356276392936707;0.4119889438152313;-0.2667123079299927;0.32948073744773865
41;2;3;6.066328663068271;0.8404677146476764;0.9593397974967957;0.9554187059402466;0.27904510498046875;0.28019818663597107;-0.4216158390045166;0.6369082927703857;1.3622294664382935;2.0109400749206543
42;2;1;9.444161847760284;0.9995945301294853;0.9593397974967957;0.9555965065956116;0.27880096435546875;0.27843958139419556;0.20976094901561737;0.782501220703125;0.1991845667362213;0.5365834832191467
42;2;2;8.166003365334934;0.9865736146459341;0.9593397974967957;0.9555965065956116;0.27880096435546875;0.27843958139419556;0.3929457664489746;0.41119685769081116;-0.26480644941329956;0.3272480368614197
42;2;3;6.17486190877066;0.8398161519012177;0.9593397974967957;0.9555965065956116;0.27880096435546875;0.27843958139419556;-0.41884371638298035;0.6323891878128052;1.3760597705841064;2.03049898147583
43;2;1;9.466898388916249;0.9995352127383228;0.9597423672676086;0.9563126564025879;0.2788052558898926;0.27684342861175537;0.2061173915863037;0.7814322710037231;0.19965121150016785;0.542880117893219
43;2;2;8.269874812733715;0.9923030775504138;0.9597423672676086;0.9563126564025879;0.2788052558898926;0.27684342861175537;0.392315149307251;0.41055846214294434;-0.2628375291824341;0.32493504881858826
43;2;3;6.284756000609452;0.8365308253117885;0.9597423672676086;0.9563126564025879;0.2788052558898926;0.27684342861175537;-0.4161834418773651;0.6280912756919861;1.389172077178955;2.0490424633026123
44;2;1;9.517658846259522;0.999508389653208;0.9601449370384216;0.95660400390625;0.2788054943084717;0.27553513646125793;0.2032294124364853;0.7803803086280823;0.2003062516450882;0.5496194362640381
44;2;2;8.367916393643412;0.9931379381224303;0.9601449370384216;0.95660400390625;0.2788054943084717;0.27553513646125793;0.39189741015434265;0.4103139042854309;-0.26051414012908936;0.32218876481056213
44;2;3;6.379480248743517;0.8370423064560804;0.9601449370384216;0.95660400390625;0.2788054943084717;0.27553513646125793;-0.41393765807151794;0.6244943737983704;1.401358723640442;2.066277027130127
45;2;1;9.55018419327044;0.9995222807596562;0.9601448774337769;0.9567372798919678;0.2784643769264221;0.2743835747241974;0.20106957852840424;0.7795190215110779;0.20151804387569427;0.5569520592689514
45;2;2;8.489930767525546;0.996089979074192;0.9601448774337769;0.9567372798919678;0.2784643769264221;0.2743835747241974;0.3918420374393463;0.4106033146381378;-0.25768494606018066;0.3188100755214691
45;2;3;6.522046157783707;0.8399250210229159;0.9601448774337769;0.9567372798919678;0.2784643769264221;0.2743835747241974;-0.4123079180717468;0.6219132542610168;1.4125396013259888;2.0820891857147217
46;2;1;9.598993570049409;0.9995701826174823;0.9601449370384216;0.9569891691207886;0.27744513750076294;0.2732679545879364;0.19944290816783905;0.7790350914001465;0.2032257318496704;0.5646349191665649
46;2;2;8.612893812098768;0.9939115892216073;0.9601449370384216;0.9569891691207886;0.27744513750076294;0.2732679545879364;0.392184853553772;0.41142189502716064;-0.2544900178909302;0.3149719834327698
46;2;3;6.6196950924605655;0.832267402611377;0.9601449370384216;0.9569891691207886;0.27744513750076294;0.2732679545879364;-0.4113604426383972;0.6204448342323303;1.422794222831726;2.0965914726257324
47;2;1;9.635717772581678;0.999633435040522;0.9609500765800476;0.9571917057037354;0.27591437101364136;0.27223142981529236;0.1981516182422638;0.7790205478668213;0.2053399384021759;0.5722021460533142
47;2;2;8.70927252425448;0.996120894414311;0.9609500765800476;0.9571917057037354;0.27591437101364136;0.27223142981529236;0.39286693930625916;0.41266146302223206;-0.25121092796325684;0.31101149320602417
47;2;3;6.733058051615405;0.8369508658591727;0.9609500765800476;0.9571917057037354;0.27591437101364136;0.27223142981529236;-0.41103363037109375;0.6199812293052673;1.432336688041687;2.110086441040039
48;2;1;9.672390481868575;0.999690923907238;0.9613527059555054;0.957339882850647;0.27421078085899353;0.27137890458106995;0.19685907661914825;0.779556393623352;0.2074027806520462;0.5791298747062683
48;2;2;8.793620940578826;0.9962629126311526;0.9613527059555054;0.957339882850647;0.27421078085899353;0.27137890458106995;0.3937607407569885;0.4141434133052826;-0.24824285507202148;0.30738595128059387
48;2;3;6.795014885528843;0.8366510275768917;0.9613527059555054;0.957339882850647;0.27421078085899353;0.27137890458106995;-0.4111732244491577;0.620267391204834;1.4414594173431396;2.122987985610962
49;2;1;9.705666131697427;0.999726369750924;0.9613526463508606;0.957591712474823;0.27259987592697144;0.27074918150901794;0.19525869190692902;0.780680775642395;0.20903129875659943;0.5849151015281677
49;2;2;8.966378287586323;0.9961577500627854;0.9613526463508606;0.957591712474823;0.27259987592697144;0.27074918150901794;0.3947256803512573;0.41568833589553833;-0.2459556758403778;0.3045054078102112
49;2;3;6.882127956988608;0.8497387138830312;0.9613526463508606;0.957591712474823;0.27259987592697144;0.27074918150901794;-0.411600798368454;0.6210114359855652;1.4504437446594238;2.1356937885284424
50;2;1;9.707967021049178;0.9997309167919681;0.9617552757263184;0.9577892422676086;0.2712932825088501;0.27017495036125183;0.19326277077198029;0.7823461890220642;0.21002061665058136;0.589300811290741
50;2;2;9.044261547666952;0.9959053822265105;0.9617552757263184;0.9577892422676086;0.2712932825088501;0.27017495036125183;0.3956632614135742;0.4171755909919739;-0.244569331407547;0.30264195799827576
50;2;3;6.9439797127382885;0.8426571592153564;0.9617552757263184;0.9577892422676086;0.2712932825088501;0.27017495036125183;-0.412185400724411;0.6220000386238098;1.4594749212265015;2.148465871810913
51;2;1;9.719551975040687;0.9996970434266643;0.9613525867462158;0.958046019077301;0.27021855115890503;0.2695014476776123;0.19083677232265472;0.7845445275306702;0.21028749644756317;0.5922231674194336
51;2;2;9.085515715495387;0.9960439927797147;0.9613525867462158;0.958046019077301;0.27021855115890503;0.2695014476776123;0.39654606580734253;0.4185752868652344;-0.24411916732788086;0.3018568158149719
51;2;3;6.981562938937323;0.8463310425495241;0.9613525867462158;0.958046019077301;0.27021855115890503;0.2695014476776123;-0.4128849506378174;0.6231650710105896;1.4685986042022705;2.1613686084747314
52;2;1;9.7287140706417;0.9996060182754647;0.9609500169754028;0.9582535028457642;0.26956725120544434;0.26865360140800476;0.1881493180990219;0.7872101068496704;0.2100873440504074;0.5939274430274963
52;2;2;9.08980374135178;0.9969697410292433;0.9609500169754028;0.9582535028457642;0.26956725120544434;0.26865360140800476;0.3974265158176422;0.4199563264846802;-0.24441072344779968;0.3019274175167084
52;2;3;6.968458001194202;0.8381717654030538;0.9609500169754028;0.9582535028457642;0.26956725120544434;0.26865360140800476;-0.41375303268432617;0.6245942115783691;1.477720022201538;2.1742682456970215
53;2;1;9.715795838327999;0.9994254019671587;0.9613526463508606;0.9584164619445801;0.2692600190639496;0.2677268981933594;0.18544405698776245;0.7902629375457764;0.20975978672504425;0.5948657393455505
53;2;2;9.076945003994304;0.9959869400677412;0.9613526463508606;0.9584164619445801;0.2692600190639496;0.2677268981933594;0.39840343594551086;0.42143964767456055;-0.24511860311031342;0.30246880650520325
53;2;3;6.928910465054244;0.8343361792630315;0.9613526463508606;0.9584164619445801;0.2692600190639496;0.2677268981933594;-0.414897084236145;0.6264626979827881;1.4866594076156616;2.186910390853882
54;2;1;9.701279883809804;0.9991352879885369;0.9617552161216736;0.9585201740264893;0.269104540348053;0.2668546736240387;0.18295708298683167;0.7936192154884338;0.2096385806798935;0.5955069065093994
54;2;2;9.009907091913341;0.9925495522175574;0.9617552161216736;0.9585201740264893;0.269104540348053;0.2668546736240387;0.39957454800605774;0.42313987016677856;-0.24589687585830688;0.303066223859787
54;2;3;6.891568841992278;0.8333536890062696;0.9617552161216736;0.9585201740264893;0.269104540348053;0.2668546736240387;-0.41641709208488464;0.6289334297180176;1.4952332973480225;2.19903564453125
55;2;1;9.681415974189868;0.9987741312905456;0.9613526463508606;0.958651065826416;0.26873403787612915;0.26606348156929016;0.18088622391223907;0.7971836924552917;0.20997081696987152;0.5961667895317078
55;2;2;8.947769443039977;0.9913990698345145;0.9613526463508606;0.958651065826416;0.26873403787612915;0.26606348156929016;0.40099048614501953;0.4251122772693634;-0.2465038150548935;0.3034404516220093
55;2;3;6.875589269139246;0.8471974728574079;0.9613526463508606;0.958651065826416;0.26873403787612915;0.26606348156929016;-0.41835182905197144;0.6320706009864807;1.5033260583877563;2.2104806900024414
56;2;1;9.697346309387143;0.9984252323034113;0.9609500765800476;0.9588313102722168;0.2679881155490875;0.2653152644634247;0.17930936813354492;0.8008646965026855;0.21072757244110107;0.5969817042350769
56;2;2;8.8442314853528;0.9595324263624327;0.9609500765800476;0.9588313102722168;0.2679881155490875;0.2653152644634247;0.4026294946670532;0.42732998728752136;-0.2468707412481308;0.3035183250904083
56;2;3;6.846614154879232;0.851108782420738;0.9609500765800476;0.9588313102722168;0.2679881155490875;0.2653152644634247;-0.42065149545669556;0.6357960104942322;1.5109299421310425;2.221234083175659
57;2;1;9.695578405584342;0.9981374000028609;0.9609500765800476;0.958959698677063;0.2668144106864929;0.2645786702632904;0.1781938225030899;0.8045706152915955;0.21171502768993378;0.5979058742523193
57;2;2;8.85613955752773;0.9919503621393844;0.9609500765800476;0.958959698677063;0.2668144106864929;0.2645786702632904;0.40440428256988525;0.4296988546848297;-0.24707043170928955;0.3033889830112457
57;2;3;6.818026449226263;0.8615513504373702;0.9609500765800476;0.958959698677063;0.2668144106864929;0.2645786702632904;-0.42318758368492126;0.6399043798446655;1.5181386470794678;2.231428861618042
58;2;1;9.689233610826136;0.9979186887918132;0.9613526463508606;0.9590387344360352;0.26533663272857666;0.26388978958129883;0.1774464100599289;0.8082122802734375;0.2126503437757492;0.5987600684165955
58;2;2;8.852236706617187;0.9940430839975001;0.9613526463508606;0.9590387344360352;0.26533663272857666;0.26388978958129883;0.40618664026260376;0.43208521604537964;-0.24727916717529297;0.30326589941978455
58;2;3;6.8048730594995135;0.8656595810611858;0.9613526463508606;0.9590387344360352;0.26533663272857666;0.26388978958129883;-0.4257861077785492;0.6441176533699036;1.525110125541687;2.24128794670105
59;2;1;9.670046491611991;0.9977589675874583;0.9613526463508606;0.9591177105903625;0.26377421617507935;0.26327675580978394;0.17696483433246613;0.8117033839225769;0.2132807821035385;0.5993316769599915
59;2;2;8.839514486140946;0.996772743665467;0.9613526463508606;0.9591177105903625;0.26377421617507935;0.26327675580978394;0.4078441262245178;0.434355229139328;-0.24770782887935638;0.3033958673477173
59;2;3;6.772887978196765;0.8579179757611257;0.9613526463508606;0.9591177105903625;0.26377421617507935;0.26327675580978394;-0.4282744824886322;0.648158609867096;1.5320121049880981;2.2510488033294678
60;2;1;9.672912100971303;0.9976443403678701;0.9613526463508606;0.9591671228408813;0.26232948899269104;0.26272106170654297;0.17662593722343445;0.8150102496147156;0.2134021818637848;0.5994045734405518
60;2;2;8.817287783388483;0.9966336344143549;0.9613526463508606;0.9591671228408813;0.26232948899269104;0.26272106170654297;0.4092760980129242;0.4364110827445984;-0.24851290881633759;0.3039639890193939
60;2;3;6.725851862597098;0.8506241250521036;0.9613526463508606;0.9591671228408813;0.26232948899269104;0.26272106170654297;-0.4305223226547241;0.6518173813819885;1.538974642753601;2.2608954906463623
61;2;1;9.665460111245203;0.9975618349093196;0.9613526463508606;0.9592412710189819;0.26114460825920105;0.26221412420272827;0.17637111246585846;0.8181260824203491;0.2130231112241745;0.5988214612007141
61;2;2;8.80165423814801;0.9965232482339488;0.9613526463508606;0.9592412710189819;0.26114460825920105;0.26221412420272827;0.4104383885860443;0.4382142722606659;-0.24974676966667175;0.3050377368927002
61;2;3;6.690785573961977;0.845259859294103;0.9613526463508606;0.9592412710189819;0.26114460825920105;0.26221412420272827;-0.43247079849243164;0.6549983620643616;1.5460526943206787;2.2709052562713623
62;2;1;9.654222742302032;0.9987611038165483;0.9613526463508606;0.959305465221405;0.2602823078632355;0.2616909146308899;0.17620335519313812;0.8210393786430359;0.2122107595205307;0.5976943373680115
62;2;2;8.769905143452963;0.9971490792654336;0.9613526463508606;0.959305465221405;0.2602823078632355;0.2616909146308899;0.41135144233703613;0.43979042768478394;-0.25133952498435974;0.3065411448478699
62;2;3;6.650776873321513;0.8476628712686605;0.9613526463508606;0.959305465221405;0.2602823078632355;0.2616909146308899;-0.43413931131362915;0.657731831073761;1.5532170534133911;2.2810370922088623
63;2;1;9.65531761758556;0.9989532404329609;0.9625604152679443;0.9594289064407349;0.2597145736217499;0.26115429401397705;0.1761339008808136;0.8237723112106323;0.21107755601406097;0.5962586402893066
63;2;2;8.748766998198086;0.9971293715868477;0.9625604152679443;0.9594289064407349;0.2597145736217499;0.26115429401397705;0.4120858609676361;0.4412120282649994;-0.2531397342681885;0.30829688906669617
63;2;3;6.64137318208634;0.8562419740998912;0.9625604152679443;0.9594289064407349;0.2597145736217499;0.26115429401397705;-0.4356086850166321;0.6601464748382568;1.5603744983673096;2.2911593914031982
64;2;1;9.65625729813091;0.9989251947981472;0.9625604152679443;0.9594289064407349;0.2593638300895691;0.2606181800365448;0.17626594007015228;0.8263345956802368;0.20993463695049286;0.5947801470756531
64;2;2;8.712447696274026;0.9974990959837093;0.9625604152679443;0.9594289064407349;0.2593638300895691;0.2606181800365448;0.41274169087409973;0.4425751864910126;-0.2549368739128113;0.31006649136543274
64;2;3;6.633254216424376;0.8608879375517073;0.9625604152679443;0.9594289064407349;0.2593638300895691;0.2606181800365448;-0.43699193000793457;0.6624228358268738;1.567400336265564;2.3010952472686768
65;2;1;9.650753745093098;0.9988650374689598;0.9633655548095703;0.9594782590866089;0.25905144214630127;0.2601180970668793;0.17664538323879242;0.8287693858146667;0.2089798003435135;0.5934768915176392
65;2;2;8.686273295962717;0.9970216654280861;0.9633655548095703;0.9594782590866089;0.25905144214630127;0.2601180970668793;0.41341128945350647;0.44396477937698364;-0.2565508782863617;0.3116365969181061
65;2;3;6.613093550539531;0.8513997390350934;0.9633655548095703;0.9594782590866089;0.25905144214630127;0.2601180970668793;-0.4383934736251831;0.6647276282310486;1.5741859674453735;2.3106918334960938
66;2;1;9.661075778912455;0.9987998719069751;0.9629629850387573;0.9595474004745483;0.25861984491348267;0.25966161489486694;0.17726512253284454;0.8311309218406677;0.2083776444196701;0.5924111604690552
66;2;2;8.683412515693533;0.9960489469103706;0.9629629850387573;0.9595474004745483;0.25861984491348267;0.25966161489486694;0.4141536056995392;0.44543084502220154;-0.257882297039032;0.31289002299308777
66;2;3;6.5848901763941825;0.8513893500845846;0.9629629850387573;0.9595474004745483;0.25861984491348267;0.25966161489486694;-0.4398799538612366;0.667167603969574;1.5806719064712524;2.319864273071289
67;2;1;9.662588088279627;0.998749528742664;0.9633655548095703;0.9596856832504272;0.25798603892326355;0.25922709703445435;0.17804978787899017;0.8334488272666931;0.20810344815254211;0.591629683971405
67;2;2;8.682311026246001;0.9950686466948859;0.9633655548095703;0.9596856832504272;0.25798603892326355;0.25922709703445435;0.4149826765060425;0.44698190689086914;-0.2589223086833954;0.3138153851032257
67;2;3;6.609410163638842;0.860090628175012;0.9633655548095703;0.9596856832504272;0.25798603892326355;0.25922709703445435;-0.4414673447608948;0.6697692275047302;1.5868606567382812;2.3286163806915283
68;2;1;9.655278432859696;0.998737380329878;0.9633654952049255;0.9598042964935303;0.25717025995254517;0.2588038742542267;0.17890141904354095;0.8357338309288025;0.20807504653930664;0.5910727977752686
68;2;2;8.67910166225812;0.9961306537130135;0.9633654952049255;0.9598042964935303;0.25717025995254517;0.2588038742542267;0.41587164998054504;0.44859009981155396;-0.25974640250205994;0.31449952721595764
68;2;3;6.599173657888281;0.8452059735604216;0.9633654952049255;0.9598042964935303;0.25717025995254517;0.2588038742542267;-0.4431266188621521;0.6724873185157776;1.5928083658218384;2.3370277881622314
69;2;1;9.668055716375264;0.9987781868983348;0.9641706347465515;0.959888219833374;0.25627195835113525;0.2584131360054016;0.17968490719795227;0.8380122780799866;0.20812995731830597;0.5905601382255554
69;2;2;8.683421943249517;0.9948212918953203;0.9641706347465515;0.959888219833374;0.25627195835113525;0.2584131360054016;0.4167671501636505;0.45020580291748047;-0.2604842185974121;0.3150962293148041
69;2;3;6.611631219010986;0.8593352111343684;0.9641706347465515;0.959888219833374;0.25627195835113525;0.2584131360054016;-0.44480079412460327;0.6752323508262634;1.5986027717590332;2.345222234725952
70;2;1;9.662014968572663;0.9988650241089516;0.9641706347465515;0.9598388671875;0.25543689727783203;0.2580738663673401;0.18027250468730927;0.8402959108352661;0.20810818672180176;0.5899477005004883
70;2;2;8.689800512954704;0.9963487067230012;0.9641706347465515;0.9598388671875;0.25543689727783203;0.2580738663673401;0.41761597990989685;0.4517814517021179;-0.2612595558166504;0.3157521188259125
70;2;3;6.625003083699518;0.8644417603145591;0.9641706347465515;0.9598388671875;0.25543689727783203;0.2580738663673401;-0.44643306732177734;0.6779146194458008;1.6043270826339722;2.3533177375793457
71;2;1;9.66971319732118;0.9989688456975685;0.9641706347465515;0.9598289132118225;0.2547996938228607;0.2577682435512543;0.18059055507183075;0.8425873517990112;0.20792262256145477;0.5891701579093933
71;2;2;8.70251644374476;0.9968007227059061;0.9641706347465515;0.9598289132118225;0.2547996938228607;0.2577682435512543;0.41838911175727844;0.45329320430755615;-0.26213502883911133;0.31653493642807007
71;2;3;6.608819742105473;0.8545270758432171;0.9641706347465515;0.9598289132118225;0.2547996938228607;0.2577682435512543;-0.4479912221431732;0.6804836988449097;1.6100294589996338;2.361382007598877
72;2;1;9.67707599533042;0.9990577903124489;0.9645732045173645;0.9598387479782104;0.25440794229507446;0.25747618079185486;0.18062642216682434;0.8448810577392578;0.20754913985729218;0.5882838368415833
72;2;2;8.698267414095415;0.9971898086138147;0.9645732045173645;0.9598387479782104;0.25440794229507446;0.25747618079185486;0.41909176111221313;0.45474618673324585;-0.2631007134914398;0.3174302577972412
72;2;3;6.6147356220679825;0.8640894080493524;0.9645732045173645;0.9598387479782104;0.25440794229507446;0.25747618079185486;-0.44947922229766846;0.6829461455345154;1.6157093048095703;2.3694145679473877
73;2;1;9.681728994205464;0.9991141529024645;0.9641706347465515;0.9598190188407898;0.2542569637298584;0.25719285011291504;0.18038637936115265;0.8471789360046387;0.20703940093517303;0.5874279141426086
73;2;2;8.701538374693609;0.9974627795920163;0.9641706347465515;0.9598190188407898;0.2542569637298584;0.25719285011291504;0.419760525226593;0.4561707377433777;-0.26408058404922485;0.31834906339645386
73;2;3;6.630623260388994;0.8701037206833497;0.9641706347465515;0.9598190188407898;0.2542569637298584;0.25719285011291504;-0.45093366503715515;0.6853598952293396;1.6213220357894897;2.377352237701416
74;2;1;9.682665772327724;0.999137701970696;0.9641706347465515;0.9597943425178528;0.2542852759361267;0.25692257285118103;0.1799871176481247;0.8494812846183777;0.20654402673244476;0.5866983532905579
74;2;2;8.687557050153899;0.9976076115893626;0.9641706347465515;0.9597943425178528;0.2542852759361267;0.25692257285118103;0.4204484522342682;0.4576084613800049;-0.26496416330337524;0.31916213035583496
74;2;3;6.611434746629538;0.8628669907148598;0.9641706347465515;0.9597943425178528;0.2542852759361267;0.25692257285118103;-0.4524068236351013;0.6878076195716858;1.6268001794815063;2.385099411010742
75;2;1;9.68230302035564;0.9991384226566424;0.9645732641220093;0.9597746133804321;0.25437381863594055;0.2566707134246826;0.17952905595302582;0.8517835736274719;0.2061856985092163;0.5862072706222534
75;2;2;8.683069459026257;0.9976504615760646;0.9645732641220093;0.9597746133804321;0.25437381863594055;0.2566707134246826;0.4212033152580261;0.45909395813941956;-0.26565176248550415;0.3197548985481262
75;2;3;6.591164200654935;0.8547425464140623;0.9645732641220093;0.9597746133804321;0.25437381863594055;0.2566707134246826;-0.4539443254470825;0.6903611421585083;1.632081151008606;2.3925678730010986
76;2;1;9.682231830248057;0.9991287311777413;0.9645732641220093;0.9598437547683716;0.25439929962158203;0.2564369738101959;0.17904341220855713;0.854069173336029;0.20599952340126038;0.5860872268676758
76;2;2;8.679880250528807;0.9976542243365429;0.9645732641220093;0.9598437547683716;0.25439929962158203;0.2564369738101959;0.4220501482486725;0.4606429934501648;-0.26608189940452576;0.32004985213279724
76;2;3;6.586579487821563;0.8556162689132432;0.9645732641220093;0.9598437547683716;0.25439929962158203;0.2564369738101959;-0.4555665850639343;0.6930520534515381;1.6371312141418457;2.399709701538086
77;2;1;9.682177959329238;0.9991195909397206;0.9645732641220093;0.9598388671875;0.25427448749542236;0.25621676445007324;0.17857015132904053;0.8563171029090881;0.20598183572292328;0.5863348841667175
77;2;2;8.675367386242474;0.9976554258891674;0.9645732641220093;0.9598388671875;0.25427448749542236;0.25621676445007324;0.42298102378845215;0.4622446894645691;-0.26625871658325195;0.3200483024120331
77;2;3;6.573805697813198;0.8566612139143217;0.9645732641220093;0.9598388671875;0.25427448749542236;0.25621676445007324;-0.4572601318359375;0.6958582997322083;1.64195716381073;2.4065346717834473
78;2;1;9.682990230069763;0.9991162648929048;0.9649758338928223;0.9598536491394043;0.25398436188697815;0.2560005784034729;0.17810773849487305;0.8585029244422913;0.20605352520942688;0.5868821144104004
78;2;2;8.67408295310145;0.9976638610265525;0.9649758338928223;0.9598536491394043;0.25398436188697815;0.2560005784034729;0.4239584505558014;0.46386581659317017;-0.2662425935268402;0.31981903314590454
78;2;3;6.583570140210407;0.8616849281976222;0.9649758338928223;0.9598536491394043;0.25398436188697815;0.2560005784034729;-0.45898181200027466;0.6987103819847107;1.6466031074523926;2.413105010986328
79;2;1;9.683324622772616;0.9996602503857659;0.9649758338928223;0.9598437547683716;0.25358709692955017;0.25579559803009033;0.17762766778469086;0.8606026768684387;0.20608726143836975;0.587611734867096
79;2;2;8.681991842633941;0.9980120178291649;0.9649758338928223;0.9598437547683716;0.25358709692955017;0.25579559803009033;0.4249271750450134;0.46545976400375366;-0.2661372423171997;0.31948643922805786
79;2;3;6.578313764940376;0.8657064524689133;0.9649758338928223;0.9598437547683716;0.25358709692955017;0.25579559803009033;-0.46067237854003906;0.7015135884284973;1.6511344909667969;2.419513463973999
80;2;1;9.684904190495601;0.9996601503550906;0.9649758338928223;0.9598437547683716;0.25318461656570435;0.25560879707336426;0.17709212005138397;0.8625938892364502;0.20595049858093262;0.58842533826828
80;2;2;8.69107772885847;0.9979864098834206;0.9649758338928223;0.9598437547683716;0.25318461656570435;0.25560879707336426;0.4258342981338501;0.466983824968338;-0.26604384183883667;0.31916993856430054
80;2;3;6.568690866061763;0.8622323577093045;0.9649758338928223;0.9598437547683716;0.25318461656570435;0.25560879707336426;-0.4622761905193329;0.7041786909103394;1.6556141376495361;2.4258484840393066
81;2;1;9.689715662149936;0.9996599263999499;0.9649758338928223;0.9598684310913086;0.2528652846813202;0.2554358243942261;0.17649810016155243;0.8644524216651917;0.2056085616350174;0.5892589092254639
81;2;2;8.69821166094459;0.9976614372609767;0.9649758338928223;0.9598684310913086;0.2528652846813202;0.2554358243942261;0.4266466796398163;0.46841180324554443;-0.2660238444805145;0.3189426362514496
81;2;3;6.564265157857921;0.8577288468825177;0.9649758338928223;0.9598684310913086;0.2528652846813202;0.2554358243942261;-0.46375808119773865;0.7066490054130554;1.6600819826126099;2.4321670532226562
82;2;1;9.694798404537117;0.9996651327417254;0.9649758338928223;0.9598585367202759;0.25265657901763916;0.25526753067970276;0.17585310339927673;0.8661720752716064;0.2050364464521408;0.5901051163673401
82;2;2;8.699004026523127;0.9960234579250304;0.9649758338928223;0.9598585367202759;0.25265657901763916;0.25526753067970276;0.4273573160171509;0.46973833441734314;-0.2660909593105316;0.3188219666481018
82;2;3;6.54903058060302;0.8576609927737504;0.9649758338928223;0.9598585367202759;0.25265657901763916;0.25526753067970276;-0.46511027216911316;0.7089111804962158;1.664547085762024;2.438481569290161
83;2;1;9.696209268651408;0.9996600108487144;0.9649758338928223;0.9598881602287292;0.2525663673877716;0.2551017701625824;0.17520461976528168;0.8677546977996826;0.20428366959095;0.5909936428070068
83;2;2;8.6979518750158;0.9962785118936708;0.9649758338928223;0.9598881602287292;0.2525663673877716;0.2551017701625824;0.42798513174057007;0.4709777534008026;-0.26620811223983765;0.31876593828201294
83;2;3;6.5402802517206595;0.8656107650235736;0.9649758338928223;0.9598881602287292;0.2525663673877716;0.2551017701625824;-0.46635109186172485;0.7109937071800232;1.668988585472107;2.444762945175171
84;2;1;9.69644978493865;0.9996548731788337;0.9645732641220093;0.959912896156311;0.25258803367614746;0.25494033098220825;0.17459583282470703;0.8692006468772888;0.20339882373809814;0.5920377373695374
84;2;2;8.694793013442546;0.997091337977988;0.9645732641220093;0.959912896156311;0.25258803367614746;0.25494033098220825;0.4285646677017212;0.47215592861175537;-0.26631197333335876;0.3187005817890167
84;2;3;6.538116955751331;0.8590960207761089;0.9645732641220093;0.959912896156311;0.25258803367614746;0.25494033098220825;-0.46751463413238525;0.7129504680633545;1.6733683347702026;2.4509568214416504
85;2;1;9.697479578596955;0.9996515242001962;0.9645732641220093;0.9599276781082153;0.2526360750198364;0.25478631258010864;0.17407606542110443;0.8705211281776428;0.20246581733226776;0.5933051109313965
85;2;2;8.691754939453954;0.9973760521496757;0.9645732641220093;0.9599276781082153;0.2526360750198364;0.25478631258010864;0.429132342338562;0.47329941391944885;-0.26633837819099426;0.3185507655143738
85;2;3;6.5471862975089365;0.8542825158876983;0.9645732641220093;0.9599276781082153;0.2526360750198364;0.25478631258010864;-0.46863746643066406;0.7148392796516418;1.6776477098464966;2.4570088386535645
86;2;1;9.705629320086295;0.999651364872598;0.9645732641220093;0.9599523544311523;0.25262323021888733;0.2546367943286896;0.17367270588874817;0.8717283606529236;0.2015410214662552;0.5948359370231628
86;2;2;8.691361928065547;0.997381395306796;0.9645732641220093;0.9599523544311523;0.25262323021888733;0.2546367943286896;0.42971357703208923;0.47442665696144104;-0.266246497631073;0.31826862692832947
86;2;3;6.5475842907348465;0.8531460398314294;0.9645732641220093;0.9599523544311523;0.25262323021888733;0.2546367943286896;-0.46974560618400574;0.7167017459869385;1.6818028688430786;2.4628849029541016
87;2;1;9.714936892730684;0.9996554701867808;0.9649758338928223;0.9599672555923462;0.2524968981742859;0.254487007856369;0.17338286340236664;0.8728349208831787;0.20063500106334686;0.5966229438781738
87;2;2;8.693533488046398;0.997384493231138;0.9649758338928223;0.9599672555923462;0.2524968981742859;0.254487007856369;0.4303152859210968;0.4755425453186035;-0.2660354673862457;0.3178544044494629
87;2;3;6.547330249177673;0.8610733681977631;0.9649758338928223;0.9599672555923462;0.2524968981742859;0.254487007856369;-0.470848023891449;0.71855229139328;1.68583345413208;2.4685850143432617
88;2;1;9.719309109623673;0.9996642213091746;0.9653784036636353;0.9599820375442505;0.2522514760494232;0.2543356418609619;0.1731768101453781;0.8738507032394409;0.19972112774848938;0.5986233353614807
88;2;2;8.699305976550509;0.9975110530853115;0.9653784036636353;0.9599820375442505;0.2522514760494232;0.2543356418609619;0.4309271574020386;0.4766404926776886;-0.26573580503463745;0.31734296679496765
88;2;3;6.54433891985958;0.8555279637815811;0.9653784036636353;0.9599820375442505;0.2522514760494232;0.2543356418609619;-0.47193682193756104;0.7203790545463562;1.6897610425949097;2.474139451980591
89;2;1;9.721354253051878;0.9996772020381002;0.9653784036636353;0.959972083568573;0.251954048871994;0.25418543815612793;0.17301511764526367;0.8747891783714294;0.19875335693359375;0.6007434129714966
89;2;2;8.70922894405295;0.9975465382459028;0.9653784036636353;0.959972083568573;0.251954048871994;0.25418543815612793;0.4315274953842163;0.47770607471466064;-0.2654063105583191;0.31680363416671753
89;2;3;6.562646997497554;0.8575152344508847;0.9653784036636353;0.959972083568573;0.251954048871994;0.25418543815612793;-0.4729946255683899;0.7221547961235046;1.6936200857162476;2.4795970916748047
90;2;1;9.720813939622431;0.9996922853080719;0.9653784036636353;0.9599820375442505;0.25166499614715576;0.25404220819473267;0.1728489100933075;0.8756709694862366;0.19772092998027802;0.602859377861023
90;2;2;8.721761337156913;0.997653398352714;0.9653784036636353;0.9599820375442505;0.25166499614715576;0.25404220819473267;0.43209490180015564;0.4787256419658661;-0.26510339975357056;0.31630462408065796
90;2;3;6.584404565419042;0.8686469293602137;0.9653784036636353;0.9599820375442505;0.25166499614715576;0.25404220819473267;-0.4740040898323059;0.7238526344299316;1.6974444389343262;2.4850056171417236
91;2;1;9.719410627949394;0.9997065255321473;0.9653784036636353;0.9600017666816711;0.25142744183540344;0.2539098262786865;0.17264294624328613;0.8765075206756592;0.19658635556697845;0.6049256324768066
91;2;2;8.732698129913022;0.9977443526735605;0.9653784036636353;0.9600017666816711;0.25142744183540344;0.2539098262786865;0.43261802196502686;0.4796929657459259;-0.2648635804653168;0.315888911485672
91;2;3;6.578037615917694;0.8620222594667464;0.9653784036636353;0.9600017666816711;0.25142744183540344;0.2539098262786865;-0.4749576449394226;0.7254608273506165;1.7012547254562378;2.490394115447998
92;2;1;9.722840137383564;0.9997174428372091;0.9653784036636353;0.9600214958190918;0.25127914547920227;0.2537797689437866;0.17238785326480865;0.8773099780082703;0.1953452080488205;0.606938898563385
92;2;2;8.741296222240422;0.9978684895505197;0.9653784036636353;0.9600214958190918;0.25127914547920227;0.2537797689437866;0.4331018030643463;0.48061296343803406;-0.26468950510025024;0.31556206941604614
92;2;3;6.58221881712813;0.8589407376284832;0.9653784036636353;0.9600214958190918;0.25127914547920227;0.2537797689437866;-0.475862592458725;0.7269914150238037;1.7050516605377197;2.4957637786865234
93;2;1;9.725560170463943;0.9997238212188293;0.9653784036636353;0.9600215554237366;0.25122395157814026;0.25365033745765686;0.17210392653942108;0.878095805644989;0.19406822323799133;0.6088970899581909
93;2;2;8.7414390620804;0.9979357571952363;0.9653784036636353;0.9600215554237366;0.25122395157814026;0.25365033745765686;0.4335665702819824;0.48150157928466797;-0.2645471394062042;0.31528326869010925
93;2;3;6.605979857027478;0.8611076537718123;0.9653784036636353;0.9600215554237366;0.25122395157814026;0.25365033745765686;-0.4767400026321411;0.7284781336784363;1.7088168859481812;2.5010886192321777
94;2;1;9.727190095865403;0.9997262757521668;0.9653784036636353;0.9600462317466736;0.25121408700942993;0.2535238564014435;0.17181621491909027;0.8788778781890869;0.192805215716362;0.6108404397964478
94;2;2;8.750685764781334;0.9979610499497227;0.9653784036636353;0.9600462317466736;0.25121408700942993;0.2535238564014435;0.43403810262680054;0.48237714171409607;-0.2643982768058777;0.3150104284286499
94;2;3;6.619600071545975;0.8639788870665406;0.9653784036636353;0.9600462317466736;0.25121408700942993;0.2535238564014435;-0.477616548538208;0.7299637794494629;1.7125229835510254;2.5063297748565674
95;2;1;9.727856977786857;0.9997257160186379;0.9649758338928223;0.960090696811676;0.25120487809181213;0.2534073293209076;0.1715804785490036;0.8796769976615906;0.191695898771286;0.6127215623855591
95;2;2;8.759092743541157;0.9979614531994265;0.9649758338928223;0.960090696811676;0.25120487809181213;0.2534073293209076;0.43454062938690186;0.48325735330581665;-0.2641986012458801;0.3146875202655792
95;2;3;6.615799456041627;0.85953698634167;0.9649758338928223;0.960090696811676;0.25120487809181213;0.2534073293209076;-0.4785158038139343;0.7314859628677368;1.7161445617675781;2.511451482772827
96;2;1;9.72861902935648;0.9997237686563096;0.9649758338928223;0.9601153135299683;0.2511563003063202;0.2532939314842224;0.17141206562519073;0.8804939389228821;0.19075775146484375;0.614575982093811
96;2;2;8.760954584882068;0.9979505274264966;0.9649758338928223;0.9601153135299683;0.2511563003063202;0.2532939314842224;0.43508586287498474;0.4841506779193878;-0.2639259696006775;0.31428974866867065
96;2;3;6.619392488640592;0.8634788033818115;0.9649758338928223;0.9601153135299683;0.2511563003063202;0.2532939314842224;-0.47944915294647217;0.7330629229545593;1.719669222831726;2.5164361000061035
97;2;1;9.736443291755009;0.9997214148165838;0.9649758338928223;0.9601005911827087;0.25103843212127686;0.2531833350658417;0.17129254341125488;0.8813281655311584;0.18996857106685638;0.6164119839668274
97;2;2;8.772717537373559;0.9979363976017339;0.9649758338928223;0.9601005911827087;0.25103843212127686;0.2531833350658417;0.4356696903705597;0.4850548505783081;-0.2635871171951294;0.3138238489627838
97;2;3;6.616671446053207;0.8602653343369067;0.9649758338928223;0.9601005911827087;0.25103843212127686;0.2531833350658417;-0.48041296005249023;0.7346888184547424;1.7231017351150513;2.5212905406951904
98;2;1;9.741157388570642;0.9997190336756034;0.9649758338928223;0.9601104259490967;0.2508549094200134;0.25307387113571167;0.17121587693691254;0.8821720480918884;0.18929928541183472;0.6181981563568115
98;2;2;8.77668900440786;0.9979207372081689;0.9649758338928223;0.9601104259490967;0.2508549094200134;0.25307387113571167;0.4362754821777344;0.4859597980976105;-0.26320788264274597;0.3133188784122467
98;2;3;6.622394647621604;0.8610387843457321;0.9649758338928223;0.9601104259490967;0.2508549094200134;0.25307387113571167;-0.48139119148254395;0.7363379001617432;1.7264611721038818;2.5260415077209473
99;2;1;9.7408199518499;0.9997161879169738;0.9649758338928223;0.9601302146911621;0.25063422322273254;0.2529636323451996;0.1711662858724594;0.8830161690711975;0.18870316445827484;0.6198940873146057
99;2;2;8.776081659491748;0.997899953204815;0.9649758338928223;0.9601302146911621;0.25063422322273254;0.2529636323451996;0.4368799328804016;0.4868510961532593;-0.26282596588134766;0.31281793117523193
99;2;3;6.627739566449833;0.8661690739622845;0.9649758338928223;0.9601302146911621;0.25063422322273254;0.2529636323451996;-0.48236164450645447;0.7379745841026306;1.7297735214233398;2.5307257175445557
100;2;1;9.739920361805737;0.9997980417696724;0.9649758338928223;0.9601449966430664;0.2504165470600128;0.25285500288009644;0.1711067259311676;0.8838400840759277;0.18814894556999207;0.6215075254440308
100;2;2;8.776709687449724;0.9985292597158697;0.9649758338928223;0.9601449966430664;0.2504165470600128;0.25285500288009644;0.4374609589576721;0.4877154231071472;-0.2624763250350952;0.3123607039451599
100;2;3;6.62211598891664;0.8633291017323383;0.9649758338928223;0.9601449966430664;0.2504165470600128;0.25285500288009644;-0.4833030104637146;0.739564836025238;1.7330628633499146;2.5353775024414062
101;2;1;9.738824778740991;0.9999262972266152;0.9653784036636353;0.9601598381996155;0.2502116858959198;0.2527475655078888;0.17103062570095062;0.8846352696418762;0.18759775161743164;0.6230217814445496
101;2;2;8.777690078105103;0.998955631808176;0.9653784036636353;0.9601598381996155;0.2502116858959198;0.2527475655078888;0.4380033016204834;0.4885441064834595;-0.2621811330318451;0.31197264790534973
101;2;3;6.6112305199634065;0.8605659388831874;0.9653784036636353;0.9601598381996155;0.2502116858959198;0.2527475655078888;-0.4842008352279663;0.7410852313041687;1.7363450527191162;2.5400192737579346
102;2;1;9.737940583787399;0.9999428233943917;0.9653784036636353;0.9601845145225525;0.2500306963920593;0.25263816118240356;0.1709376722574234;0.8853961825370789;0.18703357875347137;0.6244468688964844
102;2;2;8.777738669319081;0.9989441963840839;0.9653784036636353;0.9601845145225525;0.2500306963920593;0.25263816118240356;0.43850278854370117;0.4893361032009125;-0.26194316148757935;0.3116546869277954
102;2;3;6.602208190995714;0.8588920713203905;0.9653784036636353;0.9601845145225525;0.2500306963920593;0.25263816118240356;-0.48505109548568726;0.7425289750099182;1.7396231889724731;2.5446553230285645
103;2;1;9.738228052123624;0.9999430012000232;0.9649758338928223;0.9601795673370361;0.24990077316761017;0.2525295317173004;0.17083631455898285;0.8861119151115417;0.1864367574453354;0.6258543133735657
103;2;2;8.779483143334193;0.9987813107411547;0.9649758338928223;0.9601795673370361;0.24990077316761017;0.2525295317173004;0.4389662742614746;0.49009740352630615;-0.2617449164390564;0.31138473749160767
103;2;3;6.602887114692354;0.8601316197230968;0.9649758338928223;0.9601795673370361;0.24990077316761017;0.2525295317173004;-0.48585987091064453;0.7439061403274536;1.74288809299469;2.5492725372314453
104;2;1;9.742163863218565;0.999943001381034;0.9649758338928223;0.9602043032646179;0.24980880320072174;0.2524225115776062;0.1707606166601181;0.8867854475975037;0.18585467338562012;0.6272587180137634
104;2;2;8.787349474177834;0.9988383506382448;0.9649758338928223;0.9602043032646179;0.24980880320072174;0.2524225115776062;0.43940794467926025;0.49083834886550903;-0.26155564188957214;0.31112706661224365
104;2;3;6.606751877227488;0.8640536516836139;0.9649758338928223;0.9602043032646179;0.24980880320072174;0.2524225115776062;-0.4866405129432678;0.7452375888824463;1.7461228370666504;2.553847074508667
105;2;1;9.745836285507636;0.9999430014749606;0.9657809734344482;0.9602388739585876;0.24972067773342133;0.25231364369392395;0.17072749137878418;0.887419581413269;0.18531684577465057;0.6286959648132324
105;2;2;8.795579580970532;0.9990686742794104;0.9657809734344482;0.9602388739585876;0.24972067773342133;0.25231364369392395;0.43984219431877136;0.4915693402290344;-0.26134657859802246;0.3108464777469635
105;2;3;6.614833685172528;0.8648158454616794;0.9657809734344482;0.9602388739585876;0.24972067773342133;0.25231364369392395;-0.4874064326286316;0.7465447187423706;1.749311089515686;2.5583560466766357
106;2;1;9.744801600418093;0.9999430015872548;0.9657809734344482;0.9602388739585876;0.2496054619550705;0.25220590829849243;0.17074404656887054;0.8880182504653931;0.18483667075634003;0.6301875710487366
106;2;2;8.80088005054219;0.999127233050146;0.9657809734344482;0.9602388739585876;0.2496054619550705;0.25220590829849243;0.44027823209762573;0.4922972321510315;-0.26109910011291504;0.31052154302597046
106;2;3;6.620121682692519;0.8694362769896244;0.9657809734344482;0.9602388739585876;0.2496054619550705;0.25220590829849243;-0.48816657066345215;0.7478420734405518;1.7524433135986328;2.5627856254577637
107;2;1;9.747008944283628;0.9999430017135396;0.9657809734344482;0.9602437019348145;0.24944567680358887;0.2521020174026489;0.1707567274570465;0.888588011264801;0.18437424302101135;0.6317648887634277
107;2;2;8.808313960700264;0.9991360036624819;0.9657809734344482;0.9602437019348145;0.24944567680358887;0.2521020174026489;0.44071635603904724;0.4930223524570465;-0.2608197331428528;0.3101643919944763
107;2;3;6.628787307017451;0.8690036675301034;0.9657809734344482;0.9602437019348145;0.24944567680358887;0.2521020174026489;-0.488922655582428;0.749132513999939;1.7555196285247803;2.567136287689209
108;2;1;9.748275861291546;0.999943001850923;0.9657809734344482;0.9602537155151367;0.24924945831298828;0.2520037293434143;0.17077572643756866;0.889130711555481;0.18392698466777802;0.6334003210067749
108;2;2;8.815902086419836;0.9991417926813568;0.9657809734344482;0.9602537155151367;0.24924945831298828;0.2520037293434143;0.4411522448062897;0.4937431812286377;-0.26051804423332214;0.30978429317474365
108;2;3;6.6289131490970306;0.8683999980840706;0.9657809734344482;0.9602537155151367;0.24924945831298828;0.2520037293434143;-0.48967164754867554;0.750411331653595;1.7585474252700806;2.571418046951294
109;2;1;9.748426564743603;0.9999430019932021;0.9661835432052612;0.9602634906768799;0.24901992082595825;0.2518981993198395;0.17078283429145813;0.8896475434303284;0.18347199261188507;0.6350809335708618
109;2;2;8.82431201375038;0.9991464271353685;0.9661835432052612;0.9602634906768799;0.24901992082595825;0.2518981993198395;0.4415781795978546;0.4944562315940857;-0.26021087169647217;0.3093990385532379
109;2;3;6.625649178636857;0.8694604000240798;0.9661835432052612;0.9602634906768799;0.24901992082595825;0.2518981993198395;-0.49040764570236206;0.7516692280769348;1.7615381479263306;2.5756478309631348
110;2;1;9.74912135634493;0.9999430021327527;0.9661835432052612;0.9602832794189453;0.24877917766571045;0.25179630517959595;0.17072735726833344;0.8901396989822388;0.18296246230602264;0.6368270516395569
110;2;2;8.828207864492814;0.9991509176984685;0.9661835432052612;0.9602832794189453;0.24877917766571045;0.25179630517959595;0.44198712706565857;0.4951586127281189;-0.25991326570510864;0.3090258836746216
110;2;3;6.6320761966081605;0.8696708086628853;0.9661835432052612;0.9602832794189453;0.24877917766571045;0.25179630517959595;-0.4911254346370697;0.7528983950614929;1.7645025253295898;2.5798399448394775
111;2;1;9.749387506358012;0.9999430022633078;0.9661835432052612;0.9603079557418823;0.24854643642902374;0.25169637799263;0.17061500251293182;0.8906163573265076;0.18240980803966522;0.6385932564735413
111;2;2;8.836277788300876;0.9991562919377905;0.9661835432052612;0.9603079557418823;0.24854643642902374;0.25169637799263;0.4423767924308777;0.4958496689796448;-0.25963446497917175;0.30867743492126465
111;2;3;6.63165368734062;0.8632841123245658;0.9661835432052612;0.9603079557418823;0.24854643642902374;0.25169637799263;-0.49182426929473877;0.7540977001190186;1.7674461603164673;2.58400297164917
112;2;1;9.749635437564024;0.9999430023794247;0.9661835432052612;0.960317850112915;0.24832367897033691;0.2515954077243805;0.1704610288143158;0.8910861611366272;0.18184219300746918;0.6403496265411377
112;2;2;8.83925691650536;0.9991628895585087;0.9661835432052612;0.960317850112915;0.24832367897033691;0.2515954077243805;0.4427507519721985;0.49653276801109314;-0.25937342643737793;0.3083520233631134
112;2;3;6.630869626325007;0.8653209108537894;0.9661835432052612;0.960317850112915;0.24832367897033691;0.2515954077243805;-0.49250897765159607;0.7552750706672668;1.7703677415847778;2.588134765625
113;2;1;9.751758168811044;0.9999430024805136;0.9661835432052612;0.9603573679924011;0.248121976852417;0.251495361328125;0.17026129364967346;0.8915485143661499;0.18123723566532135;0.6421428322792053
113;2;2;8.852055635980467;0.999170731677193;0.9661835432052612;0.9603573679924011;0.248121976852417;0.251495361328125;0.4431169629096985;0.49721309542655945;-0.25912195444107056;0.30804315209388733
113;2;3;6.630879025111616;0.8661045822215172;0.9661835432052612;0.9603573679924011;0.248121976852417;0.251495361328125;-0.49318796396255493;0.7564442753791809;1.7732608318328857;2.592226028442383
114;2;1;9.7542343794536;0.9999430025664608;0.9665861129760742;0.9603475332260132;0.24793994426727295;0.25139904022216797;0.16998885571956635;0.8920077681541443;0.18058602511882782;0.64402836561203
114;2;2;8.864537083134994;0.9991797713208541;0.9665861129760742;0.9603475332260132;0.24793994426727295;0.25139904022216797;0.4434862434864044;0.4978983700275421;-0.2588624060153961;0.30772680044174194
114;2;3;6.640378933710913;0.8655091841291185;0.9665861129760742;0.9603475332260132;0.24793994426727295;0.25139904022216797;-0.4938719868659973;0.7576224207878113;1.7761156558990479;2.5962634086608887
115;2;1;9.75882592342986;0.999943002639597;0.9665861129760742;0.9603475332260132;0.2477615922689438;0.2513049244880676;0.16965870559215546;0.8924698829650879;0.1799156814813614;0.6460139155387878
115;2;2;8.864441820305519;0.999189488458839;0.9665861129760742;0.9603475332260132;0.2477615922689438;0.2513049244880676;0.4438697397708893;0.49859553575515747;-0.25857552886009216;0.30738091468811035
115;2;3;6.637889857394153;0.863612141156139;0.9665861129760742;0.9603475332260132;0.2477615922689438;0.2513049244880676;-0.49457141757011414;0.7588264346122742;1.7789227962493896;2.600233316421509
116;2;1;9.761855601715865;0.9999430027019542;0.9661835432052612;0.9603574275970459;0.24756693840026855;0.2512136995792389;0.1692408174276352;0.8929423689842224;0.17921113967895508;0.6481239795684814
116;2;2;8.868282860062862;0.999199474196196;0.9661835432052612;0.9603574275970459;0.24756693840026855;0.2512136995792389;0.444273442029953;0.49930769205093384;-0.25825923681259155;0.3070061504840851
116;2;3;6.638751096197431;0.862572299896927;0.9661835432052612;0.9603574275970459;0.24756693840026855;0.2512136995792389;-0.495292991399765;0.7600669860839844;1.78167724609375;2.60412859916687
117;2;1;9.761668953081333;0.9999430027555931;0.9661835432052612;0.9603919386863708;0.24735255539417267;0.2511211335659027;0.16874633729457855;0.8934299349784851;0.1784803569316864;0.6503422856330872
117;2;2;8.89416678963967;0.9992099986502652;0.9661835432052612;0.9603919386863708;0.24735255539417267;0.2511211335659027;0.4446999430656433;0.5000361204147339;-0.2579154372215271;0.30660560727119446
117;2;3;6.651109826848371;0.8647344697319692;0.9661835432052612;0.9603919386863708;0.24735255539417267;0.2511211335659027;-0.4960399568080902;0.7613492608070374;1.7843785285949707;2.6079487800598145
118;2;1;9.761015423273214;0.9999430028017784;0.9661835432052612;0.9604067206382751;0.24711577594280243;0.251026451587677;0.16818280518054962;0.8939348459243774;0.17772428691387177;0.6526508331298828
118;2;2;8.90675387313393;0.999221000086699;0.9661835432052612;0.9604067206382751;0.24711577594280243;0.251026451587677;0.44514819979667664;0.5007800459861755;-0.25754937529563904;0.30618637800216675
118;2;3;6.6469331347643;0.863343083902782;0.9661835432052612;0.9604067206382751;0.24711577594280243;0.251026451587677;-0.49681198596954346;0.7626729607582092;1.7870306968688965;2.6116995811462402
119;2;1;9.76077051359492;0.9999430028408227;0.9665861129760742;0.9604116678237915;0.24685996770858765;0.2509298324584961;0.1675548404455185;0.894457221031189;0.1769402027130127;0.6550306677818298
119;2;2;8.919491308243735;0.9992324973593973;0.9665861129760742;0.9604116678237915;0.24685996770858765;0.2509298324584961;0.44561439752578735;0.5015373826026917;-0.25717028975486755;0.30575695633888245
119;2;3;6.652007850304241;0.8617160291790409;0.9665861129760742;0.9604116678237915;0.24685996770858765;0.2509298324584961;-0.4976060092449188;0.764032781124115;1.7896409034729004;2.6153910160064697
120;2;1;9.763634910103981;0.9999430028726124;0.9665861129760742;0.9604314565658569;0.24659274518489838;0.25083258748054504;0.16689860820770264;0.8949989676475525;0.1761378049850464;0.6574214100837708
120;2;2;8.930523544772047;0.9992447284413544;0.9665861129760742;0.9604314565658569;0.24659274518489838;0.25083258748054504;0.4460921585559845;0.5023040175437927;-0.25679779052734375;0.3053380250930786
120;2;3;6.670471569347761;0.8713597683054353;0.9665861129760742;0.9604314565658569;0.24659274518489838;0.25083258748054504;-0.4984172582626343;0.7654212117195129;1.7922182083129883;2.6190359592437744
121;2;1;9.77074486542704;0.999943002895705;0.9665861129760742;0.9604265093803406;0.24632593989372253;0.25073710083961487;0.16621413826942444;0.8955596685409546;0.1753057837486267;0.6598052382469177
121;2;2;8.935432585705612;0.9992583294337223;0.9665861129760742;0.9604265093803406;0.24632593989372253;0.25073710083961487;0.44657590985298157;0.5030766725540161;-0.2564447522163391;0.3049442768096924
121;2;3;6.670326636929348;0.8742274872325257;0.9665861129760742;0.9604265093803406;0.24632593989372253;0.25073710083961487;-0.4992412030696869;0.7668308615684509;1.7947704792022705;2.622645378112793
122;2;1;9.773405199314723;0.9999430029095535;0.9665861129760742;0.9604413509368896;0.24607080221176147;0.2506437301635742;0.16554240882396698;0.8961408734321594;0.17446564137935638;0.6621286273002625
122;2;2;8.941065467550612;0.9992734073999863;0.9665861129760742;0.9604413509368896;0.24607080221176147;0.2506437301635742;0.44706225395202637;0.5038527250289917;-0.2561222016811371;0.3045882284641266
122;2;3;6.668103606095926;0.8697719279855125;0.9665861129760742;0.9604413509368896;0.24607080221176147;0.2506437301635742;-0.5000751614570618;0.7682570815086365;1.7973023653030396;2.6262259483337402
123;2;1;9.770567236865794;0.9999430029148613;0.9665861129760742;0.9604117274284363;0.24582992494106293;0.2505533993244171;0.16488777101039886;0.8967406749725342;0.17361323535442352;0.6643922924995422
123;2;2;8.960323612866883;0.9992902886342314;0.9665861129760742;0.9604117274284363;0.24582992494106293;0.2505533993244171;0.44755035638809204;0.504631757736206;-0.2558321952819824;0.3042706251144409
123;2;3;6.668599772632891;0.8628166875692056;0.9665861129760742;0.9604117274284363;0.24582992494106293;0.2505533993244171;-0.5009181499481201;0.769698441028595;1.79981529712677;2.629779815673828
124;2;1;9.766158858924769;0.9999430029134899;0.9665861129760742;0.9604660272598267;0.24560576677322388;0.25046420097351074;0.16425804793834686;0.8973580598831177;0.1727476865053177;0.6665977835655212
124;2;2;8.975012194789095;0.9993086744835615;0.9665861129760742;0.9604660272598267;0.24560576677322388;0.25046420097351074;0.4480411410331726;0.505413830280304;-0.25557270646095276;0.3039918541908264
124;2;3;6.663337451363052;0.8553620257907415;0.9665861129760742;0.9604660272598267;0.24560576677322388;0.25046420097351074;-0.5017710328102112;0.7711558938026428;1.8023074865341187;2.6333043575286865
125;2;1;9.767368801764313;0.9999430029079548;0.9669886827468872;0.9604907035827637;0.24547788500785828;0.2503761351108551;0.16366274654865265;0.8979906439781189;0.17187677323818207;0.6687548756599426
125;2;2;8.987173924186084;0.999328012512315;0.9669886827468872;0.9604907035827637;0.24547788500785828;0.2503761351108551;0.44853729009628296;0.5062003135681152;-0.25533658266067505;0.3037432134151459
125;2;3;6.667496018671011;0.8580658785008257;0.9669886827468872;0.9604907035827637;0.24547788500785828;0.2503761351108551;-0.5026355981826782;0.7726320028305054;1.804775357246399;2.636794328689575
126;2;1;9.768756009182837;0.9999430029022278;0.9669886827468872;0.9605005979537964;0.24534744024276733;0.2502891719341278;0.16310791671276093;0.898636519908905;0.1710042506456375;0.6708716154098511
126;2;2;9.001316389191583;0.9993472907883394;0.9669886827468872;0.9605005979537964;0.24534744024276733;0.2502891719341278;0.4490405023097992;0.5069922208786011;-0.25511738657951355;0.30351701378822327
126;2;3;6.663630339275921;0.8589053199916421;0.9669886827468872;0.9605005979537964;0.24534744024276733;0.2502891719341278;-0.5035127997398376;0.7741284370422363;1.807215929031372;2.6402459144592285
127;2;1;9.770376467941446;0.9999430028984762;0.9669886827468872;0.960530161857605;0.24520717561244965;0.2502034604549408;0.16259817779064178;0.8992919921875;0.17013540863990784;0.6729569435119629
127;2;2;9.015168840480676;0.9993658013324058;0.9669886827468872;0.960530161857605;0.24520717561244965;0.2502034604549408;0.4495512843132019;0.5077897906303406;-0.2549099326133728;0.3033045530319214
127;2;3;6.665848882278249;0.8609302197737918;0.9669886827468872;0.960530161857605;0.24520717561244965;0.2502034604549408;-0.5044022798538208;0.7756442427635193;1.809627890586853;2.6436569690704346
128;2;1;9.77105738994998;0.9999430029001601;0.9669886827468872;0.9605697393417358;0.2450513243675232;0.25011855363845825;0.16211479902267456;0.8999506831169128;0.16924269497394562;0.6750394701957703
128;2;2;9.024026467072957;0.9993824922985723;0.9669886827468872;0.9605697393417358;0.2450513243675232;0.25011855363845825;0.45006704330444336;0.5085914731025696;-0.25471776723861694;0.3031075894832611
128;2;3;6.6666382790984695;0.8607060410274006;0.9669886827468872;0.9605697393417358;0.2450513243675232;0.25011855363845825;-0.5053011178970337;0.7771747708320618;1.8120129108428955;2.6470298767089844
129;2;1;9.770777057030614;0.9999430029081395;0.9669886827468872;0.9606141448020935;0.24488650262355804;0.2500341236591339;0.16165512800216675;0.9006114602088928;0.16832008957862854;0.6771098375320435
129;2;2;9.048419839100614;0.9993969213222549;0.9669886827468872;0.9606141448020935;0.24488650262355804;0.2500341236591339;0.4505835473537445;0.5093947649002075;-0.254548043012619;0.30293622612953186
129;2;3;6.670174273489588;0.8583515233548944;0.9669886827468872;0.9606141448020935;0.24488650262355804;0.2500341236591339;-0.5062059164047241;0.7787143588066101;1.8143742084503174;2.650369167327881
130;2;1;9.770237260874985;0.9999430029224854;0.9665861129760742;0.960648775100708;0.24471966922283173;0.24994908273220062;0.16121196746826172;0.9012695550918579;0.16734813153743744;0.6791788935661316
130;2;2;9.06748638192747;0.9994091947773676;0.9665861129760742;0.960648775100708;0.24471966922283173;0.24994908273220062;0.4510973393917084;0.5101981163024902;-0.25440514087677;0.3027955889701843
130;2;3;6.677707592071068;0.8630059377207253;0.9665861129760742;0.960648775100708;0.24471966922283173;0.24994908273220062;-0.5071132779121399;0.7802578806877136;1.8167150020599365;2.653679609298706
131;2;1;9.769553844317137;0.9999430029419258;0.9665861129760742;0.960673451423645;0.24455563724040985;0.2498682737350464;0.1607825607061386;0.9019438028335571;0.16638828814029694;0.6811679601669312
131;2;2;9.079526347159494;0.9994195529491492;0.9665861129760742;0.960673451423645;0.24455563724040985;0.2498682737350464;0.451606810092926;0.51100093126297;-0.2542881667613983;0.30268359184265137
131;2;3;6.675790404533844;0.8624161933765482;0.9665861129760742;0.960673451423645;0.24455563724040985;0.2498682737350464;-0.5080212950706482;0.781802237033844;1.8190369606018066;2.656963348388672
132;2;1;9.768901630535055;0.9999430029660843;0.9665861129760742;0.960698127746582;0.24440428614616394;0.2497938722372055;0.1603650599718094;0.902632474899292;0.1654370278120041;0.6830808520317078
132;2;2;9.088382640967424;0.9994280746188267;0.9665861129760742;0.960698127746582;0.24440428614616394;0.2497938722372055;0.452111154794693;0.5118027925491333;-0.25419729948043823;0.30260083079338074
132;2;3;6.686113254817524;0.8595155763171682;0.9665861129760742;0.960698127746582;0.24440428614616394;0.2497938722372055;-0.5089291334152222;0.7833459377288818;1.8213406801223755;2.6602213382720947
133;2;1;9.768332340660791;0.9999430029937457;0.9669886827468872;0.9607030153274536;0.24426040053367615;0.2497202605009079;0.15995901823043823;0.9033347964286804;0.1644943207502365;0.6849237680435181
133;2;2;9.095844331269436;0.9994349436159702;0.9669886827468872;0.9607030153274536;0.24426040053367615;0.2497202605009079;0.45261120796203613;0.5126040577888489;-0.254130095243454;0.30254456400871277
133;2;3;6.6940333465196264;0.8599625691719357;0.9669886827468872;0.9607030153274536;0.24426040053367615;0.2497202605009079;-0.5098372101783752;0.7848898768424988;1.823625087738037;2.663451910018921
134;2;1;9.76785880344179;0.999943003024967;0.9669886827468872;0.9607179164886475;0.2441266030073166;0.24965021014213562;0.15959075093269348;0.9040705561637878;0.16363750398159027;0.686604380607605
134;2;2;9.097393925608188;0.9994403651157171;0.9669886827468872;0.9607179164886475;0.2441266030073166;0.24965021014213562;0.45310887694358826;0.5134050250053406;-0.2540847063064575;0.30251485109329224
134;2;3;6.6867411626567375;0.8599174678609174;0.9669886827468872;0.9607179164886475;0.2441266030073166;0.24965021014213562;-0.5107468962669373;0.7864362001419067;1.8258882761001587;2.6666524410247803
135;2;1;9.767523006435091;0.9999430030590588;0.9669886827468872;0.9607326984405518;0.24399882555007935;0.24958346784114838;0.15925703942775726;0.90483558177948;0.1628626137971878;0.6881438493728638
135;2;2;9.101200434783923;0.999444530274264;0.9669886827468872;0.9607326984405518;0.24399882555007935;0.24958346784114838;0.45360541343688965;0.5142063498497009;-0.2540552020072937;0.3025033175945282
135;2;3;6.69346016502778;0.862960112118234;0.9669886827468872;0.9607326984405518;0.24399882555007935;0.24958346784114838;-0.5116585493087769;0.7879854440689087;1.828128695487976;2.66982102394104
136;2;1;9.767357558351236;0.9999430030947707;0.9669886827468872;0.9607425928115845;0.24387326836585999;0.24951712787151337;0.1589556187391281;0.9056249856948853;0.16216334700584412;0.6895607709884644
136;2;2;9.111960610771742;0.9994474398302913;0.9669886827468872;0.9607425928115845;0.24387326836585999;0.24951712787151337;0.45410093665122986;0.5150078535079956;-0.25403693318367004;0.30250489711761475
136;2;3;6.69450430662315;0.8642290167838311;0.9669886827468872;0.9607425928115845;0.24387326836585999;0.24951712787151337;-0.5125713348388672;0.7895363569259644;1.8303462266921997;2.672956943511963
137;2;1;9.767341107748045;0.9999430031319108;0.9669886827468872;0.9607524871826172;0.24374805390834808;0.24945105612277985;0.1586824506521225;0.9064335227012634;0.16153065860271454;0.6908707022666931
137;2;2;9.117954095475103;0.9994489806471769;0.9669886827468872;0.9607524871826172;0.24374805390834808;0.24945105612277985;0.4545939564704895;0.5158087015151978;-0.25402820110321045;0.3025175631046295
137;2;3;6.692525199140164;0.8643309156333299;0.9669886827468872;0.9607524871826172;0.24374805390834808;0.24945105612277985;-0.5134832859039307;0.7910857200622559;1.8325419425964355;2.6760623455047607
138;2;1;9.767451557940845;0.9999430031700953;0.967391312122345;0.9607574343681335;0.24362441897392273;0.24938546121120453;0.1584317684173584;0.907256543636322;0.160951629281044;0.6920852065086365
138;2;2;9.11867295853493;0.9994494942842316;0.967391312122345;0.9607574343681335;0.24362441897392273;0.24938546121120453;0.455081969499588;0.5166075825691223;-0.25403082370758057;0.3025406002998352
138;2;3;6.6889748858538525;0.8641235750968637;0.967391312122345;0.9607574343681335;0.24362441897392273;0.24938546121120453;-0.5143917202949524;0.7926292419433594;1.834717869758606;2.6791393756866455
139;2;1;9.767674653459004;0.9999430032076333;0.967391312122345;0.9607475399971008;0.24350643157958984;0.24932055175304413;0.158198282122612;0.9080893397331238;0.16041480004787445;0.6932158470153809
139;2;2;9.126613973649302;0.9994493297280016;0.967391312122345;0.9607475399971008;0.24350643157958984;0.24932055175304413;0.45556241273880005;0.517403244972229;-0.25404590368270874;0.30257412791252136
139;2;3;6.685641781230798;0.8651992095482601;0.967391312122345;0.9607475399971008;0.24350643157958984;0.24932055175304413;-0.5152938365936279;0.7941623330116272;1.8368757963180542;2.6821911334991455
140;2;1;9.769457286811381;0.9999430032442831;0.967391312122345;0.9607326984405518;0.24339786171913147;0.24925634264945984;0.1579778790473938;0.9089276194572449;0.15991103649139404;0.69427490234375
140;2;2;9.133201271804676;0.999448515490748;0.967391312122345;0.9607326984405518;0.24339786171913147;0.24925634264945984;0.45603397488594055;0.5181946754455566;-0.2540721893310547;0.30261698365211487
140;2;3;6.677387966511873;0.8640997608211212;0.967391312122345;0.9607326984405518;0.24339786171913147;0.24925634264945984;-0.5161876082420349;0.795681893825531;1.8390167951583862;2.6852190494537354
141;2;1;9.769885036943094;0.9999430032793057;0.967391312122345;0.9607376456260681;0.24330061674118042;0.24919292330741882;0.15776798129081726;0.9097674489021301;0.15943558514118195;0.6952763199806213
141;2;2;9.134170727979736;0.9994474307368542;0.967391312122345;0.9607376456260681;0.24330061674118042;0.24919292330741882;0.4564964473247528;0.5189815759658813;-0.2541064918041229;0.302666038274765
141;2;3;6.6721225194870115;0.8604239190572223;0.967391312122345;0.9607376456260681;0.24330061674118042;0.24919292330741882;-0.517072319984436;0.7971866726875305;1.841140627861023;2.688222646713257
142;2;1;9.77027282849059;0.9999430033126373;0.967391312122345;0.960747480392456;0.24321387708187103;0.24913029372692108;0.1575658768415451;0.9106067419052124;0.1589818000793457;0.6962303519248962
142;2;2;9.134451309640035;0.9994460657871542;0.967391312122345;0.960747480392456;0.24321387708187103;0.24913029372692108;0.4569503962993622;0.519763708114624;-0.2541467547416687;0.3027206063270569
142;2;3;6.6726921646684705;0.862293694254344;0.967391312122345;0.960747480392456;0.24321387708187103;0.24913029372692108;-0.5179479122161865;0.7986764907836914;1.8432459831237793;2.691200017929077
143;2;1;9.770651405826982;0.9999430033441641;0.967391312122345;0.960722804069519;0.24313749372959137;0.2490687072277069;0.15737052261829376;0.911443829536438;0.15854719281196594;0.6971491575241089
143;2;2;9.136505306200064;0.9994447653721217;0.967391312122345;0.960722804069519;0.24313749372959137;0.2490687072277069;0.45739760994911194;0.5205411911010742;-0.25418898463249207;0.30277788639068604
143;2;3;6.67452313278628;0.8643228318259357;0.967391312122345;0.960722804069519;0.24313749372959137;0.2490687072277069;-0.5188153982162476;0.8001529574394226;1.8453307151794434;2.694148302078247
144;2;1;9.771253234043805;0.9999430033736161;0.9673912525177002;0.960722804069519;0.2430688440799713;0.2490081489086151;0.15718266367912292;0.9122759699821472;0.1581336259841919;0.6980482339859009
144;2;2;9.136898984538618;0.9994435341395835;0.9673912525177002;0.960722804069519;0.2430688440799713;0.2490081489086151;0.4578404426574707;0.5213149189949036;-0.25422605872154236;0.3028295040130615
144;2;3;6.6796754539407;0.8652238318697414;0.9673912525177002;0.960722804069519;0.2430688440799713;0.2490081489086151;-0.5196759104728699;0.8016179800033569;1.847392201423645;2.697063684463501
145;2;1;9.771634596133005;0.9999430034015973;0.9673912525177002;0.9607030749320984;0.24300259351730347;0.24894864857196808;0.15700185298919678;0.913101315498352;0.1577393263578415;0.6989396810531616
145;2;2;9.137375721897556;0.9994423780147095;0.9673912525177002;0.9607030749320984;0.24300259351730347;0.24894864857196808;0.4582805931568146;0.5220855474472046;-0.2542532682418823;0.3028687834739685
145;2;3;6.682675033503791;0.8643268228671097;0.9673912525177002;0.9607030749320984;0.24300259351730347;0.24894864857196808;-0.5205305218696594;0.8030731081962585;1.849428653717041;2.6999435424804688
146;2;1;9.772250334911746;0.9999430034280365;0.9673912525177002;0.9607005715370178;0.24293437600135803;0.24889016151428223;0.15682555735111237;0.9139162302017212;0.15735775232315063;0.6998393535614014
146;2;2;9.143816111340698;0.9994412726203095;0.9673912525177002;0.9607005715370178;0.24293437600135803;0.24889016151428223;0.4587186276912689;0.5228528380393982;-0.2542676627635956;0.3028927743434906
146;2;3;6.681473448618487;0.8637848700763229;0.9673912525177002;0.9607005715370178;0.24293437600135803;0.24889016151428223;-0.5213789939880371;0.8045179843902588;1.8514397144317627;2.7027876377105713
147;2;1;9.772587370857785;0.9999430034529624;0.9673912525177002;0.9607030749320984;0.24286209046840668;0.24883316457271576;0.15660858154296875;0.9147145748138428;0.1569470912218094;0.700797975063324
147;2;2;9.148118090945854;0.999440212547654;0.9673912525177002;0.9607030749320984;0.24286209046840668;0.24883316457271576;0.4591538608074188;0.523615837097168;-0.254270076751709;0.30290162563323975
147;2;3;6.676700941943581;0.8628882829056099;0.9673912525177002;0.9607030749320984;0.24286209046840668;0.24883316457271576;-0.5222203731536865;0.8059511184692383;1.8534266948699951;2.7055976390838623
148;2;1;9.772870143387088;0.9999430034760337;0.9673912525177002;0.9607278108596802;0.24278995394706726;0.24877676367759705;0.1563515067100525;0.9154971837997437;0.15650388598442078;0.7018111944198608
148;2;2;9.153131223740608;0.9994394329452874;0.9673912525177002;0.9607278108596802;0.24278995394706726;0.24877676367759705;0.4595860540866852;0.5243737697601318;-0.2542628049850464;0.302900105714798
148;2;3;6.673828326746914;0.8623627799793923;0.9673912525177002;0.9607278108596802;0.24278995394706726;0.24877676367759705;-0.5230541229248047;0.8073715567588806;1.8553905487060547;2.7083749771118164
149;2;1;9.774021337578631;0.9999430034969663;0.9673912525177002;0.9607129096984863;0.24272111058235168;0.24872064590454102;0.15610013902187347;0.9162685871124268;0.15606704354286194;0.702832818031311
149;2;2;9.15773371682091;0.9994391807032841;0.9673912525177002;0.9607129096984863;0.24272111058235168;0.24872064590454102;0.4600163400173187;0.5251268148422241;-0.254244863986969;0.30288589000701904
149;2;3;6.678604289434418;0.8655235522491154;0.9673912525177002;0.9607129096984863;0.24272111058235168;0.24872064590454102;-0.523881196975708;0.8087809085845947;1.8573315143585205;2.7111198902130127
150;2;1;9.774375131805868;0.9999430035156323;0.9673912525177002;0.9607277512550354;0.2426529824733734;0.2486662119626999;0.15585337579250336;0.9170281291007996;0.15563443303108215;0.7038668990135193
150;2;2;9.163337318813355;0.9994393473753149;0.9673912525177002;0.9607277512550354;0.2426529824733734;0.2486662119626999;0.46044495701789856;0.5258749723434448;-0.25421667098999023;0.3028579652309418
150;2;3;6.679594476132539;0.8646428631391512;0.9673912525177002;0.9607277512550354;0.2426529824733734;0.2486662119626999;-0.5247017741203308;0.8101795315742493;1.8592503070831299;2.7138335704803467
151;2;1;9.774438601865207;0.9999430035319534;0.9677938222885132;0.9607277512550354;0.2425839900970459;0.248612642288208;0.15560971200466156;0.9177750945091248;0.15520325303077698;0.7049158215522766
151;2;2;9.167830752281514;0.9994398418032908;0.9677938222885132;0.9607277512550354;0.2425839900970459;0.248612642288208;0.4608719050884247;0.5266178846359253;-0.2541792392730713;0.30281704664230347
151;2;3;6.67780659697757;0.8645536123610142;0.9677938222885132;0.9607277512550354;0.2425839900970459;0.248612642288208;-0.5255156755447388;0.8115668296813965;1.8611482381820679;2.716517686843872
152;2;1;9.775558031737681;0.9999430035461501;0.9677938222885132;0.9607375860214233;0.2425149530172348;0.24855993688106537;0.15536680817604065;0.9185101985931396;0.15476612746715546;0.7059773206710815
152;2;2;9.169771374410558;0.999440783929952;0.9677938222885132;0.9607375860214233;0.2425149530172348;0.24855993688106537;0.4612964689731598;0.5273544788360596;-0.2541368901729584;0.3027687072753906
152;2;3;6.66906827039273;0.8619472595036246;0.9677938222885132;0.9607375860214233;0.2425149530172348;0.24855993688106537;-0.5263222455978394;0.8129421472549438;1.8630268573760986;2.719174385070801
153;2;1;9.778933363745047;0.9999430035581085;0.9677938222885132;0.9607524275779724;0.24244928359985352;0.24850820004940033;0.15512289106845856;0.9192341566085815;0.15431588888168335;0.7070490717887878
153;2;2;9.183377926077387;0.999442095241033;0.9677938222885132;0.9607524275779724;0.24244928359985352;0.24850820004940033;0.46171802282333374;0.5280844569206238;-0.2540942430496216;0.30271604657173157
153;2;3;6.665273203097042;0.8593389333147758;0.9677938222885132;0.9607524275779724;0.24244928359985352;0.24850820004940033;-0.5271215438842773;0.8143051266670227;1.864886999130249;2.7218050956726074
154;2;1;9.779129035869865;0.9999430035676156;0.9677938222885132;0.9607524871826172;0.24238978326320648;0.2484574168920517;0.15487901866436005;0.9199473261833191;0.15385021269321442;0.7081342339515686
154;2;2;9.206209346028157;0.999443683076624;0.9677938222885132;0.9607524871826172;0.24238978326320648;0.2484574168920517;0.4621376097202301;0.5288081169128418;-0.2540501058101654;0.3026556968688965
154;2;3;6.670709404316153;0.8601493416112564;0.9677938222885132;0.9607524871826172;0.24238978326320648;0.2484574168920517;-0.5279140472412109;0.8156567811965942;1.8667285442352295;2.724409341812134
155;2;1;9.779210690253002;0.9999430035748489;0.9677938222885132;0.9607425928115845;0.242335245013237;0.24840746819972992;0.15463729202747345;0.920648992061615;0.1533709019422531;0.7092380523681641
155;2;2;9.216244546250788;0.9994453216739743;0.9677938222885132;0.9607425928115845;0.242335245013237;0.24840746819972992;0.4625566601753235;0.5295259356498718;-0.25400176644325256;0.30258309841156006
155;2;3;6.676691415779267;0.8625940596685169;0.9677938222885132;0.9607425928115845;0.242335245013237;0.24840746819972992;-0.5287010073661804;0.8169989585876465;1.8685503005981445;2.7269856929779053
156;2;1;9.77915961357774;0.9999430035801637;0.9677938222885132;0.960747480392456;0.24228091537952423;0.2483583688735962;0.1543981283903122;0.9213398694992065;0.15287724137306213;0.710361897945404
156;2;2;9.22637049588512;0.9994470022809381;0.9677938222885132;0.960747480392456;0.24228091537952423;0.2483583688735962;0.46297651529312134;0.5302382707595825;-0.25394850969314575;0.3024987280368805
156;2;3;6.679149855219261;0.8626215115251501;0.9677938222885132;0.960747480392456;0.24228091537952423;0.2483583688735962;-0.5294833183288574;0.818333089351654;1.8703513145446777;2.7295327186584473
157;2;1;9.779126268021095;0.9999430035838444;0.9677938222885132;0.9607820510864258;0.24222548305988312;0.2483099102973938;0.15416409075260162;0.9220187067985535;0.1523725539445877;0.7115113735198975
157;2;2;9.23514312632231;0.9994486341584121;0.9677938222885132;0.9607820510864258;0.24222548305988312;0.2483099102973938;0.4633980989456177;0.5309455990791321;-0.25388678908348083;0.30239900946617126
157;2;3;6.684454876515044;0.8615471086334061;0.9677938222885132;0.9607820510864258;0.24222548305988312;0.2483099102973938;-0.530261754989624;0.8196602463722229;1.8721308708190918;2.7320494651794434
158;2;1;9.77910184855719;0.9999430035861607;0.9677938222885132;0.9607919454574585;0.24216505885124207;0.24826215207576752;0.1539357453584671;0.922685980796814;0.15185192227363586;0.712684690952301
158;2;2;9.239864997434328;0.9994501658532222;0.9677938222885132;0.9607919454574585;0.24216505885124207;0.24826215207576752;0.46382132172584534;0.5316475033760071;-0.25381818413734436;0.30228686332702637
158;2;3;6.690477123735176;0.861807312247036;0.9677938222885132;0.9607919454574585;0.24216505885124207;0.24826215207576752;-0.5310361385345459;0.8209803104400635;1.8738893270492554;2.7345361709594727
159;2;1;9.779114366937044;0.9999430035875392;0.9677938222885132;0.9607968926429749;0.2421005517244339;0.24821504950523376;0.15371376276016235;0.9233401417732239;0.1513156145811081;0.713883638381958
159;2;2;9.241878314547847;0.9994515175634042;0.9677938222885132;0.9607968926429749;0.2421005517244339;0.24821504950523376;0.4642454981803894;0.5323437452316284;-0.2537420392036438;0.30216261744499207
159;2;3;6.693569745214951;0.8636551477178163;0.9677938222885132;0.9607968926429749;0.2421005517244339;0.24821504950523376;-0.5318060517311096;0.8222922086715698;1.8756276369094849;2.736994504928589
160;2;1;9.7791723450434;0.9999430035879797;0.9677938222885132;0.9607919454574585;0.24203160405158997;0.248168483376503;0.1534973829984665;0.9239801168441772;0.15076199173927307;0.7151082158088684
160;2;2;9.241606245086814;0.9994526944002082;0.9677938222885132;0.9607919454574585;0.24203160405158997;0.248168483376503;0.464669406414032;0.5330337882041931;-0.2536599636077881;0.30202755331993103
160;2;3;6.694183234010902;0.8642970303527395;0.9677938222885132;0.9607919454574585;0.24203160405158997;0.248168483376503;-0.5325703620910645;0.8235942721366882;1.8773473501205444;2.739426612854004
161;2;1;9.779224609918217;0.9999430035880437;0.9677938222885132;0.9608068466186523;0.24195973575115204;0.248122438788414;0.15328536927700043;0.9246047735214233;0.15018878877162933;0.7163572907447815
161;2;2;9.242980732589142;0.9994537677452584;0.9677938222885132;0.9608068466186523;0.24195973575115204;0.248122438788414;0.465091347694397;0.5337173938751221;-0.25357455015182495;0.30188366770744324
161;2;3;6.693605475760828;0.863976744894682;0.9677938222885132;0.9608068466186523;0.24195973575115204;0.248122438788414;-0.5333278179168701;0.8248845934867859;1.8790504932403564;2.741835355758667
162;2;1;9.779493090863205;0.9999430035872905;0.9677938222885132;0.9608216285705566;0.24188731610774994;0.2480768859386444;0.1530764400959015;0.9252141714096069;0.14959251880645752;0.7176267504692078
162;2;2;9.246185236995867;0.9994546047450754;0.9677938222885132;0.9608216285705566;0.24188731610774994;0.2480768859386444;0.46550968289375305;0.5343937277793884;-0.25348949432373047;0.30173754692077637
162;2;3;6.6948384001256365;0.8641787947063921;0.9677938222885132;0.9608216285705566;0.24188731610774994;0.2480768859386444;-0.534077525138855;0.8261615037918091;1.8807387351989746;2.74422287940979
163;2;1;9.781232456204748;0.9999430035859973;0.9677938222885132;0.9608067274093628;0.24181781709194183;0.2480318695306778;0.15286991000175476;0.9258089065551758;0.14897139370441437;0.7189133763313293
163;2;2;9.253054960520622;0.999455398567715;0.9677938222885132;0.9608067274093628;0.24181781709194183;0.2480318695306778;0.4659239947795868;0.5350624322891235;-0.2534067928791046;0.301593542098999
163;2;3;6.694113272533956;0.8651438798817903;0.9677938222885132;0.9608067274093628;0.24181781709194183;0.2480318695306778;-0.5348193645477295;0.827424943447113;1.8824129104614258;2.7465903759002686
164;2;1;9.781539199874132;0.999943003584228;0.9673912525177002;0.9608117341995239;0.24175289273262024;0.247987300157547;0.15266714990139008;0.926388680934906;0.14832790195941925;0.7202210426330566
164;2;2;9.263627305817604;0.9994560624778792;0.9673912525177002;0.9608117341995239;0.24175289273262024;0.247987300157547;0.4663354456424713;0.5357240438461304;-0.25332358479499817;0.30144912004470825
164;2;3;6.69303922590986;0.8643996190647272;0.9673912525177002;0.9608117341995239;0.24175289273262024;0.247987300157547;-0.5355539917945862;0.8286759853363037;1.8840726613998413;2.7489376068115234
165;2;1;9.781539594996445;0.9999430035821817;0.9673912525177002;0.9608166217803955;0.24169042706489563;0.2479431927204132;0.15246793627738953;0.9269553422927856;0.14766398072242737;0.7215481996536255
165;2;2;9.266459756423956;0.9994566251607182;0.9673912525177002;0.9608166217803955;0.24169042706489563;0.2479431927204132;0.4667453467845917;0.5363790392875671;-0.2532394826412201;0.3013046979904175
165;2;3;6.694280133000985;0.8655579030746736;0.9673912525177002;0.9608166217803955;0.24169042706489563;0.2479431927204132;-0.5362828373908997;0.8299168944358826;1.8857171535491943;2.751263380050659
166;2;1;9.781533326553358;0.9999430035797445;0.9673912525177002;0.9608166217803955;0.24162957072257996;0.24789951741695404;0.15227417647838593;0.927509605884552;0.14698587357997894;0.7228975296020508
166;2;2;9.26838263826075;0.9994571538313721;0.9673912525177002;0.9608166217803955;0.24162957072257996;0.24789951741695404;0.467155784368515;0.537028431892395;-0.2531501054763794;0.30115583539009094
166;2;3;6.694411929729615;0.8672209016173156;0.9673912525177002;0.9608166217803955;0.24162957072257996;0.24789951741695404;-0.5370075702667236;0.8311501145362854;1.8873450756072998;2.753565549850464
167;2;1;9.78197470115866;0.9999430035771155;0.9673912525177002;0.9608166813850403;0.24156607687473297;0.24785637855529785;0.15208421647548676;0.9280518889427185;0.1462962031364441;0.7242732644081116
167;2;2;9.271575403202242;0.9994575742074652;0.9673912525177002;0.9608166813850403;0.24156607687473297;0.24785637855529785;0.4675627648830414;0.5376779437065125;-0.2530597746372223;0.3009912669658661
167;2;3;6.696070004558166;0.8675081042176096;0.9673912525177002;0.9608166813850403;0.24156607687473297;0.24785637855529785;-0.5377291440963745;0.8323777914047241;1.8889559507369995;2.7558436393737793
168;2;1;9.782545148093945;0.9999430035744652;0.9673912525177002;0.9608067274093628;0.24149644374847412;0.24781368672847748;0.15189526975154877;0.9285838603973389;0.14559267461299896;0.7256723046302795
168;2;2;9.276472751270866;0.9994576195682505;0.9673912525177002;0.9608067274093628;0.24149644374847412;0.24781368672847748;0.46796637773513794;0.538327157497406;-0.25297078490257263;0.3008154332637787
168;2;3;6.698042949077774;0.8670130707553199;0.9673912525177002;0.9608067274093628;0.24149644374847412;0.24781368672847748;-0.5384480953216553;0.8336002230644226;1.8905503749847412;2.758098602294922
169;2;1;9.782582113848058;0.999943003571218;0.9673912525177002;0.9608067870140076;0.2414233386516571;0.24777129292488098;0.1517062783241272;0.9291061758995056;0.1448766142129898;0.7270920276641846
169;2;2;9.282410312814005;0.9994574714808024;0.9673912525177002;0.9608067870140076;0.2414233386516571;0.24777129292488098;0.46836668252944946;0.5389760732650757;-0.2528831958770752;0.3006296455860138
169;2;3;6.702319644374706;0.8665642533201723;0.9673912525177002;0.9608067870140076;0.2414233386516571;0.24777129292488098;-0.5391641855239868;0.8348174095153809;1.89212965965271;2.760331869125366
170;2;1;9.782560893926899;0.9999430035674308;0.9673912525177002;0.9608166217803955;0.24134783446788788;0.24772930145263672;0.15150940418243408;0.929629921913147;0.14416682720184326;0.7284967303276062
170;2;2;9.288639131553403;0.999457181949186;0.9673912525177002;0.9608166217803955;0.24134783446788788;0.24772930145263672;0.4687628746032715;0.5396239757537842;-0.25280043482780457;0.30044007301330566
170;2;3;6.708446893886599;0.8679683046195663;0.9673912525177002;0.9608166217803955;0.24134783446788788;0.24772930145263672;-0.5398769378662109;0.8360289931297302;1.8936954736709595;2.7625463008880615
171;2;1;9.782539265642164;0.9999430035628336;0.9673912525177002;0.9608265161514282;0.2412760704755783;0.24768948554992676;0.15130466222763062;0.9301548004150391;0.143461212515831;0.7298865914344788
171;2;2;9.297306008431327;0.9994567078567549;0.9673912525177002;0.9608265161514282;0.2412760704755783;0.24768948554992676;0.46915489435195923;0.5402705669403076;-0.25272271037101746;0.3002484142780304
171;2;3;6.7074415040921895;0.8668473512923729;0.9673912525177002;0.9608265161514282;0.2412760704755783;0.24768948554992676;-0.5405863523483276;0.8372344374656677;1.8952491283416748;2.7647435665130615
172;2;1;9.782518598205272;0.9999430035573482;0.9673912525177002;0.9608314633369446;0.24120907485485077;0.24765117466449738;0.15108749270439148;0.9306966662406921;0.14279232919216156;0.7312090992927551
172;2;2;9.299679910917838;0.9994560824890399;0.9673912525177002;0.9608314633369446;0.24120907485485077;0.24765117466449738;0.46954259276390076;0.5409154295921326;-0.2526521384716034;0.30005910992622375
172;2;3;6.710640270493013;0.8662472276421784;0.9673912525177002;0.9608314633369446;0.24120907485485077;0.24765117466449738;-0.5412921905517578;0.8384339809417725;1.8967915773391724;2.7669248580932617
173;2;1;9.782499853104007;0.9999430035507544;0.9673912525177002;0.9608314633369446;0.24115340411663055;0.2476150244474411;0.15086105465888977;0.9312533736228943;0.14215555787086487;0.7324714064598083
173;2;2;9.30039129931993;0.999455390269965;0.9673912525177002;0.9608314633369446;0.24115340411663055;0.2476150244474411;0.4699265956878662;0.5415586829185486;-0.2525878846645355;0.29987040162086487
173;2;3;6.712885594578733;0.8665866446985611;0.9673912525177002;0.9608314633369446;0.24115340411663055;0.2476150244474411;-0.541995108127594;0.8396281003952026;1.8983229398727417;2.7690906524658203
174;2;1;9.782482242897707;0.999943003543386;0.9673912525177002;0.9608265161514282;0.2411067932844162;0.24757921695709229;0.1506292223930359;0.931823194026947;0.1415461152791977;0.7336789965629578
174;2;2;9.30162772273287;0.9994545658432799;0.9673912525177002;0.9608265161514282;0.2411067932844162;0.24757921695709229;0.4703078269958496;0.542199969291687;-0.2525298595428467;0.29968446493148804
174;2;3;6.713974020108509;0.8684024067827512;0.9673912525177002;0.9608265161514282;0.2411067932844162;0.24757921695709229;-0.5426952838897705;0.8408175706863403;1.8998428583145142;2.771239995956421
175;2;1;9.782464051778774;0.9999430035352574;0.9673912525177002;0.9608166813850403;0.24106767773628235;0.24754376709461212;0.15039458870887756;0.9324045777320862;0.14095960557460785;0.7348375916481018
175;2;2;9.306802559386021;0.9994536277012926;0.9673912525177002;0.9608166813850403;0.24106767773628235;0.24754376709461212;0.4706870913505554;0.5428389310836792;-0.2524785101413727;0.29950234293937683
175;2;3;6.713006905268184;0.8686056328679115;0.9673912525177002;0.9608166813850403;0.24106767773628235;0.24754376709461212;-0.5433934926986694;0.8420031070709229;1.901350975036621;2.7733728885650635
176;2;1;9.782966778530081;0.9999430035264396;0.9673912525177002;0.9608166813850403;0.2410350888967514;0.24750810861587524;0.15012897551059723;0.9329955577850342;0.14038066565990448;0.7359738349914551
176;2;2;9.309224342226404;0.9994526500683278;0.9673912525177002;0.9608166813850403;0.2410350888967514;0.24750810861587524;0.4710654318332672;0.543475866317749;-0.25243064761161804;0.29932066798210144
176;2;3;6.711751562520446;0.8681430615291639;0.9673912525177002;0.9608166813850403;0.2410350888967514;0.24750810861587524;-0.5440899133682251;0.8431853652000427;1.9028466939926147;2.7754881381988525
177;2;1;9.783977108299894;0.9999430035175436;0.9673912525177002;0.9608216285705566;0.2410019189119339;0.24747253954410553;0.1498389095067978;0.9335943460464478;0.13980768620967865;0.7370911836624146
177;2;2;9.309863366335108;0.9994514198862632;0.9673912525177002;0.9608216285705566;0.2410019189119339;0.24747253954410553;0.4714442789554596;0.5441098809242249;-0.25238537788391113;0.2991412580013275
177;2;3;6.710746453348417;0.8675938796917837;0.9673912525177002;0.9608216285705566;0.2410019189119339;0.24747253954410553;-0.5447852611541748;0.8443650007247925;1.9043294191360474;2.777585029602051
178;2;1;9.784559096157949;0.999943003508676;0.9673912525177002;0.9608216285705566;0.2409665435552597;0.24743686616420746;0.14953278005123138;0.9341986179351807;0.13924141228199005;0.7381955981254578
178;2;2;9.310711172831613;0.999450123155448;0.9673912525177002;0.9608216285705566;0.2409665435552597;0.24743686616420746;0.47182491421699524;0.544741153717041;-0.25234001874923706;0.29896116256713867
178;2;3;6.707726669128222;0.8664194330419619;0.9673912525177002;0.9608216285705566;0.2409665435552597;0.24743686616420746;-0.5454801321029663;0.8455431461334229;1.9057987928390503;2.7796630859375
179;2;1;9.78468131337614;0.9999430035002916;0.9673912525177002;0.9608265161514282;0.2409246414899826;0.247401162981987;0.14921599626541138;0.9348072409629822;0.138677716255188;0.7392870187759399
179;2;2;9.311743916081241;0.9994486143120618;0.9673912525177002;0.9608265161514282;0.2409246414899826;0.247401162981987;0.47220736742019653;0.5453692078590393;-0.25229713320732117;0.29878342151641846
179;2;3;6.704108289487728;0.8655399392406977;0.9673912525177002;0.9608265161514282;0.2409246414899826;0.247401162981987;-0.5461745858192444;0.8467196226119995;1.9072554111480713;2.7817230224609375
180;2;1;9.784657110834218;0.9999430034925822;0.9673912525177002;0.9608215689659119;0.2408764809370041;0.24736563861370087;0.1488940268754959;0.935418963432312;0.13811254501342773;0.7403643131256104
180;2;2;9.315646345850652;0.9994469647361086;0.9673912525177002;0.9608215689659119;0.2408764809370041;0.24736563861370087;0.4725913107395172;0.5459930300712585;-0.2522597014904022;0.2986129820346832
180;2;3;6.705627099267076;0.8641759689944166;0.9673912525177002;0.9608215689659119;0.2408764809370041;0.24736563861370087;-0.5468682050704956;0.8478937149047852;1.908700704574585;2.783766984939575
181;2;1;9.784597267073941;0.9999430034856971;0.9673912525177002;0.9608216285705566;0.24082282185554504;0.24733039736747742;0.14857104420661926;0.936031699180603;0.13754157721996307;0.741429328918457
181;2;2;9.321540384093307;0.9994452003634144;0.9673912525177002;0.9608216285705566;0.24082282185554504;0.24733039736747742;0.4729759991168976;0.5466122031211853;-0.25222882628440857;0.2984510660171509
181;2;3;6.706318677127214;0.8653268752654384;0.9673912525177002;0.9608216285705566;0.24082282185554504;0.24733039736747742;-0.5475602149963379;0.849064290523529;1.9101362228393555;2.785797119140625
182;2;1;9.784508711057484;0.9999430034798564;0.9673912525177002;0.9608314037322998;0.24076400697231293;0.24729546904563904;0.14825092256069183;0.9366444945335388;0.13696004450321198;0.7424808144569397
182;2;2;9.327246466151841;0.9994432554918724;0.9673912525177002;0.9608314037322998;0.24076400697231293;0.24729546904563904;0.47336074709892273;0.5472260117530823;-0.2522062063217163;0.29829955101013184
182;2;3;6.707236929372968;0.8674163073384822;0.9673912525177002;0.9608314037322998;0.24076400697231293;0.24729546904563904;-0.5482500195503235;0.8502302169799805;1.9115638732910156;2.787816047668457
183;2;1;9.784380679778906;0.9999430034748329;0.9681963920593262;0.9608265161514282;0.24070124328136444;0.2472623884677887;0.14800572395324707;0.9372597932815552;0.13641144335269928;0.7434632182121277
183;2;2;9.330215578685333;0.9994411095271722;0.9681963920593262;0.9608265161514282;0.24070124328136444;0.2472623884677887;0.47374460101127625;0.5478343963623047;-0.2521936595439911;0.29815980792045593
183;2;3;6.70931687700973;0.8689161616556245;0.9681963920593262;0.9608265161514282;0.24070124328136444;0.2472623884677887;-0.5489370822906494;0.8513904213905334;1.9129852056503296;2.7898261547088623
184;2;1;9.784204304918951;0.999943003470662;0.9681963920593262;0.9608265161514282;0.24063602089881897;0.24723418056964874;0.1478271633386612;0.9378749132156372;0.1358853578567505;0.7443796992301941
184;2;2;9.331662556588846;0.9994388717417415;0.9681963920593262;0.9608265161514282;0.24063602089881897;0.24723418056964874;0.4741244912147522;0.5484360456466675;-0.25219568610191345;0.2980369031429291
184;2;3;6.709124180243517;0.8699463550678779;0.9681963920593262;0.9608265161514282;0.24063602089881897;0.24723418056964874;-0.5496188402175903;0.852540910243988;1.9144034385681152;2.7918319702148438
185;2;1;9.783988255257626;0.9999430034669956;0.9681963920593262;0.9608215093612671;0.24057389795780182;0.2472052425146103;0.1477060168981552;0.9384872913360596;0.1353713572025299;0.745233952999115
185;2;2;9.332719480979176;0.999436593931609;0.9681963920593262;0.9608215093612671;0.24057389795780182;0.2472052425146103;0.47449690103530884;0.5490297079086304;-0.2522166073322296;0.29793581366539
185;2;3;6.70686667543605;0.8705116692871755;0.9681963920593262;0.9608215093612671;0.24057389795780182;0.2472052425146103;-0.5502924919128418;0.8536773920059204;1.9158215522766113;2.793837308883667
186;2;1;9.783762770314368;0.9999430034634855;0.9681963920593262;0.9608315229415894;0.24052131175994873;0.24717563390731812;0.147634357213974;0.939093828201294;0.13486218452453613;0.746032178401947
186;2;2;9.33345074491925;0.9994343005258841;0.9681963920593262;0.9608315229415894;0.24052131175994873;0.24717563390731812;0.47485971450805664;0.5496146082878113;-0.2522575855255127;0.29785826802253723
186;2;3;6.70654680103295;0.8709188329932545;0.9681963920593262;0.9608315229415894;0.24052131175994873;0.24717563390731812;-0.5509560108184814;0.8547965288162231;1.917240858078003;2.795844554901123
187;2;1;9.78356750350094;0.9999430034595349;0.9681963920593262;0.9608265161514282;0.24048209190368652;0.24714548885822296;0.14760567247867584;0.9396932721138;0.13435161113739014;0.7467811703681946
187;2;2;9.33507225128194;0.9994319840916965;0.9681963920593262;0.9608265161514282;0.24048209190368652;0.24714548885822296;0.4752122163772583;0.5501905083656311;-0.2523181438446045;0.29780498147010803
187;2;3;6.707920338401269;0.8714447974763573;0.9681963920593262;0.9608265161514282;0.24048209190368652;0.24714548885822296;-0.5516087412834167;0.8558971881866455;1.9186604022979736;2.797852039337158
188;2;1;9.783439160628099;0.9999430034553072;0.9677938222885132;0.9608314633369446;0.24045781791210175;0.24711494147777557;0.14761660993099213;0.9402831792831421;0.13384263217449188;0.7474955916404724
188;2;2;9.337482673534495;0.9994296970555787;0.9677938222885132;0.9608314633369446;0.24045781791210175;0.24711494147777557;0.4755561947822571;0.5507584810256958;-0.2523907423019409;0.29776686429977417
188;2;3;6.7081084365957935;0.8723813469191057;0.9677938222885132;0.9608314633369446;0.24045781791210175;0.24711494147777557;-0.5522515773773193;0.8569811582565308;1.920076847076416;2.7998552322387695
189;2;1;9.783401345475895;0.999943003451051;0.9677938222885132;0.9608265161514282;0.2404431700706482;0.2470841258764267;0.1476648896932602;0.940861701965332;0.13334086537361145;0.748191773891449
189;2;2;9.339763289181317;0.9994274737846496;0.9677938222885132;0.9608265161514282;0.2404431700706482;0.2470841258764267;0.47589465975761414;0.5513197183609009;-0.2524647116661072;0.2977334260940552
189;2;3;6.7076888017013765;0.8738316689836871;0.9677938222885132;0.9608265161514282;0.2404431700706482;0.2470841258764267;-0.5528861880302429;0.8580510020256042;1.9214856624603271;2.8018476963043213
190;2;1;9.783498742390208;0.9999430034472638;0.9677938222885132;0.9608315229415894;0.24043084681034088;0.24705323576927185;0.1477469652891159;0.9414268732070923;0.13285015523433685;0.7488841414451599
190;2;2;9.341739306339004;0.9994251788277495;0.9677938222885132;0.9608315229415894;0.24043084681034088;0.24705323576927185;0.47622963786125183;0.5518754124641418;-0.25253206491470337;0.29769498109817505
190;2;3;6.710297395015862;0.8747264973184112;0.9677938222885132;0.9608315229415894;0.24043084681034088;0.24705323576927185;-0.5535136461257935;0.859108567237854;1.9228832721710205;2.8038241863250732
191;2;1;9.783806656244984;0.9999430034443861;0.9677938222885132;0.9608413577079773;0.2404153048992157;0.24702683091163635;0.14778363704681396;0.9419726729393005;0.13231883943080902;0.7496396899223328
191;2;2;9.343251912496186;0.9994228854365197;0.9677938222885132;0.9608413577079773;0.2404153048992157;0.24702683091163635;0.4765608608722687;0.5524258017539978;-0.2525910437107086;0.2976503372192383
191;2;3;6.710925626891152;0.8746081003142407;0.9677938222885132;0.9608413577079773;0.2404153048992157;0.24702683091163635;-0.5541336536407471;0.8601536154747009;1.9242677688598633;2.8057820796966553
192;2;1;9.784374060119568;0.9999430034421977;0.9677938222885132;0.960861086845398;0.2403973788022995;0.24700084328651428;0.1477769911289215;0.9424999952316284;0.1317521035671234;0.7504584789276123
192;2;2;9.345377674485814;0.9994206374864589;0.9677938222885132;0.960861086845398;0.2403973788022995;0.24700084328651428;0.4768897593021393;0.5529714822769165;-0.252638578414917;0.2975972890853882
192;2;3;6.707911490396068;0.8727283446772063;0.9677938222885132;0.960861086845398;0.2403973788022995;0.24700084328651428;-0.5547472238540649;0.861187756061554;1.925636887550354;2.807718276977539
193;2;1;9.785199485358135;0.9999430034403503;0.9677938222885132;0.960861086845398;0.24037553369998932;0.24697430431842804;0.14773085713386536;0.9430096745491028;0.13115890324115753;0.7513430714607239
193;2;2;9.347064861862137;0.9994184749699784;0.9677938222885132;0.960861086845398;0.24037553369998932;0.24697430431842804;0.4772186577320099;0.5535134673118591;-0.25266915559768677;0.29752880334854126
193;2;3;6.705929174083792;0.8725932043556863;0.9677938222885132;0.960861086845398;0.24037553369998932;0.24697430431842804;-0.5553560256958008;0.8622137904167175;1.9269884824752808;2.8096299171447754
194;2;1;9.786243854388736;0.9999430034389079;0.9677938222885132;0.9608611464500427;0.2403453141450882;0.24694712460041046;0.14764685928821564;0.9435029029846191;0.13054123520851135;0.752293586730957
194;2;2;9.347641241712655;0.999416398363941;0.9677938222885132;0.9608611464500427;0.2403453141450882;0.24694712460041046;0.47754937410354614;0.554052472114563;-0.2526816725730896;0.2974449098110199
194;2;3;6.705756477747453;0.873282479534149;0.9677938222885132;0.9608611464500427;0.2403453141450882;0.24694712460041046;-0.5559617280960083;0.8632345199584961;1.9283212423324585;2.8115146160125732
195;2;1;9.787349744547598;0.9999430034376218;0.9677938222885132;0.9608561992645264;0.24030546844005585;0.2469194382429123;0.14752615988254547;0.9439831376075745;0.12990236282348633;0.7533029913902283
195;2;2;9.347811416739752;0.9994144996595828;0.9677938222885132;0.9608561992645264;0.24030546844005585;0.2469194382429123;0.4778829514980316;0.5545889139175415;-0.2526779770851135;0.29734715819358826
195;2;3;6.706281331519751;0.873506316177334;0.9677938222885132;0.9608561992645264;0.24030546844005585;0.2469194382429123;-0.556565523147583;0.8642518520355225;1.9296351671218872;2.813372850418091
196;2;1;9.788318165959708;0.9999430034355115;0.9677938222885132;0.9608660340309143;0.24025756120681763;0.24689124524593353;0.14737220108509064;0.9444524645805359;0.12924718856811523;0.7543657422065735
196;2;2;9.347968109935604;0.9994126984989187;0.9677938222885132;0.9608660340309143;0.24025756120681763;0.24689124524593353;0.4782201647758484;0.5551233291625977;-0.25265800952911377;0.29723498225212097
196;2;3;6.706129048820465;0.8728878625334531;0.9677938222885132;0.9608660340309143;0.24025756120681763;0.24689124524593353;-0.5571683049201965;0.8652674555778503;1.9309308528900146;2.8152050971984863
197;2;1;9.78906926447047;0.9999430034325556;0.9677938222885132;0.9608561992645264;0.2402011752128601;0.24686263501644135;0.14718806743621826;0.9449130892753601;0.12857887148857117;0.7554746270179749
197;2;2;9.348330765412499;0.999410978980201;0.9677938222885132;0.9608561992645264;0.2402011752128601;0.24686263501644135;0.4785613715648651;0.5556557178497314;-0.25262343883514404;0.297109991312027
197;2;3;6.70834541179665;0.8730822140083756;0.9677938222885132;0.9608561992645264;0.2402011752128601;0.24686263501644135;-0.5577706694602966;0.8662822246551514;1.9322099685668945;2.81701397895813
198;2;1;9.789598978095825;0.9999430034282426;0.9677938222885132;0.9608561992645264;0.24013736844062805;0.2468390166759491;0.14705033600330353;0.9453716278076172;0.1279466599225998;0.7565609812736511
198;2;2;9.348922683131171;0.9994092321003443;0.9677938222885132;0.9608561992645264;0.24013736844062805;0.2468390166759491;0.4789058268070221;0.5561861991882324;-0.2525784969329834;0.29697534441947937
198;2;3;6.70843375446271;0.8729637763196685;0.9677938222885132;0.9608561992645264;0.24013736844062805;0.2468390166759491;-0.5583725571632385;0.867296040058136;1.9334747791290283;2.818802833557129
199;2;1;9.789943391307517;0.9999430034222385;0.9677938222885132;0.9608759880065918;0.24006988108158112;0.2468148171901703;0.14695072174072266;0.9458281993865967;0.1273411363363266;0.7576197981834412
199;2;2;9.349668344379822;0.9994074760443965;0.9677938222885132;0.9608759880065918;0.24006988108158112;0.2468148171901703;0.4792500436306;0.5567134618759155;-0.25253045558929443;0.2968391478061676
199;2;3;6.706877180884735;0.8713733762964857;0.9677938222885132;0.9608759880065918;0.24006988108158112;0.2468148171901703;-0.5589717030525208;0.8683053255081177;1.9347296953201294;2.820577621459961
0;3;1;9.7969894836489;0.9995045813652226;0.9074074625968933;0.919509768486023;0.6796193718910217;0.6609970331192017;-0.0368591845035553;0.3678987920284271;0.32611364126205444;0.3301503360271454
0;3;2;8.594696634764915;0.9285960591484184;0.9074074625968933;0.919509768486023;0.6796193718910217;0.6609970331192017;0.0711079090833664;0.2786446809768677;0.07814210653305054;0.10939635336399078
0;3;3;4.442800370627122;0.5410200967776966;0.9074074625968933;0.919509768486023;0.6796193718910217;0.6609970331192017;0.03160008788108826;0.36837512254714966;0.3294484615325928;0.0283157080411911
1;3;1;9.79692979612804;0.9995196969571722;0.9130434989929199;0.9234951734542847;0.6722515821456909;0.6544566750526428;-0.036274004727602005;0.37061795592308044;0.327886164188385;0.33047395944595337
1;3;2;8.689397573957336;0.9463490773638377;0.9130434989929199;0.9234951734542847;0.6722515821456909;0.6544566750526428;0.07511037588119507;0.2807483375072479;0.08714335411787033;0.10752538591623306
1;3;3;4.5944363270628354;0.5633264115988705;0.9130434989929199;0.9234951734542847;0.6722515821456909;0.6544566750526428;0.024703294038772583;0.3767686188220978;0.31898871064186096;0.013523406349122524
2;3;1;9.797323665425921;0.9995485405468258;0.9182769656181335;0.9267596006393433;0.6578705310821533;0.6417456269264221;-0.0353577621281147;0.3747400939464569;0.33062610030174255;0.33129769563674927
2;3;2;8.83615523391827;0.966494518926261;0.9182769656181335;0.9267596006393433;0.6578705310821533;0.6417456269264221;0.08103861659765244;0.28417009115219116;0.10033361613750458;0.10618803650140762
2;3;3;4.911784562574416;0.594200545088821;0.9182769656181335;0.9267596006393433;0.6578705310821533;0.6417456269264221;0.01463655661791563;0.38992762565612793;0.30519556999206543;0.005983061157166958
3;3;1;9.798640232268347;0.9995898529953067;0.9194847345352173;0.9282511472702026;0.6369531154632568;0.6234725117683411;-0.03405768796801567;0.38046345114707947;0.3344338536262512;0.3329378068447113
3;3;2;9.126616720264625;0.9907733609854468;0.9194847345352173;0.9282511472702026;0.6369531154632568;0.6234725117683411;0.08873433619737625;0.28929466009140015;0.1170017346739769;0.10631927847862244
3;3;3;5.352176054415013;0.6053458171489563;0.9194847345352173;0.9282511472702026;0.6369531154632568;0.6234725117683411;0.0015933315735310316;0.4084881544113159;0.2898007035255432;0.0277546476572752
4;3;1;9.800428192245533;0.9996447691369283;0.9219001531600952;0.9297376871109009;0.6109021902084351;0.6010456681251526;-0.03234339877963066;0.38814109563827515;0.3393002450466156;0.33563321828842163
4;3;2;9.490081084355651;0.9979188525254159;0.9219001531600952;0.9297376871109009;0.6109021902084351;0.6010456681251526;0.09785733371973038;0.2965790033340454;0.1356421560049057;0.10814758390188217
4;3;3;5.903733070160307;0.6250437103878905;0.9219001531600952;0.9297376871109009;0.6109021902084351;0.6010456681251526;-0.014003744348883629;0.43287229537963867;0.27490174770355225;0.0488249845802784
5;3;1;9.8019666606384;0.9997134320070344;0.9231078624725342;0.9313427209854126;0.5822317600250244;0.5767216682434082;-0.030187208205461502;0.39820319414138794;0.345100998878479;0.3394010066986084
5;3;2;9.676249007827803;0.9982658380021441;0.9231078624725342;0.9313427209854126;0.5822317600250244;0.5767216682434082;0.1079249233007431;0.30641093850135803;0.1544041484594345;0.10993703454732895
5;3;3;6.405189095146648;0.6254473757300172;0.9231078624725342;0.9313427209854126;0.5822317600250244;0.5767216682434082;-0.0313451886177063;0.4629461169242859;0.2628902196884155;0.06581182032823563
6;3;1;9.803112018798238;0.9997934602861775;0.9247182011604309;0.932883620262146;0.5531582236289978;0.5519904494285583;-0.027580449357628822;0.4109669029712677;0.3515467345714569;0.34397944808006287
6;3;2;9.744590835869417;0.9986598900227008;0.9247182011604309;0.932883620262146;0.5531582236289978;0.5519904494285583;0.1183829978108406;0.31889504194259644;0.17163240909576416;0.10919907689094543
6;3;3;6.810399397613882;0.6560176448117616;0.9247182011604309;0.932883620262146;0.5531582236289978;0.5519904494285583;-0.0492420420050621;0.49789583683013916;0.25619763135910034;0.07527659088373184
7;3;1;9.802314417845189;0.9998709580056655;0.9259259104728699;0.9343305826187134;0.5245987772941589;0.527252197265625;-0.024554384872317314;0.4265982508659363;0.35813528299331665;0.3488672077655792
7;3;2;9.75850903244745;0.9990854897282269;0.9259259104728699;0.9343305826187134;0.5245987772941589;0.527252197265625;0.1285872906446457;0.33385375142097473;0.18580591678619385;0.10385037958621979
7;3;3;7.067247225979315;0.6802933379900189;0.9259259104728699;0.9343305826187134;0.5245987772941589;0.527252197265625;-0.06629668176174164;0.5363914370536804;0.2568798363208771;0.07431179285049438
8;3;1;9.792337676716443;0.9999229418080517;0.9259259104728699;0.9355208277702332;0.49608761072158813;0.5011118054389954;-0.021134307608008385;0.44496411085128784;0.3642509877681732;0.3535637855529785
8;3;2;9.745362113368142;0.9995400644887944;0.9259259104728699;0.9355208277702332;0.49608761072158813;0.5011118054389954;0.13805967569351196;0.35077106952667236;0.19638602435588837;0.09388325363397598
8;3;3;7.243041050083596;0.6931052395760542;0.9259259104728699;0.9355208277702332;0.49608761072158813;0.5011118054389954;-0.08123189210891724;0.577014684677124;0.2661151885986328;0.06125105544924736
9;3;1;9.786479960065094;0.9999406590478088;0.9255234003067017;0.9362912178039551;0.4675445854663849;0.47214052081108093;-0.017237497493624687;0.4654463231563568;0.3695228099822998;0.3578805923461914
9;3;2;9.648693658737034;0.9998591775207188;0.9255234003067017;0.9362912178039551;0.4675445854663849;0.47214052081108093;0.14672917127609253;0.3688293993473053;0.20442794263362885;0.08289939910173416
9;3;3;7.2695654818280495;0.7291695707060484;0.9255234003067017;0.9362912178039551;0.4675445854663849;0.47214052081108093;-0.09317656606435776;0.618645191192627;0.28388869762420654;0.036115508526563644
10;3;1;9.743461443364794;0.9999429097666876;0.9263285398483276;0.9366666078567505;0.4409661889076233;0.4422680735588074;-0.012598109431564808;0.4869556128978729;0.3740778863430023;0.3621979057788849
10;3;2;9.459583788033374;0.9999318402660755;0.9263285398483276;0.9366666078567505;0.4409661889076233;0.4422680735588074;0.15487171709537506;0.3871360123157501;0.21183037757873535;0.07793912291526794
10;3;3;7.211930442041803;0.7690514160777404;0.9263285398483276;0.9366666078567505;0.4409661889076233;0.4422680735588074;-0.10169892013072968;0.6605021953582764;0.3090960383415222;0.0004669238696806133
11;3;1;9.702411480587827;0.9999429981361629;0.9263285398483276;0.9369332790374756;0.4171612560749054;0.4138593375682831;-0.0069499253295362;0.5083467364311218;0.37831035256385803;0.36713626980781555
11;3;2;9.37628787281044;0.9859207686157134;0.9263285398483276;0.9369332790374756;0.4171612560749054;0.4138593375682831;0.16275553405284882;0.4050029218196869;0.21994316577911377;0.0867464691400528
11;3;3;7.139248037373177;0.7791754066353036;0.9263285398483276;0.9369332790374756;0.4171612560749054;0.4138593375682831;-0.1067764163017273;0.7020177245140076;0.339857280254364;0.04303603991866112
12;3;1;9.684206343434994;0.9999425291672637;0.9267310500144958;0.9374024271965027;0.3965301513671875;0.3884030878543854;-0.00012927652278449386;0.528769314289093;0.38264548778533936;0.37321025133132935
12;3;2;9.33964087963248;0.9828691129516116;0.9267310500144958;0.9374024271965027;0.3965301513671875;0.3884030878543854;0.17049364745616913;0.42205145955085754;0.2291579693555832;0.1084824651479721
12;3;3;7.146985818477955;0.786508467447721;0.9267310500144958;0.9374024271965027;0.3965301513671875;0.3884030878543854;-0.10880881547927856;0.7426687479019165;0.3738362193107605;0.09108951687812805
13;3;1;9.669283308795066;0.9981671512456742;0.9275362491607666;0.9375901222229004;0.3802686631679535;0.36722683906555176;0.007798713631927967;0.5477463006973267;0.3872656524181366;0.38050660490989685
13;3;2;9.357220165228878;0.9732662227340683;0.9275362491607666;0.9375901222229004;0.3802686631679535;0.36722683906555176;0.17808285355567932;0.43804076313972473;0.2392328977584839;0.13730943202972412
13;3;3;7.12767555488881;0.7681268945780193;0.9275362491607666;0.9375901222229004;0.3802686631679535;0.36722683906555176;-0.10861586034297943;0.7818304300308228;0.40854161977767944;0.14017032086849213
14;3;1;9.65185565073542;0.9952902643101424;0.9287439584732056;0.9384642839431763;0.3709251284599304;0.3523905873298645;0.016651427373290062;0.5649886131286621;0.3922741115093231;0.3887014389038086
14;3;2;9.38457621321226;0.9712507187894168;0.9287439584732056;0.9384642839431763;0.3709251284599304;0.3523905873298645;0.1855214536190033;0.4527071416378021;0.2498326301574707;0.16784031689167023
14;3;3;7.090713782403931;0.7956324659208249;0.9287439584732056;0.9384642839431763;0.3709251284599304;0.3523905873298645;-0.10729700326919556;0.8187112212181091;0.4416874051094055;0.18704558908939362
15;3;1;9.652415816624526;0.996831588874052;0.9307568669319153;0.9398174285888672;0.3681970536708832;0.34445908665657043;0.02625225856900215;0.5803792476654053;0.39774659276008606;0.39711853861808777
15;3;2;9.417560562217929;0.9668081601487089;0.9307568669319153;0.9398174285888672;0.3681970536708832;0.34445908665657043;0.19280707836151123;0.4657669961452484;0.2606867253780365;0.19597022235393524
15;3;3;7.042840294301737;0.7941295916349684;0.9307568669319153;0.9398174285888672;0.3681970536708832;0.34445908665657043;-0.10597489774227142;0.8524420261383057;0.47152942419052124;0.2292485386133194
16;3;1;9.628738890373235;0.995330910992287;0.933574914932251;0.9417731761932373;0.36748161911964417;0.3407321572303772;0.03642336651682854;0.5940015316009521;0.4036632180213928;0.40496569871902466
16;3;2;9.433816705509482;0.96847037399953;0.933574914932251;0.9417731761932373;0.36748161911964417;0.3407321572303772;0.19992007315158844;0.47697198390960693;0.27155396342277527;0.2191273719072342
16;3;3;6.958067765698502;0.7874903852611741;0.933574914932251;0.9417731761932373;0.36748161911964417;0.3407321572303772;-0.10549768060445786;0.8822770118713379;0.4970887303352356;0.2653948664665222
17;3;1;9.667143928774422;0.9999428985148242;0.9363929629325867;0.9441733956336975;0.3634742796421051;0.336711049079895;0.047015246003866196;0.6060041189193726;0.41000160574913025;0.4117570221424103
17;3;2;9.464449586318011;0.9771242235420701;0.9363929629325867;0.9441733956336975;0.3634742796421051;0.336711049079895;0.20686230063438416;0.4861220121383667;0.2823658883571625;0.23637762665748596
17;3;3;6.84486424741131;0.7835985277704545;0.9363929629325867;0.9441733956336975;0.3634742796421051;0.336711049079895;-0.10621418803930283;0.9077693819999695;0.5181993842124939;0.2952498197555542
18;3;1;9.686406536241691;0.9984587958907483;0.9424315690994263;0.9474822282791138;0.35071006417274475;0.32849860191345215;0.057993143796920776;0.6165083050727844;0.41681167483329773;0.41754987835884094
18;3;2;9.511424276884949;0.9824144749512094;0.9424315690994263;0.9474822282791138;0.35071006417274475;0.32849860191345215;0.21370084583759308;0.49308300018310547;0.2933017313480377;0.24795827269554138
18;3;3;6.727536541191105;0.8013641194974213;0.9424315690994263;0.9474822282791138;0.35071006417274475;0.32849860191345215;-0.10789954662322998;0.9288480877876282;0.5354147553443909;0.3195960819721222
19;3;1;9.721829068436953;0.9999430038824642;0.9472624659538269;0.9498922824859619;0.33085373044013977;0.31602418422698975;0.06917562335729599;0.625684916973114;0.42390957474708557;0.4227867126464844
19;3;2;9.538829256276188;0.9852868020195338;0.9472624659538269;0.9498922824859619;0.33085373044013977;0.31602418422698975;0.22035908699035645;0.4978688061237335;0.30427682399749756;0.2555893063545227
19;3;3;6.636465101627561;0.8154776793917762;0.9472624659538269;0.9498922824859619;0.33085373044013977;0.31602418422698975;-0.10979485511779785;0.9457582831382751;0.5498464703559875;0.3400056064128876
20;3;1;9.778837160086553;0.999942997643096;0.9508856534957886;0.9510924220085144;0.3073822259902954;0.30480197072029114;0.07995124906301498;0.633819043636322;0.4304947853088379;0.427787721157074
20;3;2;9.568189297950227;0.9882882411744944;0.9508856534957886;0.9510924220085144;0.3073822259902954;0.30480197072029114;0.22638903558254242;0.5006812214851379;0.3143930435180664;0.2624815106391907
20;3;3;6.586302630497887;0.8293212480849999;0.9508856534957886;0.9510924220085144;0.3073822259902954;0.30480197072029114;-0.11072003841400146;0.9588691592216492;0.5629369616508484;0.3585182726383209
21;3;1;9.782655238834849;0.9999428528718681;0.9533011317253113;0.9516505002975464;0.29195380210876465;0.3015688955783844;0.08960016816854477;0.640835702419281;0.4357411861419678;0.43260452151298523
21;3;2;9.58876346826477;0.9964226291499116;0.9533011317253113;0.9516505002975464;0.29195380210876465;0.3015688955783844;0.23133955895900726;0.5016224980354309;0.32281625270843506;0.2718976140022278
21;3;3;6.579571079478022;0.8220893720862517;0.9533011317253113;0.9516505002975464;0.29195380210876465;0.3015688955783844;-0.10934992879629135;0.9684666991233826;0.5760965347290039;0.37712880969047546
22;3;1;9.801815560948747;0.9999429306533116;0.9561191201210022;0.9504504203796387;0.2866956293582916;0.30521440505981445;0.09744813293218613;0.6463491320610046;0.439117968082428;0.43726277351379395
22;3;2;9.624023746071686;0.9965441143940019;0.9561191201210022;0.9504504203796387;0.2866956293582916;0.30521440505981445;0.23491059243679047;0.50076824426651;0.32904982566833496;0.2860354483127594
22;3;3;6.636178939279716;0.8275808213666593;0.9561191201210022;0.9504504203796387;0.2866956293582916;0.30521440505981445;-0.10473275184631348;0.974784255027771;0.5902478694915771;0.3971417546272278
23;3;1;9.805558721512163;0.9999430011964918;0.9528985619544983;0.9483515024185181;0.28669989109039307;0.3085954189300537;0.10323072969913483;0.6499321460723877;0.4408577084541321;0.44208788871765137
23;3;2;9.662147275798443;0.999907841278862;0.9528985619544983;0.9483515024185181;0.28669989109039307;0.3085954189300537;0.2372034192085266;0.4983415901660919;0.3333680331707001;0.30464106798171997
23;3;3;6.709415805884197;0.8193562636876983;0.9528985619544983;0.9483515024185181;0.28669989109039307;0.3085954189300537;-0.09698551893234253;0.9782256484031677;0.6053279042243958;0.4184682071208954
24;3;1;9.807313122262677;0.9999430038341117;0.9528985023498535;0.9463068842887878;0.2888583838939667;0.30747583508491516;0.10719549655914307;0.6516807079315186;0.4418511390686035;0.4472612738609314
24;3;2;9.67935578343533;0.9999430038493955;0.9528985023498535;0.9463068842887878;0.2888583838939667;0.30747583508491516;0.23870694637298584;0.49488455057144165;0.3366640508174896;0.3246197998523712
24;3;3;6.802010353690587;0.8172618910433389;0.9528985023498535;0.9463068842887878;0.2888583838939667;0.30747583508491516;-0.08762794733047485;0.9794954657554626;0.6201691627502441;0.43945685029029846
25;3;1;9.8081061833945;0.9999430038866635;0.9516907930374146;0.9453043937683105;0.2965008616447449;0.30726170539855957;0.10993164777755737;0.6522804498672485;0.4432551860809326;0.4520978033542633
25;3;2;9.691117674645398;0.9999430011718182;0.9516907930374146;0.9453043937683105;0.2965008616447449;0.30726170539855957;0.24017347395420074;0.4910051226615906;0.3402414321899414;0.3409886658191681
25;3;3;6.849543496000315;0.8062624007904642;0.9516907930374146;0.9453043937683105;0.2965008616447449;0.30726170539855957;-0.07912623882293701;0.9793506264686584;0.6329613327980042;0.45754769444465637
26;3;1;9.808592934122252;0.9999430038887596;0.9520933628082275;0.9452697038650513;0.3096280097961426;0.31229573488235474;0.11196894943714142;0.6526899337768555;0.44582629203796387;0.45529651641845703
26;3;2;9.67272561436609;0.9983697426870641;0.9520933628082275;0.9452697038650513;0.3096280097961426;0.31229573488235474;0.24221809208393097;0.4871473014354706;0.3450886905193329;0.34925660490989685
26;3;3;6.893544841193361;0.8050506510182345;0.9520933628082275;0.9452697038650513;0.3096280097961426;0.31229573488235474;-0.07379882037639618;0.9783013463020325;0.6421113014221191;0.4704878032207489
27;3;1;9.808887910660061;0.9999430038889798;0.9520933628082275;0.9457487463951111;0.318390429019928;0.31658026576042175;0.11359240114688873;0.6534811854362488;0.4497857987880707;0.45632094144821167
27;3;2;9.686839842944519;0.9992953479857825;0.9520933628082275;0.9457487463951111;0.318390429019928;0.31658026576042175;0.24510392546653748;0.4834989607334137;0.35158586502075195;0.34759053587913513
27;3;3;6.923828623547173;0.8095197053538659;0.9520933628082275;0.9457487463951111;0.318390429019928;0.31658026576042175;-0.07273517549037933;0.976613461971283;0.6470085978507996;0.477413535118103
28;3;1;9.809090298615764;0.9999430038890296;0.9528985023498535;0.9462870955467224;0.3138604164123535;0.31284308433532715;0.11483829468488693;0.654521644115448;0.45491304993629456;0.456127792596817
28;3;2;9.701040199821488;0.9987687115034447;0.9528985023498535;0.9462870955467224;0.3138604164123535;0.31284308433532715;0.24868302047252655;0.4800472557544708;0.3594420552253723;0.3376460373401642
28;3;3;6.978406191994775;0.8069112819399873;0.9528985023498535;0.9462870955467224;0.3138604164123535;0.31284308433532715;-0.07530266046524048;0.9744235277175903;0.6483113765716553;0.47925594449043274
29;3;1;9.809237709174155;0.9999430038890438;0.9524959325790405;0.9468772411346436;0.29984739422798157;0.3039168417453766;0.11555538326501846;0.6552215218544006;0.46062803268432617;0.4562780559062958
29;3;2;9.718175279857991;0.9999430038894026;0.9524959325790405;0.9468772411346436;0.29984739422798157;0.3039168417453766;0.2524868845939636;0.476593554019928;0.36785048246383667;0.32365745306015015
29;3;3;6.9855430941749646;0.8165139897891649;0.9524959325790405;0.9468772411346436;0.29984739422798157;0.3039168417453766;-0.0794840082526207;0.9717051386833191;0.6476364731788635;0.4783015549182892
30;3;1;9.809339476647303;0.9999430038890509;0.953301191329956;0.947600781917572;0.2873888909816742;0.2979051470756531;0.11550988256931305;0.6550770401954651;0.4660813808441162;0.45752599835395813
30;3;2;9.735749719559742;0.9999430038893813;0.953301191329956;0.947600781917572;0.2873888909816742;0.2979051470756531;0.25590601563453674;0.4728129506111145;0.37575075030326843;0.31046241521835327
30;3;3;6.996997355790299;0.8193412517009051;0.953301191329956;0.947600781917572;0.2873888909816742;0.2979051470756531;-0.08283966779708862;0.9682188034057617;0.6468437910079956;0.477180540561676
31;3;1;9.809257035972962;0.9999430038890154;0.9524959921836853;0.9488651156425476;0.2815733551979065;0.2965587377548218;0.11457329243421555;0.653984546661377;0.47050076723098755;0.45950090885162354
31;3;2;9.772107257006518;0.9999430038893884;0.9524959921836853;0.9488651156425476;0.2815733551979065;0.2965587377548218;0.25847044587135315;0.46843069791793823;0.3822877109050751;0.3014819920063019
31;3;3;7.025610785123586;0.8383487140266848;0.9524959921836853;0.9488651156425476;0.2815733551979065;0.2965587377548218;-0.08360626548528671;0.9636881947517395;0.6472749710083008;0.4777902662754059
32;3;1;9.809469280028004;0.9999430038890083;0.955716609954834;0.9500059485435486;0.27969759702682495;0.2950250208377838;0.11290351301431656;0.6521259546279907;0.4736488461494446;0.46158090233802795
32;3;2;9.792625137147077;0.9999430038892889;0.955716609954834;0.9500059485435486;0.27969759702682495;0.2950250208377838;0.2600914537906647;0.4634052515029907;0.38723695278167725;0.2975464463233948
32;3;3;6.999521941444144;0.8242392388809154;0.955716609954834;0.9500059485435486;0.27969759702682495;0.2950250208377838;-0.08139507472515106;0.958082377910614;0.6493047475814819;0.48066088557243347
33;3;1;9.809563752323989;0.9999430038890438;0.9557165503501892;0.9509443044662476;0.27947431802749634;0.2912125587463379;0.11090190708637238;0.6497305631637573;0.47588396072387695;0.4635764956474304
33;3;2;9.788870788222379;0.9999430038887134;0.9557165503501892;0.9509443044662476;0.27947431802749634;0.2912125587463379;0.26105624437332153;0.4579360783100128;0.3909987807273865;0.2971320152282715
33;3;3;7.046279195081638;0.831911287920164;0.9557165503501892;0.9509443044662476;0.27947431802749634;0.2912125587463379;-0.07716153562068939;0.9516757130622864;0.6523914337158203;0.4850260019302368
34;3;1;9.809715205884764;0.999943003889058;0.9541062712669373;0.9517887830734253;0.28212642669677734;0.28830045461654663;0.10900671780109406;0.6469378471374512;0.47784897685050964;0.465667188167572
34;3;2;9.790841498359377;0.999943003888685;0.9541062712669373;0.9517887830734253;0.28212642669677734;0.28830045461654663;0.26183202862739563;0.4522959291934967;0.39428266882896423;0.2975328266620636
34;3;3;7.0400007450705875;0.8249669907691821;0.9541062712669373;0.9517887830734253;0.28212642669677734;0.28830045461654663;-0.07256972789764404;0.9448656439781189;0.6555171608924866;0.4894465506076813
35;3;1;9.809902070032507;0.9999430038890296;0.9533011317253113;0.951872706413269;0.287686824798584;0.2885039746761322;0.1075253039598465;0.6438305377960205;0.4800736606121063;0.4680616855621338
35;3;2;9.79264281917019;0.9999430038892498;0.9533011317253113;0.951872706413269;0.287686824798584;0.2885039746761322;0.26283004879951477;0.44670090079307556;0.39771848917007446;0.2962549924850464
35;3;3;7.07193185624803;0.8452799015239929;0.9533011317253113;0.951872706413269;0.287686824798584;0.2885039746761322;-0.06919138133525848;0.9379996657371521;0.6577290296554565;0.4925746023654938
36;3;1;9.810077057984458;0.9999430038890367;0.9520933628082275;0.9516801834106445;0.29264992475509644;0.28996121883392334;0.10658419132232666;0.6404604315757751;0.4828087389469147;0.4709319472312927
36;3;2;9.797922533201277;0.9999430038893387;0.9520933628082275;0.9516801834106445;0.29264992475509644;0.28996121883392334;0.26425933837890625;0.441295862197876;0.40161558985710144;0.29203999042510986
36;3;3;7.09466256788995;0.8184103955261204;0.9520933628082275;0.9516801834106445;0.29264992475509644;0.28996121883392334;-0.0679001435637474;0.93133145570755;0.6585394144058228;0.4937206506729126
37;3;1;9.810209759525492;0.9999430038890225;0.9524959921836853;0.9515566825866699;0.29351291060447693;0.2898904085159302;0.10615716129541397;0.6368879675865173;0.48599082231521606;0.4743744432926178
37;3;2;9.798418353965321;0.9999430038893493;0.9524959921836853;0.9515566825866699;0.29351291060447693;0.2898904085159302;0.26608678698539734;0.43618279695510864;0.4059004783630371;0.2852514088153839
37;3;3;7.167013449381297;0.8299945741996257;0.9524959921836853;0.9515566825866699;0.29351291060447693;0.2898904085159302;-0.06860147416591644;0.9250304102897644;0.658092737197876;0.493088960647583
38;3;1;9.810243908568147;0.9999430038890367;0.9520934224128723;0.9515319466590881;0.2904779314994812;0.2882564961910248;0.1061013713479042;0.6332099437713623;0.4892910420894623;0.4783189594745636
38;3;2;9.803128596021846;0.9999430038893315;0.9520934224128723;0.9515319466590881;0.2904779314994812;0.2882564961910248;0.26807132363319397;0.43143031001091003;0.41017016768455505;0.2776133120059967
38;3;3;7.25728869374046;0.8371127178027784;0.9520934224128723;0.9515319466590881;0.2904779314994812;0.2882564961910248;-0.07033799588680267;0.9191778302192688;0.6570804715156555;0.49165740609169006
39;3;1;9.809346726829197;0.9999430038890083;0.9524959921836853;0.9516998529434204;0.2868063747882843;0.28720787167549133;0.10620881617069244;0.6295899152755737;0.49222975969314575;0.48242467641830444
39;3;2;9.806126918920665;0.9999430038893458;0.9524959921836853;0.9516998529434204;0.2868063747882843;0.28720787167549133;0.2698727548122406;0.4270634055137634;0.4138731360435486;0.2714017331600189
39;3;3;7.331360374443037;0.8399081298215236;0.9524959921836853;0.9516998529434204;0.2868063747882843;0.28720787167549133;-0.07173192501068115;0.9137677550315857;0.6564421057701111;0.4907546043395996
40;3;1;9.809350233823977;0.9999430038890154;0.9533011317253113;0.9518677592277527;0.28494974970817566;0.28776559233665466;0.10627412796020508;0.6262304782867432;0.4943962097167969;0.4862506091594696
40;3;2;9.806345456015869;0.9999430038893244;0.9533011317253113;0.9518677592277527;0.28494974970817566;0.28776559233665466;0.27120092511177063;0.42309999465942383;0.4165504574775696;0.26843857765197754
40;3;3;7.35223832676833;0.820987913328679;0.9533011317253113;0.9518677592277527;0.28494974970817566;0.28776559233665466;-0.07161140441894531;0.9087799787521362;0.6569610834121704;0.49148857593536377
41;3;1;9.809387839570789;0.9999430038890509;0.9524959325790405;0.9519566893577576;0.28468310832977295;0.2885195016860962;0.10618140548467636;0.6233300566673279;0.4956493079662323;0.4895874261856079
41;3;2;9.806320632517291;0.9999430038893387;0.9524959325790405;0.9519566893577576;0.28468310832977295;0.2885195016860962;0.2719558775424957;0.41962698101997375;0.41805487871170044;0.26931503415107727
41;3;3;7.394224283906098;0.8129600351348358;0.9524959325790405;0.9519566893577576;0.28468310832977295;0.2885195016860962;-0.06957429647445679;0.9043073654174805;0.6589148640632629;0.49425163865089417
42;3;1;9.809415746979973;0.9999430038890225;0.9528985023498535;0.9520851373672485;0.285117506980896;0.28809311985969543;0.10596560686826706;0.6210548877716064;0.4962388575077057;0.49255719780921936
42;3;2;9.805331644973474;0.9999430038893422;0.9528985023498535;0.9520851373672485;0.285117506980896;0.28809311985969543;0.2722850739955902;0.41683197021484375;0.4186393916606903;0.27314382791519165
42;3;3;7.462254394951707;0.8181359791425589;0.9528985023498535;0.9520851373672485;0.285117506980896;0.28809311985969543;-0.0662059634923935;0.9006232619285583;0.6619520783424377;0.49854689836502075
43;3;1;9.809398028354885;0.9999430038890296;0.9528985023498535;0.9521542191505432;0.2866150736808777;0.2872672379016876;0.10574527084827423;0.619549572467804;0.4966425597667694;0.4954908788204193
43;3;2;9.805762690000723;0.999943003889328;0.9528985023498535;0.9521542191505432;0.2866150736808777;0.2872672379016876;0.27250221371650696;0.4149455726146698;0.4188210368156433;0.277998149394989
43;3;3;7.489215521967088;0.8098384640228922;0.9528985023498535;0.9521542191505432;0.2866150736808777;0.2872672379016876;-0.0628037303686142;0.8980951309204102;0.665274977684021;0.5032461881637573
44;3;1;9.80940988208733;0.9999430038890438;0.9528985023498535;0.952203631401062;0.2893783748149872;0.28737956285476685;0.10563669353723526;0.6189362406730652;0.4973325729370117;0.498637318611145
44;3;2;9.805830275387962;0.999943003889328;0.9528985023498535;0.952203631401062;0.2893783748149872;0.28737956285476685;0.2729255259037018;0.4141392409801483;0.4191206395626068;0.2818339169025421
44;3;3;7.508477885185625;0.8065883948128771;0.9528985023498535;0.952203631401062;0.2893783748149872;0.28737956285476685;-0.06073939800262451;0.8970179557800293;0.6680376529693604;0.5071532130241394
45;3;1;9.809417565318277;0.9999430038890438;0.9528985023498535;0.9523122906684875;0.29167410731315613;0.28798604011535645;0.10569088906049728;0.6192812919616699;0.4985414445400238;0.5020712018013
45;3;2;9.805912980411115;0.9999430038893209;0.9528985023498535;0.9523122906684875;0.29167410731315613;0.28798604011535645;0.27373161911964417;0.41446036100387573;0.41983455419540405;0.28345078229904175
45;3;3;7.538461313006936;0.8104553120353266;0.9528985023498535;0.9523122906684875;0.29167410731315613;0.28798604011535645;-0.0607922300696373;0.8974941372871399;0.6697524785995483;0.5095783472061157
46;3;1;9.80942515622477;0.9999430038890083;0.9528985023498535;0.9524258375167847;0.2913146913051605;0.28772252798080444;0.10587861388921738;0.6205415725708008;0.5002309679985046;0.505704939365387
46;3;2;9.80601930410543;0.9999430038893244;0.9528985023498535;0.9524258375167847;0.2913146913051605;0.28772252798080444;0.27489060163497925;0.4158223271369934;0.4209370017051697;0.28299763798713684
46;3;3;7.544787924043064;0.8107046003358924;0.9528985023498535;0.9524258375167847;0.2913146913051605;0.28772252798080444;-0.06279778480529785;0.899405300617218;0.670496940612793;0.5106311440467834
47;3;1;9.809435410169762;0.999943003889058;0.954106330871582;0.9525542855262756;0.28840380907058716;0.28658753633499146;0.10609965771436691;0.6225760579109192;0.5021218061447144;0.5093441605567932
47;3;2;9.80614565522447;0.9999430038893315;0.954106330871582;0.9525542855262756;0.28840380907058716;0.28658753633499146;0.2761973738670349;0.41802382469177246;0.42213210463523865;0.28176504373550415
47;3;3;7.559093120063718;0.8347811564158665;0.954106330871582;0.9525542855262756;0.28840380907058716;0.28658753633499146;-0.0657869428396225;0.9024474620819092;0.670823335647583;0.5110927820205688
48;3;1;9.809447067508302;0.9999430038890083;0.954106330871582;0.9527122974395752;0.28499579429626465;0.2857242822647095;0.1062142625451088;0.6251810789108276;0.5038684606552124;0.5127443671226501
48;3;2;9.806288435058587;0.9999430038893173;0.954106330871582;0.9527122974395752;0.28499579429626465;0.2857242822647095;0.2773798406124115;0.4207961857318878;0.4230228662490845;0.2814168334007263
48;3;3;7.572908242669039;0.8255747260252164;0.954106330871582;0.9527122974395752;0.28499579429626465;0.2857242822647095;-0.06851818412542343;0.9062178134918213;0.6714360117912292;0.5119591951370239
49;3;1;9.809453661490984;0.9999430038890367;0.9537037014961243;0.9527271389961243;0.28259533643722534;0.2854223847389221;0.10612241178750992;0.6281613707542419;0.5051814913749695;0.5157464742660522
49;3;2;9.80642019491098;0.9999430038893102;0.9537037014961243;0.9527271389961243;0.28259533643722534;0.2854223847389221;0.2782391309738159;0.423882395029068;0.42332714796066284;0.28310471773147583
49;3;3;7.539261585447939;0.8438757472711309;0.9537037014961243;0.9527271389961243;0.28259533643722534;0.2854223847389221;-0.0701027363538742;0.9103450179100037;0.6728200316429138;0.5139164924621582
50;3;1;9.809449051626437;0.9999430038890225;0.9541062712669373;0.9528160095214844;0.28125372529029846;0.28488123416900635;0.10581576824188232;0.6313471794128418;0.5060118436813354;0.518364667892456
50;3;2;9.806489023363955;0.999943003889328;0.9541062712669373;0.9528160095214844;0.28125372529029846;0.28488123416900635;0.2787478566169739;0.42710819840431213;0.42302608489990234;0.28693127632141113
50;3;3;7.489606640374673;0.8271168092586176;0.9541062712669373;0.9528160095214844;0.28125372529029846;0.28488123416900635;-0.07039102166891098;0.914598286151886;0.6750181317329407;0.5170251131057739
51;3;1;9.809983339405449;0.9999430038890367;0.9541062712669373;0.9528900980949402;0.28082355856895447;0.2838342785835266;0.10538265854120255;0.6346075534820557;0.506587564945221;0.5207087993621826
51;3;2;9.806934957000113;0.9999430038893209;0.9541062712669373;0.9528900980949402;0.28082355856895447;0.2838342785835266;0.2790476083755493;0.43038904666900635;0.42235690355300903;0.29199445247650146
51;3;3;7.459369658232573;0.8275923043636553;0.9541062712669373;0.9528900980949402;0.28082355856895447;0.2838342785835266;-0.0699397549033165;0.9188938736915588;0.6776570081710815;0.5207570195198059
52;3;1;9.81033826556942;0.9999430038890509;0.9545088410377502;0.9529197216033936;0.28139322996139526;0.28297218680381775;0.10494770854711533;0.6378529667854309;0.5071976780891418;0.5229419469833374
52;3;2;9.807972773293788;0.9999430038893209;0.9545088410377502;0.9529197216033936;0.28139322996139526;0.28297218680381775;0.27935919165611267;0.43367868661880493;0.4216744899749756;0.2969159185886383
52;3;3;7.44406270501525;0.8387946060081912;0.9545088410377502;0.9529197216033936;0.28139322996139526;0.28297218680381775;-0.06962960958480835;0.9232125878334045;0.6801785826683044;0.524323046207428
53;3;1;9.810369456965233;0.9999430038890225;0.953703761100769;0.9530333280563354;0.2824152410030365;0.28269341588020325;0.10460307449102402;0.641014039516449;0.5080717206001282;0.5251399874687195
53;3;2;9.807405245613214;0.999943003889328;0.953703761100769;0.9530333280563354;0.2824152410030365;0.28269341588020325;0.2798616290092468;0.4369206428527832;0.4212663173675537;0.30055221915245056
53;3;3;7.4116638576866904;0.8302215160038919;0.953703761100769;0.9530333280563354;0.2824152410030365;0.28269341588020325;-0.07017495483160019;0.927511990070343;0.6821306347846985;0.527083694934845
54;3;1;9.809747142795793;0.9999430038890438;0.953703761100769;0.9530975818634033;0.28263527154922485;0.28253769874572754;0.10437674820423126;0.6440176367759705;0.509295642375946;0.5272720456123352
54;3;2;9.807806285430203;0.9999430038893244;0.953703761100769;0.9530975818634033;0.28263527154922485;0.28253769874572754;0.28061220049858093;0.4400317072868347;0.4212319254875183;0.3025093078613281
54;3;3;7.382082225122179;0.8374306653410706;0.953703761100769;0.9530975818634033;0.28263527154922485;0.28253769874572754;-0.07178428024053574;0.9316906929016113;0.6833659410476685;0.5288306474685669
55;3;1;9.809730421410734;0.9999430038890225;0.954911470413208;0.9531568288803101;0.2813560366630554;0.2820781469345093;0.10422959178686142;0.6467704772949219;0.5107837319374084;0.5292753577232361
55;3;2;9.808407449688971;0.9999430038893315;0.954911470413208;0.9531568288803101;0.2813560366630554;0.2820781469345093;0.28153514862060547;0.4429071545600891;0.4214697480201721;0.3032325804233551
55;3;3;7.3377474124516056;0.8348811667955207;0.954911470413208;0.9531568288803101;0.2813560366630554;0.2820781469345093;-0.0741061419248581;0.9355977177619934;0.6840717792510986;0.5298288464546204
56;3;1;9.809710066427357;0.9999430038890083;0.954911470413208;0.9532604813575745;0.2791406512260437;0.28154921531677246;0.10407324135303497;0.6491737365722656;0.5123291611671448;0.5310962796211243
56;3;2;9.80832973107811;0.9999430038893209;0.954911470413208;0.9532604813575745;0.2791406512260437;0.28154921531677246;0.28246721625328064;0.44543999433517456;0.4217454195022583;0.303697407245636
56;3;3;7.286860623294604;0.8248862373293981;0.954911470413208;0.9532604813575745;0.2791406512260437;0.28154921531677246;-0.07644595950841904;0.9390659332275391;0.6846405267715454;0.5306332111358643
57;3;1;9.809690279993902;0.9999430038890154;0.955314040184021;0.9533246755599976;0.277071475982666;0.2813076376914978;0.10380842536687851;0.6511558890342712;0.5137220621109009;0.5326796174049377
57;3;2;9.808312066043502;0.999943003889328;0.955314040184021;0.9533246755599976;0.277071475982666;0.2813076376914978;0.28324154019355774;0.4475477635860443;0.42181891202926636;0.30487802624702454
57;3;3;7.263198838107845;0.840462704665482;0.955314040184021;0.9533246755599976;0.277071475982666;0.2813076376914978;-0.07812359184026718;0.941959798336029;0.6854592561721802;0.531791090965271
58;3;1;9.809674983939203;0.9999430038890438;0.955716609954834;0.9532753229141235;0.27573639154434204;0.2811978757381439;0.10337144136428833;0.6526958346366882;0.5148483514785767;0.5340111255645752
58;3;2;9.80844239404206;0.9999430038893244;0.955716609954834;0.9532753229141235;0.27573639154434204;0.2811978757381439;0.28377076983451843;0.4492034614086151;0.42156800627708435;0.3072658181190491
58;3;3;7.259492152702299;0.8349571682751051;0.955716609954834;0.9532753229141235;0.27573639154434204;0.2811978757381439;-0.07879680395126343;0.9442265629768372;0.6867220997810364;0.533577024936676
59;3;1;9.809665238022689;0.9999430038890296;0.955716609954834;0.953319787979126;0.2751859724521637;0.2808608114719391;0.10275804251432419;0.6538283228874207;0.5157570242881775;0.5351279973983765
59;3;2;9.807213241417365;0.9999430038893244;0.955716609954834;0.953319787979126;0.2751859724521637;0.2808608114719391;0.2840871512889862;0.4504491686820984;0.42104706168174744;0.310659795999527
59;3;3;7.2200750522580535;0.8232690547289696;0.955716609954834;0.953319787979126;0.2751859724521637;0.2808608114719391;-0.0786009281873703;0.9459208250045776;0.6883507966995239;0.5358803272247314
60;3;1;9.809661733378277;0.999943003889058;0.955716609954834;0.9534283876419067;0.27536144852638245;0.28033646941185;0.10201447457075119;0.6546404957771301;0.5166091322898865;0.5361021161079407
60;3;2;9.8064589867166;0.9999430038893244;0.955716609954834;0.9534283876419067;0.27536144852638245;0.28033646941185;0.284319132566452;0.45137864351272583;0.42045027017593384;0.3143073320388794
60;3;3;7.227745811892712;0.8271826658108576;0.955716609954834;0.9534283876419067;0.27536144852638245;0.28033646941185;-0.07804825156927109;0.9471778273582458;0.6900544762611389;0.5382896661758423
61;3;1;9.809660347003266;0.9999430038890154;0.955716609954834;0.9535667300224304;0.27604666352272034;0.2799264192581177;0.10119976848363876;0.655254065990448;0.5176106691360474;0.5369452238082886
61;3;2;9.807586753372782;0.9999430038893315;0.955716609954834;0.9535667300224304;0.27604666352272034;0.2799264192581177;0.2846185266971588;0.45210108160972595;0.4200015664100647;0.31731536984443665
61;3;3;7.2422102589511095;0.8315325057358613;0.955716609954834;0.9535667300224304;0.27604666352272034;0.2799264192581177;-0.07775302976369858;0.9481563568115234;0.6914883852005005;0.5403175354003906
62;3;1;9.809661733874222;0.9999430038890367;0.956119179725647;0.9536852836608887;0.2766074240207672;0.2796551287174225;0.10034604370594025;0.6557794809341431;0.518897294998169;0.5376469492912292
62;3;2;9.806174723819712;0.9999430038893209;0.956119179725647;0.9536852836608887;0.2766074240207672;0.2796551287174225;0.2850871682167053;0.45270654559135437;0.4198490083217621;0.31909042596817017
62;3;3;7.245276007989947;0.8279495375529677;0.956119179725647;0.9536852836608887;0.2766074240207672;0.2796551287174225;-0.0781295895576477;0.9489862322807312;0.6924266815185547;0.5416444540023804
63;3;1;9.809665771433117;0.9999430038890296;0.95652174949646;0.953917384147644;0.2763471305370331;0.27927953004837036;0.09944155812263489;0.6562886834144592;0.5204798579216003;0.5381863713264465
63;3;2;9.806788514481735;0.9999430038893102;0.95652174949646;0.953917384147644;0.2763471305370331;0.27927953004837036;0.28573134541511536;0.4532519280910492;0.4199979901313782;0.3196102976799011
63;3;3;7.258464754790753;0.836812810035557;0.95652174949646;0.953917384147644;0.2763471305370331;0.27927953004837036;-0.07921229302883148;0.9497422575950623;0.6928637623786926;0.542262613773346
64;3;1;9.809673536064487;0.9999430038890438;0.9573268890380859;0.9540013074874878;0.2751806974411011;0.2787415087223053;0.09843572229146957;0.6568074226379395;0.5222268104553223;0.5385788083076477
64;3;2;9.808421402946575;0.9999430038893244;0.9573268890380859;0.9540013074874878;0.2751806974411011;0.2787415087223053;0.2864682078361511;0.45376095175743103;0.4203227162361145;0.3193870186805725
64;3;3;7.2809059237838;0.8533023034600298;0.9573268890380859;0.9540013074874878;0.2751806974411011;0.2787415087223053;-0.08067794889211655;0.9504452347755432;0.6929990649223328;0.542453944683075
65;3;1;9.810038261059205;0.9999430038890438;0.9573268890380859;0.9540802836418152;0.27370429039001465;0.2782329320907593;0.0972655713558197;0.6573283076286316;0.5239728093147278;0.5388320088386536
65;3;2;9.808388712007456;0.9999430038893244;0.9573268890380859;0.9540802836418152;0.27370429039001465;0.2782329320907593;0.28717511892318726;0.4542364478111267;0.42063963413238525;0.31916171312332153
65;3;3;7.289740078147435;0.8379301189312862;0.9573268890380859;0.9540802836418152;0.27370429039001465;0.2782329320907593;-0.08204778283834457;0.9510835409164429;0.6931200623512268;0.5426250696182251
66;3;1;9.810595066427389;0.9999430038890367;0.9573268890380859;0.9542186260223389;0.27257367968559265;0.277822345495224;0.09588652104139328;0.6578462719917297;0.5255664587020874;0.5389795303344727
66;3;2;9.80878896004333;0.9999430038893209;0.9573268890380859;0.9542186260223389;0.27257367968559265;0.277822345495224;0.2877562642097473;0.45468392968177795;0.4208027720451355;0.3195110261440277
66;3;3;7.317862235031345;0.8460814451918868;0.9573268890380859;0.9542186260223389;0.27257367968559265;0.277822345495224;-0.08295518159866333;0.9516501426696777;0.6934496164321899;0.5430911183357239
67;3;1;9.810628065855262;0.9999430038890225;0.9581320285797119;0.9543617963790894;0.27204152941703796;0.27735528349876404;0.09430152177810669;0.6583822965621948;0.5269580483436584;0.539055347442627
67;3;2;9.80885344566525;0.9999430038893315;0.9581320285797119;0.9543617963790894;0.27204152941703796;0.27735528349876404;0.28819385170936584;0.45512935519218445;0.4207784831523895;0.32056543231010437
67;3;3;7.317465014426613;0.8422504136043241;0.9581320285797119;0.9543617963790894;0.27204152941703796;0.27735528349876404;-0.08333569765090942;0.95217365026474;0.6940385699272156;0.5439240336418152
68;3;1;9.810660863746264;0.9999430038890438;0.9577294588088989;0.9545149207115173;0.2721163034439087;0.27675342559814453;0.09256080538034439;0.6589859127998352;0.5282191634178162;0.539076566696167
68;3;2;9.80893908955457;0.9999430038893209;0.9577294588088989;0.9545149207115173;0.2721163034439087;0.27675342559814453;0.28855299949645996;0.4556192457675934;0.420651912689209;0.32199227809906006
68;3;3;7.31357836502527;0.8329277738501268;0.9577294588088989;0.9545149207115173;0.2721163034439087;0.27675342559814453;-0.08343946933746338;0.952721893787384;0.6947596073150635;0.5449437499046326
69;3;1;9.810693293699629;0.9999430038890296;0.9585345983505249;0.954702615737915;0.27262458205223083;0.2761438488960266;0.09073858708143234;0.6597179174423218;0.5294575095176697;0.539070725440979
69;3;2;9.809043698404604;0.9999430038893173;0.9585345983505249;0.954702615737915;0.27262458205223083;0.2761438488960266;0.2889396846294403;0.4562023878097534;0.4205665588378906;0.32323184609413147
69;3;3;7.334684980141736;0.8441359997289943;0.9585345983505249;0.954702615737915;0.27262458205223083;0.2761438488960266;-0.0836700052022934;0.9533746242523193;0.6953985691070557;0.5458473563194275
70;3;1;9.810725912879164;0.9999430038890438;0.9581320285797119;0.95488041639328;0.2731596529483795;0.27561402320861816;0.0888945683836937;0.6606255173683167;0.5307295322418213;0.539084255695343
70;3;2;9.809147438021196;0.999943003889328;0.9581320285797119;0.95488041639328;0.2731596529483795;0.27561402320861816;0.28943973779678345;0.45691001415252686;0.42063626646995544;0.3238377273082733
70;3;3;7.351072590660014;0.8548800724536321;0.9581320285797119;0.95488041639328;0.2731596529483795;0.27561402320861816;-0.0843518003821373;0.9541887044906616;0.6957850456237793;0.5463939309120178
71;3;1;9.810758977316432;0.9999430038890154;0.9581320285797119;0.9550384283065796;0.2732321619987488;0.2750825881958008;0.08705808967351913;0.6617196202278137;0.5320115089416504;0.5391669869422913
71;3;2;9.808619754560237;0.9999430038893031;0.9581320285797119;0.9550384283065796;0.2732321619987488;0.2750825881958008;0.29007500410079956;0.4577460289001465;0.42088383436203003;0.3237241506576538
71;3;3;7.337469281736629;0.8454102044706104;0.9581320285797119;0.9550384283065796;0.2732321619987488;0.2750825881958008;-0.08556076139211655;0.9551787972450256;0.6958873867988586;0.5465386509895325
72;3;1;9.810792579871915;0.9999430038890296;0.9585345983505249;0.9552359580993652;0.27266377210617065;0.27448105812072754;0.08523149788379669;0.6629716753959656;0.5332347750663757;0.5393327474594116
72;3;2;9.808735545254557;0.9999430038893173;0.9585345983505249;0.9552359580993652;0.27266377210617065;0.27448105812072754;0.29079604148864746;0.4586917459964752;0.42123112082481384;0.323199987411499
72;3;3;7.327641816577227;0.8424141373783876;0.9585345983505249;0.9552359580993652;0.27266377210617065;0.27448105812072754;-0.08710148185491562;0.9563188552856445;0.6958246827125549;0.5464499592781067
73;3;1;9.810857218693705;0.9999430038890367;0.9589371681213379;0.955463171005249;0.27173319458961487;0.27388039231300354;0.08339466899633408;0.6643357872962952;0.5342723727226257;0.5396094918251038
73;3;2;9.809759724764245;0.9999430038893315;0.9589371681213379;0.955463171005249;0.27173319458961487;0.27388039231300354;0.29151302576065063;0.45971789956092834;0.4215432107448578;0.32278716564178467
73;3;3;7.320149208462555;0.8461233026834787;0.9589371681213379;0.955463171005249;0.27173319458961487;0.27388039231300354;-0.08863073587417603;0.9575604200363159;0.6957969665527344;0.5464107990264893
74;3;1;9.810890601305047;0.9999430038890296;0.9593397974967957;0.955700159072876;0.2708768844604492;0.2733440697193146;0.08152484148740768;0.6657747626304626;0.5349783301353455;0.5400568246841431
74;3;2;9.809896261047719;0.999943003889328;0.9593397974967957;0.955700159072876;0.2708768844604492;0.2733440697193146;0.2921467125415802;0.46079936623573303;0.4217028319835663;0.3229367434978485
74;3;3;7.323634766084533;0.8493000659573511;0.9593397974967957;0.955700159072876;0.2708768844604492;0.2733440697193146;-0.08984973281621933;0.9588606357574463;0.695977509021759;0.546666145324707
75;3;1;9.810923317878448;0.9999430038890367;0.9593397974967957;0.9558483362197876;0.27035510540008545;0.2728123366832733;0.07961880415678024;0.6672754287719727;0.535274863243103;0.5407304763793945
75;3;2;9.81001584307429;0.9999430038893173;0.9593397974967957;0.9558483362197876;0.27035510540008545;0.2728123366832733;0.2926699221134186;0.46192842721939087;0.42166805267333984;0.32380756735801697
75;3;3;7.332877219054415;0.8472638687225533;0.9593397974967957;0.9558483362197876;0.27035510540008545;0.2728123366832733;-0.09065710008144379;0.9602053761482239;0.6964274644851685;0.5473024845123291
76;3;1;9.810955112206294;0.9999430038890296;0.9593397378921509;0.9559965133666992;0.2702042758464813;0.2722245454788208;0.07770466804504395;0.6688522100448608;0.5352067947387695;0.5416325926780701
76;3;2;9.810139913362253;0.9999430038893315;0.9593397378921509;0.9559965133666992;0.2702042758464813;0.2722245454788208;0.293117880821228;0.46311721205711365;0.4214869439601898;0.32521718740463257
76;3;3;7.335374999534514;0.848269402646034;0.9593397378921509;0.9559965133666992;0.2702042758464813;0.2722245454788208;-0.09118330478668213;0.9616163372993469;0.6970770955085754;0.5482211709022522
77;3;1;9.810986106738696;0.9999430038890296;0.9593397378921509;0.9561396837234497;0.27030104398727417;0.2716178596019745;0.07582228630781174;0.6705388426780701;0.534868061542511;0.5427579283714294
77;3;2;9.810261939696645;0.999943003889328;0.9593397378921509;0.9561396837234497;0.27030104398727417;0.2716178596019745;0.2935635447502136;0.4643881320953369;0.4212617576122284;0.3267780840396881
77;3;3;7.33446248698908;0.8432894282782399;0.9593397378921509;0.9561396837234497;0.27030104398727417;0.2716178596019745;-0.09169676154851913;0.9631360769271851;0.6977787613868713;0.5492134690284729
78;3;1;9.811016792074206;0.9999430038890438;0.9601448774337769;0.9563027024269104;0.27037331461906433;0.2710360586643219;0.07400848716497421;0.6723697781562805;0.5343847274780273;0.5440492033958435
78;3;2;9.810377355018122;0.9999430038893244;0.9601448774337769;0.9563027024269104;0.27037331461906433;0.2710360586643219;0.2940742075443268;0.46576181054115295;0.42108774185180664;0.3281298279762268
78;3;3;7.3392185892932424;0.8435558698892986;0.9601448774337769;0.9563027024269104;0.27037331461906433;0.2710360586643219;-0.09244495630264282;0.9648056030273438;0.6983957886695862;0.5500860810279846
79;3;1;9.811046977085219;0.9999430038890651;0.9605475068092346;0.9565397500991821;0.2701057493686676;0.2704514265060425;0.0722765326499939;0.6743630170822144;0.5338572859764099;0.5454240441322327
79;3;2;9.810481459672282;0.9999430038893138;0.9605475068092346;0.9565397500991821;0.2701057493686676;0.2704514265060425;0.29467514157295227;0.46724894642829895;0.421001672744751;0.3291345536708832
79;3;3;7.340923146064847;0.8445860712095001;0.9605475068092346;0.9565397500991821;0.2701057493686676;0.2704514265060425;-0.09352092444896698;0.9666467308998108;0.6988766193389893;0.5507660508155823
80;3;1;9.811077377590692;0.9999430038890438;0.9605475068092346;0.9567521810531616;0.26936373114585876;0.2698265314102173;0.07060878723859787;0.6765159964561462;0.5332531332969666;0.5468897819519043
80;3;2;9.810574210959444;0.9999430038893244;0.9605475068092346;0.9567521810531616;0.26936373114585876;0.2698265314102173;0.2953391969203949;0.4688490629196167;0.42096710205078125;0.3299318552017212
80;3;3;7.335919984888875;0.8348564873675297;0.9605475068092346;0.9567521810531616;0.26936373114585876;0.2698265314102173;-0.09482733905315399;0.9686582684516907;0.6992747187614441;0.5513290762901306
81;3;1;9.811107996421086;0.9999430038890083;0.9597423672676086;0.9569694399833679;0.26829275488853455;0.269186407327652;0.06897176802158356;0.6788088083267212;0.5325028300285339;0.5484601259231567
81;3;2;9.81065933001986;0.9999430038893351;0.9597423672676086;0.9569694399833679;0.26829275488853455;0.269186407327652;0.2960057854652405;0.47055521607398987;0.42090150713920593;0.3308320939540863
81;3;3;7.3253338434953665;0.8366850274179054;0.9597423672676086;0.9569694399833679;0.26829275488853455;0.269186407327652;-0.09614954888820648;0.9708232879638672;0.699707567691803;0.5519412159919739
82;3;1;9.810088920216188;0.9999430038890296;0.9605475068092346;0.9571570754051208;0.2671879827976227;0.268568217754364;0.06733224540948868;0.68121737241745;0.5315893888473511;0.5500985980033875
82;3;2;9.809925504152321;0.9999430038893138;0.9605475068092346;0.9571570754051208;0.2671879827976227;0.268568217754364;0.29661789536476135;0.472360759973526;0.4207281470298767;0.332120805978775
82;3;3;7.33637524145696;0.8428409574795293;0.9605475068092346;0.9571570754051208;0.2671879827976227;0.268568217754364;-0.09728872776031494;0.9731243848800659;0.700282633304596;0.5527544617652893
83;3;1;9.810118615864575;0.9999430038890367;0.9613525867462158;0.9573596119880676;0.26628658175468445;0.26795879006385803;0.06567279249429703;0.6837304830551147;0.530503511428833;0.5518032908439636
83;3;2;9.809988890870397;0.9999430038893102;0.9613525867462158;0.9573596119880676;0.26628658175468445;0.26795879006385803;0.29715439677238464;0.4742647707462311;0.42042142152786255;0.3338930904865265
83;3;3;7.334199797598561;0.8416121486908494;0.9613525867462158;0.9573596119880676;0.26628658175468445;0.26795879006385803;-0.09817429631948471;0.9755568504333496;0.7010353207588196;0.553818941116333
84;3;1;9.810148524990247;0.9999430038890438;0.9613525867462158;0.9574830532073975;0.26566454768180847;0.26732882857322693;0.06399821490049362;0.686355471611023;0.5293017625808716;0.5535470843315125
84;3;2;9.810055254242037;0.9999430038893209;0.9613525867462158;0.9574830532073975;0.26566454768180847;0.26732882857322693;0.29763978719711304;0.47627320885658264;0.4200201630592346;0.3360048532485962
84;3;3;7.349250858346396;0.8589399400677671;0.9613525867462158;0.9574830532073975;0.26566454768180847;0.26732882857322693;-0.09889652580022812;0.9781314730644226;0.7019110918045044;0.5550574660301208
85;3;1;9.810178342929802;0.9999430038890438;0.9617551565170288;0.9575966596603394;0.26525208353996277;0.2666986882686615;0.06233333423733711;0.6891105771064758;0.5281128883361816;0.5552429556846619
85;3;2;9.81012267722944;0.9999430038893315;0.9617551565170288;0.9575966596603394;0.26525208353996277;0.2666986882686615;0.2981269955635071;0.4783933162689209;0.4196028709411621;0.33816492557525635
85;3;3;7.33570503336291;0.8527188588408166;0.9617551565170288;0.9575966596603394;0.26525208353996277;0.2666986882686615;-0.09964346885681152;0.9808657765388489;0.7028009295463562;0.5563158988952637
86;3;1;9.810208629711688;0.9999430038890509;0.9617552161216736;0.9577645659446716;0.26486721634864807;0.26609542965888977;0.060694076120853424;0.6920106410980225;0.5269991755485535;0.5568723678588867
86;3;2;9.810189819234886;0.9999430038893138;0.9617552161216736;0.9577645659446716;0.26486721634864807;0.26609542965888977;0.29866480827331543;0.48062586784362793;0.4192427098751068;0.34010550379753113
86;3;3;7.31299262712211;0.8408457736820285;0.9617552161216736;0.9577645659446716;0.26486721634864807;0.26609542965888977;-0.10058455169200897;0.9837689995765686;0.7036057710647583;0.5574541091918945
87;3;1;9.810239624051746;0.9999430038890438;0.9613526463508606;0.9579769372940063;0.26428818702697754;0.2655002474784851;0.05908426269888878;0.6950517296791077;0.525969386100769;0.5584421157836914
87;3;2;9.810254925039434;0.9999430038893138;0.9613526463508606;0.9579769372940063;0.26428818702697754;0.2655002474784851;0.29926958680152893;0.4829617142677307;0.41896677017211914;0.34172695875167847
87;3;3;7.301060639671423;0.8585880132134829;0.9613526463508606;0.9579769372940063;0.26428818702697754;0.2655002474784851;-0.10177521407604218;0.9868325591087341;0.7042892575263977;0.558420717716217
88;3;1;9.810271566048016;0.999943003889058;0.9613526463508606;0.9581398963928223;0.26342254877090454;0.2648993730545044;0.057500194758176804;0.6982061266899109;0.5250471234321594;0.5599020719528198
88;3;2;9.810317123042946;0.9999430038893315;0.9613526463508606;0.9581398963928223;0.26342254877090454;0.2648993730545044;0.2999182641506195;0.4853822886943817;0.4187474846839905;0.3431321084499359
88;3;3;7.322247156353509;0.847168405571205;0.9613526463508606;0.9581398963928223;0.26342254877090454;0.2648993730545044;-0.10313495248556137;0.9900290966033936;0.7048897743225098;0.5592699646949768
89;3;1;9.810303883773344;0.999943003889058;0.9613526463508606;0.9582436084747314;0.2623930275440216;0.2643067538738251;0.0559220090508461;0.7014303207397461;0.524165689945221;0.5612910985946655
89;3;2;9.81037633801203;0.9999430038893067;0.9613526463508606;0.9582436084747314;0.2623930275440216;0.2643067538738251;0.3005644679069519;0.4878635108470917;0.4185243546962738;0.3445435166358948
89;3;3;7.324867942764357;0.8473998232095639;0.9613526463508606;0.9582436084747314;0.2623930275440216;0.2643067538738251;-0.10450377315282822;0.9933196902275085;0.705489456653595;0.5601180791854858
90;3;1;9.8103363111057;0.9999430038890438;0.9621577858924866;0.9583374261856079;0.2614310681819916;0.2637364864349365;0.05433342605829239;0.7046806812286377;0.5232643485069275;0.5626481771469116
90;3;2;9.810433641107672;0.9999430038893351;0.9621577858924866;0.9583374261856079;0.2614310681819916;0.2637364864349365;0.3011668622493744;0.4903815984725952;0.41824421286582947;0.3461565673351288
90;3;3;7.308611934143178;0.8468723771017039;0.9621577858924866;0.9583374261856079;0.2614310681819916;0.2637364864349365;-0.10574100911617279;0.9966657161712646;0.7061597108840942;0.5610659122467041
91;3;1;9.81036754316655;0.9999430038890225;0.9621577858924866;0.9584805965423584;0.26068753004074097;0.2631823420524597;0.05273545905947685;0.7079297304153442;0.5223842859268188;0.5639162659645081
91;3;2;9.810488776097866;0.9999430038893244;0.9621577858924866;0.9584805965423584;0.26068753004074097;0.2631823420524597;0.30171263217926025;0.4929178059101105;0.4178929328918457;0.34802234172821045
91;3;3;7.336297696531803;0.8671426234828701;0.9621577858924866;0.9584805965423584;0.26068753004074097;0.2631823420524597;-0.10680323839187622;1.0000391006469727;0.7069187760353088;0.5621393918991089
92;3;1;9.810397078171725;0.9999430038890296;0.9621577858924866;0.9585399627685547;0.26020801067352295;0.26263564825057983;0.051139604300260544;0.7111666798591614;0.5215271711349487;0.5651177763938904
92;3;2;9.810544063914485;0.9999430038893209;0.9621577858924866;0.9585399627685547;0.26020801067352295;0.26263564825057983;0.3022216558456421;0.4954587519168854;0.41750162839889526;0.3500278890132904
92;3;3;7.292115774651069;0.8543986922878339;0.9621577858924866;0.9585399627685547;0.26020801067352295;0.26263564825057983;-0.10775582492351532;1.0034232139587402;0.7077254056930542;0.5632801651954651
93;3;1;9.81042594398577;0.9999430038890083;0.9621577858924866;0.9586091041564941;0.2599104344844818;0.2621062994003296;0.04956618696451187;0.7143925428390503;0.5207130312919617;0.5662651658058167
93;3;2;9.810603628442355;0.9999430038893351;0.9621577858924866;0.9586091041564941;0.2599104344844818;0.2621062994003296;0.30273133516311646;0.4979941248893738;0.4171251654624939;0.35197433829307556
93;3;3;7.278903611848206;0.8450870000934252;0.9621577858924866;0.9586091041564941;0.2599104344844818;0.2621062994003296;-0.10872086137533188;1.0068086385726929;0.7085079550743103;0.5643868446350098
94;3;1;9.81045427344283;0.9999430038890225;0.9625604152679443;0.9587275981903076;0.25962939858436584;0.26160362362861633;0.04803191497921944;0.7176072597503662;0.5199539065361023;0.5673710703849792
94;3;2;9.810669221649725;0.9999430038893209;0.9625604152679443;0.9587275981903076;0.25962939858436584;0.26160362362861633;0.30327168107032776;0.5005136132240295;0.41680774092674255;0.3537014126777649
94;3;3;7.272557089677857;0.8531407776522144;0.9625604152679443;0.9587275981903076;0.25962939858436584;0.26160362362861633;-0.10979553312063217;1.0101847648620605;0.7092090249061584;0.5653783082962036
95;3;1;9.81048292984368;0.9999430038890367;0.9621577858924866;0.9588412046432495;0.2592112720012665;0.261120080947876;0.04654138162732124;0.7208002209663391;0.5192440748214722;0.568446934223175
95;3;2;9.810741011684662;0.9999430038893351;0.9621577858924866;0.9588412046432495;0.2592112720012665;0.261120080947876;0.3038475811481476;0.5030049085617065;0.4165586829185486;0.3551769256591797
95;3;3;7.263583907818841;0.8490161449388332;0.9621577858924866;0.9588412046432495;0.2592112720012665;0.261120080947876;-0.11099325120449066;1.0135364532470703;0.7098178267478943;0.5662392973899841
96;3;1;9.810512247137645;0.9999430038890367;0.9629629254341125;0.9589449167251587;0.25861942768096924;0.2606498599052429;0.04508780315518379;0.7239484786987305;0.5185426473617554;0.5695251822471619
96;3;2;9.81003112753909;0.9999430038893244;0.9629629254341125;0.9589449167251587;0.25861942768096924;0.2606498599052429;0.3044367730617523;0.5054553747177124;0.41634947061538696;0.3565042316913605
96;3;3;7.2482878300715505;0.8583269352254845;0.9629629254341125;0.9589449167251587;0.25861942768096924;0.2606498599052429;-0.11224079132080078;1.0168434381484985;0.7103715538978577;0.5670223832130432
97;3;1;9.810541488325683;0.9999430038890367;0.9629629254341125;0.9590190052986145;0.2579495310783386;0.2602018117904663;0.043658602982759476;0.7270245552062988;0.5177994966506958;0.5706427693367004
97;3;2;9.809425836943884;0.9999430038893102;0.9629629254341125;0.9590190052986145;0.2579495310783386;0.2602018117904663;0.30500543117523193;0.5078542828559875;0.4161354899406433;0.35784485936164856
97;3;3;7.225700888829357;0.8530125471082659;0.9629629254341125;0.9590190052986145;0.2579495310783386;0.2602018117904663;-0.11342873424291611;1.0200865268707275;0.7109277248382568;0.5678089261054993
98;3;1;9.810570441787114;0.9999430038890651;0.9621577858924866;0.9590930938720703;0.2573469579219818;0.2597792446613312;0.042244601994752884;0.7300087809562683;0.5169767141342163;0.5718303918838501
98;3;2;9.810404202039873;0.9999430038893244;0.9621577858924866;0.9590930938720703;0.2573469579219818;0.2597792446613312;0.3055293560028076;0.5101947784423828;0.41588544845581055;0.35931268334388733
98;3;3;7.210612413316262;0.8498045040053341;0.9621577858924866;0.9590930938720703;0.2573469579219818;0.2597792446613312;-0.11447972059249878;1.0232528448104858;0.7115268111228943;0.5686561465263367
99;3;1;9.810598201678218;0.9999430038890367;0.9629629254341125;0.9592560529708862;0.2569076716899872;0.25937438011169434;0.040845584124326706;0.7328972816467285;0.5160631537437439;0.5731048583984375
99;3;2;9.809662788251384;0.9999430038893315;0.9629629254341125;0.9592560529708862;0.2569076716899872;0.25937438011169434;0.306007444858551;0.5124759674072266;0.415599524974823;0.36090680956840515
99;3;3;7.211924322197868;0.8515863976549891;0.9629629254341125;0.9592560529708862;0.2569076716899872;0.25937438011169434;-0.11539237201213837;1.0263400077819824;0.7121681571006775;0.5695631504058838
100;3;1;9.810624810099611;0.9999430038890154;0.9633654952049255;0.9593548774719238;0.2566319406032562;0.25898489356040955;0.03947025537490845;0.7357015013694763;0.515072762966156;0.5744685530662537
100;3;2;9.808925746193527;0.9999430038893351;0.9633654952049255;0.9593548774719238;0.2566319406032562;0.25898489356040955;0.306460976600647;0.5147013664245605;0.4153080880641937;0.3625178635120392
100;3;3;7.199367828866105;0.8551657707922384;0.9633654952049255;0.9593548774719238;0.2566319406032562;0.25898489356040955;-0.11623561382293701;1.0293549299240112;0.7128133177757263;0.5704755187034607
101;3;1;9.810650324280012;0.9999430038890509;0.9629629254341125;0.9594832062721252;0.256430059671402;0.258618026971817;0.038126494735479355;0.7384394407272339;0.5140290260314941;0.5759153962135315
101;3;2;9.807650348044927;0.999943003889328;0.9629629254341125;0.9594832062721252;0.256430059671402;0.258618026971817;0.30691808462142944;0.5168766379356384;0.4150506854057312;0.3640027940273285
101;3;3;7.215157378345857;0.8619075077146974;0.9629629254341125;0.9594832062721252;0.256430059671402;0.258618026971817;-0.11710070073604584;1.0323076248168945;0.7134121656417847;0.5713224411010742
102;3;1;9.810675714397021;0.9999430038890367;0.9637680649757385;0.9595622420310974;0.2561728358268738;0.2582721710205078;0.03682054206728935;0.7411244511604309;0.5129444003105164;0.57744300365448
102;3;2;9.806691417359133;0.9999430038893351;0.9637680649757385;0.9595622420310974;0.2561728358268738;0.2582721710205078;0.30739647150039673;0.5190064311027527;0.41485199332237244;0.3652721345424652
102;3;3;7.20679248351704;0.8687744422367931;0.9637680649757385;0.9595622420310974;0.2561728358268738;0.2582721710205078;-0.11804437637329102;1.0352067947387695;0.7139336466789246;0.5720599293708801
103;3;1;9.810700817279304;0.9999430038890154;0.9641706943511963;0.9596116542816162;0.25577259063720703;0.25794070959091187;0.03554734215140343;0.7437578439712524;0.5118021368980408;0.5790720582008362
103;3;2;9.807356326067548;0.9999430038893315;0.9641706943511963;0.9596116542816162;0.25577259063720703;0.25794070959091187;0.3078930974006653;0.5210940837860107;0.41470861434936523;0.36633792519569397
103;3;3;7.1849182598105905;0.8545045497607511;0.9641706943511963;0.9596116542816162;0.25577259063720703;0.25794070959091187;-0.1190587729215622;1.0380569696426392;0.7143821716308594;0.5726942420005798
104;3;1;9.810725681533178;0.9999430038890154;0.9641706943511963;0.9596165418624878;0.25523748993873596;0.25762271881103516;0.03429727628827095;0.7463312745094299;0.510581910610199;0.5808168053627014
104;3;2;9.808664707071177;0.9999430038893351;0.9641706943511963;0.9596165418624878;0.25523748993873596;0.25762271881103516;0.3083885610103607;0.5231413841247559;0.41459473967552185;0.3672935366630554
104;3;3;7.217948346340162;0.8728634339498456;0.9641706943511963;0.9596165418624878;0.25523748993873596;0.25762271881103516;-0.12008440494537354;1.040858507156372;0.714790403842926;0.5732715725898743
105;3;1;9.81074914185539;0.9999430038890509;0.9641706943511963;0.9596363306045532;0.25465989112854004;0.25732138752937317;0.03305957466363907;0.748834490776062;0.5092622637748718;0.5826924443244934
105;3;2;9.8103567592471;0.9999430038893173;0.9641706943511963;0.9596363306045532;0.25465989112854004;0.25732138752937317;0.3088606297969818;0.5251500606536865;0.4144803285598755;0.36824530363082886
105;3;3;7.199906957608373;0.859865205447063;0.9641706943511963;0.9596363306045532;0.25465989112854004;0.25732138752937317;-0.12105431407690048;1.0436112880706787;0.7151951193809509;0.5738439559936523
106;3;1;9.810771114552608;0.9999430038890509;0.9641706943511963;0.9596116542816162;0.25414159893989563;0.2570377588272095;0.031828176230192184;0.7512651085853577;0.5078548789024353;0.5846792459487915
106;3;2;9.811215115404796;0.9999430038893102;0.9641706943511963;0.9596116542816162;0.25414159893989563;0.2570377588272095;0.30929940938949585;0.5271226167678833;0.4143521785736084;0.36924099922180176
106;3;3;7.223336528788657;0.8692617467476325;0.9641706943511963;0.9596116542816162;0.25414159893989563;0.2570377588272095;-0.12193910777568817;1.046317458152771;0.7156128287315369;0.5744346976280212
107;3;1;9.810790902850115;0.9999430038890225;0.9641706943511963;0.959670901298523;0.25382018089294434;0.2567688822746277;0.030607271939516068;0.7536320090293884;0.5064101219177246;0.5867198705673218
107;3;2;9.811383100636412;0.999943003889328;0.9641706943511963;0.959670901298523;0.25382018089294434;0.2567688822746277;0.309712678194046;0.5290623307228088;0.41422057151794434;0.3702436089515686
107;3;3;7.214211702731864;0.8593338379884248;0.9641706943511963;0.959670901298523;0.25382018089294434;0.2567688822746277;-0.12276332080364227;1.04898202419281;0.7160307765007019;0.575025737285614
108;3;1;9.810808352393607;0.9999430038890438;0.9641706943511963;0.9597251415252686;0.2536022961139679;0.25651851296424866;0.029404891654849052;0.7559493184089661;0.5049707889556885;0.5887710452079773
108;3;2;9.811425036562575;0.9999430038893387;0.9641706943511963;0.9597251415252686;0.2536022961139679;0.25651851296424866;0.31011927127838135;0.5309721231460571;0.4141107499599457;0.37116295099258423
108;3;3;7.203448055996869;0.8554244639996913;0.9641706943511963;0.9597251415252686;0.2536022961139679;0.25651851296424866;-0.12358500808477402;1.0516109466552734;0.7164182066917419;0.5755736231803894
109;3;1;9.810824075192222;0.9999430038890225;0.9641706943511963;0.959720253944397;0.25339946150779724;0.2562856674194336;0.028227567672729492;0.7582273483276367;0.5035554766654968;0.5908188819885254
109;3;2;9.811449173229374;0.9999430038893244;0.9641706943511963;0.959720253944397;0.25339946150779724;0.2562856674194336;0.31053611636161804;0.5328530669212341;0.41404470801353455;0.37191975116729736
109;3;3;7.1929473128260035;0.8564515529074068;0.9641706943511963;0.959720253944397;0.25339946150779724;0.2562856674194336;-0.1244555339217186;1.0542073249816895;0.7167479991912842;0.5760400295257568
110;3;1;9.81083869255179;0.9999430038890225;0.9641706943511963;0.9597993493080139;0.2531271278858185;0.2560647428035736;0.02707737684249878;0.7604668736457825;0.5021638870239258;0.5928662419319153
110;3;2;9.811464455972374;0.9999430038893315;0.9641706943511963;0.9597993493080139;0.2531271278858185;0.2560647428035736;0.31096765398979187;0.53470379114151;0.4140276312828064;0.3724958002567291
110;3;3;7.184485227375623;0.854017443627809;0.9641706943511963;0.9597993493080139;0.2531271278858185;0.2560647428035736;-0.1253873109817505;1.0567702054977417;0.7170142531394958;0.576416552066803
111;3;1;9.810852179310523;0.9999430038890793;0.9645732641220093;0.9598536491394043;0.25282150506973267;0.2558530867099762;0.025952696800231934;0.7626582980155945;0.5007762312889099;0.5949318408966064
111;3;2;9.811465160671158;0.9999430038893102;0.9645732641220093;0.9598536491394043;0.25282150506973267;0.2558530867099762;0.31140387058258057;0.5365209579467773;0.41404491662979126;0.3729435205459595
111;3;3;7.200713856114438;0.8626447439136307;0.9645732641220093;0.9598536491394043;0.25282150506973267;0.2558530867099762;-0.12634865939617157;1.0592942237854004;0.7172350287437439;0.5767287611961365
112;3;1;9.810864412475148;0.9999430038890367;0.9645732641220093;0.9598783254623413;0.25248903036117554;0.2556506395339966;0.024849390611052513;0.7647873163223267;0.49936768412590027;0.597038209438324
112;3;2;9.811436221373508;0.9999430038893209;0.9645732641220093;0.9598783254623413;0.25248903036117554;0.2556506395339966;0.31182780861854553;0.538300633430481;0.4140723645687103;0.37334832549095154
112;3;3;7.199587725915849;0.8805394237374475;0.9645732641220093;0.9598783254623413;0.25248903036117554;0.2556506395339966;-0.1272876262664795;1.061772108078003;0.7174392938613892;0.5770176649093628
113;3;1;9.810875392986738;0.9999430038890296;0.9645732641220093;0.9598981142044067;0.2521481513977051;0.2554589509963989;0.02376498095691204;0.7668460011482239;0.49795347452163696;0.5991562604904175
113;3;2;9.811385394206038;0.9999430038893458;0.9645732641220093;0.9598981142044067;0.2521481513977051;0.2554589509963989;0.31222712993621826;0.5400390625;0.41409188508987427;0.37377363443374634
113;3;3;7.186669484830386;0.8729215121358251;0.9645732641220093;0.9598981142044067;0.2521481513977051;0.2554589509963989;-0.12816624343395233;1.0641974210739136;0.717648446559906;0.5773134231567383
114;3;1;9.810884345037245;0.999943003889058;0.9649758338928223;0.9599227905273438;0.25189006328582764;0.2552858293056488;0.02270602062344551;0.768836259841919;0.4965815246105194;0.6012190580368042
114;3;2;9.811352848266736;0.9999430038893315;0.9649758338928223;0.9599227905273438;0.25189006328582764;0.2552858293056488;0.3126010298728943;0.5417332053184509;0.4141010642051697;0.3742276132106781
114;3;3;7.173463478137823;0.8609954676471681;0.9649758338928223;0.9599227905273438;0.25189006328582764;0.2552858293056488;-0.12898141145706177;1.0665656328201294;0.7178652286529541;0.5776200294494629
115;3;1;9.81089212113882;0.9999430038890154;0.9649758338928223;0.9599623084068298;0.2517243027687073;0.2551272511482239;0.021678078919649124;0.7707602381706238;0.4952532947063446;0.6032293438911438
115;3;2;9.811363857856104;0.9999430038893067;0.9649758338928223;0.9599623084068298;0.2517243027687073;0.2551272511482239;0.3129595220088959;0.5433804392814636;0.4141119122505188;0.37466806173324585
115;3;3;7.179566674084516;0.8590444621561542;0.9649758338928223;0.9599623084068298;0.2517243027687073;0.2551272511482239;-0.12976078689098358;1.068873643875122;0.7180755138397217;0.5779173970222473
116;3;1;9.810899182395865;0.9999430038890296;0.9649758338928223;0.9600067138671875;0.2516002953052521;0.25497835874557495;0.02068924903869629;0.7726210951805115;0.4939645230770111;0.6051999926567078
116;3;2;9.811398624666435;0.9999430038893102;0.9649758338928223;0.9600067138671875;0.2516002953052521;0.25497835874557495;0.31331536173820496;0.5449783205986023;0.4141402244567871;0.375039666891098
116;3;3;7.174359623400717;0.8619352476806945;0.9649758338928223;0.9600067138671875;0.2516002953052521;0.25497835874557495;-0.13054049015045166;1.0711199045181274;0.7182609438896179;0.578179657459259
117;3;1;9.810905258319927;0.9999430038890083;0.9649758338928223;0.9600412845611572;0.2514508068561554;0.2548457980155945;0.01974787749350071;0.7744303345680237;0.4927990436553955;0.6070181727409363
117;3;2;9.81142858641769;0.999943003889328;0.9649758338928223;0.9600412845611572;0.2514508068561554;0.2548457980155945;0.3136751651763916;0.5465246438980103;0.4141934812068939;0.37531667947769165
117;3;3;7.162695245348335;0.8548613488065282;0.9649758338928223;0.9600412845611572;0.2514508068561554;0.2548457980155945;-0.1313379406929016;1.0733015537261963;0.7184130549430847;0.5783947706222534
118;3;1;9.810911716166466;0.9999430038890296;0.9649758338928223;0.9600461721420288;0.25125569105148315;0.2547263205051422;0.01885063759982586;0.7761781215667725;0.4917050302028656;0.6087497472763062
118;3;2;9.811445696822265;0.9999430038893315;0.9649758338928223;0.9600461721420288;0.25125569105148315;0.2547263205051422;0.3140345811843872;0.5480166077613831;0.4142645597457886;0.37552469968795776
118;3;3;7.1689063779151745;0.859477847452311;0.9649758338928223;0.9600461721420288;0.25125569105148315;0.2547263205051422;-0.13213905692100525;1.0754145383834839;0.7185405492782593;0.578575074672699
119;3;1;9.810918109436287;0.9999430038890438;0.9649758338928223;0.9600560665130615;0.2510235607624054;0.25461170077323914;0.017994975671172142;0.7778550386428833;0.49065467715263367;0.6104230880737305
119;3;2;9.811450945711698;0.9999430038893173;0.9649758338928223;0.9600560665130615;0.2510235607624054;0.25461170077323914;0.31438225507736206;0.549452543258667;0.4143364429473877;0.3757220506668091
119;3;3;7.169529865769281;0.8559267460906295;0.9649758338928223;0.9600560665130615;0.2510235607624054;0.25461170077323914;-0.13291004300117493;1.0774550437927246;0.7186628580093384;0.5787480473518372
120;3;1;9.810924401733068;0.9999430038890438;0.9649758338928223;0.9601104259490967;0.2508029341697693;0.25450435280799866;0.017177879810333252;0.7794533967971802;0.48962411284446716;0.6120638251304626
120;3;2;9.811459823027203;0.9999430038893244;0.9649758338928223;0.9601104259490967;0.2508029341697693;0.25450435280799866;0.31470808386802673;0.55083167552948;0.4143943786621094;0.3759601414203644
120;3;3;7.166068306129109;0.852617522554107;0.9649758338928223;0.9601104259490967;0.2508029341697693;0.25450435280799866;-0.1336211860179901;1.079420566558838;0.7187970876693726;0.5789378881454468
121;3;1;9.810930490192142;0.9999430038890438;0.9653784036636353;0.9600956439971924;0.2506365180015564;0.25440317392349243;0.01639878749847412;0.7809715270996094;0.4885987341403961;0.6136903166770935
121;3;2;9.811543680319296;0.9999430038893351;0.9653784036636353;0.9600956439971924;0.2506365180015564;0.25440317392349243;0.3150100111961365;0.5521546006202698;0.41443440318107605;0.3762533664703369
121;3;3;7.163530732186366;0.8540167382081005;0.9653784036636353;0.9600956439971924;0.2506365180015564;0.25440317392349243;-0.13426554203033447;1.0813114643096924;0.7189481258392334;0.579151451587677
122;3;1;9.810936579814566;0.9999430038890509;0.9653784036636353;0.9601153135299683;0.25053146481513977;0.2543072998523712;0.0156591534614563;0.7824147343635559;0.4875766932964325;0.6153088212013245
122;3;2;9.811578883913405;0.9999430038893351;0.9653784036636353;0.9601153135299683;0.25053146481513977;0.2543072998523712;0.31529441475868225;0.5534234642982483;0.41446423530578613;0.3765752613544464
122;3;3;7.154773935349805;0.8509702191749948;0.9653784036636353;0.9601153135299683;0.25053146481513977;0.2543072998523712;-0.13486133515834808;1.083131194114685;0.7191072702407837;0.5793765187263489
123;3;1;9.810942271865457;0.999943003889058;0.9649758338928223;0.9601548910140991;0.25045719742774963;0.2542167007923126;0.0149620296433568;0.783791184425354;0.48655763268470764;0.6169261336326599
123;3;2;9.811586965560409;0.9999430038893351;0.9649758338928223;0.9601548910140991;0.25045719742774963;0.2542167007923126;0.3155714273452759;0.5546413064002991;0.4144967496395111;0.37688136100769043
123;3;3;7.154099012031406;0.8552131559843374;0.9649758338928223;0.9601548910140991;0.25045719742774963;0.2542167007923126;-0.1354377120733261;1.084884762763977;0.7192599177360535;0.5795924067497253
124;3;1;9.810948340368903;0.9999430038890296;0.9649758338928223;0.96014004945755;0.25036534667015076;0.25413063168525696;0.014308583922684193;0.7851084470748901;0.48554059863090515;0.6185479164123535
124;3;2;9.811592748674592;0.9999430038893244;0.9649758338928223;0.96014004945755;0.25036534667015076;0.25413063168525696;0.31584808230400085;0.5558119416236877;0.41454076766967773;0.37714123725891113
124;3;3;7.164108429381686;0.8565455139555009;0.9649758338928223;0.96014004945755;0.25036534667015076;0.25413063168525696;-0.136014923453331;1.0865780115127563;0.7193961143493652;0.5797850489616394
125;3;1;9.81095482253619;0.9999430038890296;0.9649758338928223;0.9601499438285828;0.25022268295288086;0.254048228263855;0.013696456328034401;0.7863704562187195;0.4845205843448639;0.6201813220977783
125;3;2;9.811598895510333;0.9999430038893209;0.9649758338928223;0.9601499438285828;0.25022268295288086;0.254048228263855;0.3161243498325348;0.5569393038749695;0.4145957827568054;0.3773573338985443
125;3;3;7.162750848901094;0.8597390183193756;0.9649758338928223;0.9601499438285828;0.25022268295288086;0.254048228263855;-0.13659310340881348;1.0882163047790527;0.7195168137550354;0.5799557566642761
126;3;1;9.810961770865504;0.9999430038890367;0.9649758338928223;0.9602042436599731;0.2500317692756653;0.2539689838886261;0.013120568357408047;0.7875784039497375;0.48348918557167053;0.6218345761299133
126;3;2;9.811606065341156;0.9999430038893315;0.9649758338928223;0.9602042436599731;0.2500317692756653;0.2539689838886261;0.31639423966407776;0.5580278038978577;0.4146532416343689;0.3775594234466553
126;3;3;7.148891723881494;0.8575964769714997;0.9649758338928223;0.9602042436599731;0.2500317692756653;0.2539689838886261;-0.137155681848526;1.0898048877716064;0.7196319103240967;0.5801184773445129
127;3;1;9.810968385420757;0.9999430038890225;0.9649758338928223;0.9601894021034241;0.24982495605945587;0.25389301776885986;0.012575054541230202;0.7887332439422607;0.4824385344982147;0.6235140562057495
127;3;2;9.811612843661372;0.9999430038893173;0.9649758338928223;0.9601894021034241;0.24982495605945587;0.25389301776885986;0.316650927066803;0.5590819120407104;0.4147037863731384;0.37778040766716003
127;3;3;7.151667985284623;0.8562666284027554;0.9649758338928223;0.9601894021034241;0.24982495605945587;0.25389301776885986;-0.13768404722213745;1.091348648071289;0.7197522521018982;0.5802887082099915
128;3;1;9.810974787749672;0.9999430038890296;0.9649758338928223;0.9602091908454895;0.2496389001607895;0.25382000207901;0.012055969797074795;0.7898386716842651;0.48136577010154724;0.6252225637435913
128;3;2;9.811619059876776;0.999943003889328;0.9649758338928223;0.9602091908454895;0.2496389001607895;0.25382000207901;0.3168921172618866;0.5601059198379517;0.4147440791130066;0.3780316710472107
128;3;3;7.156105795857215;0.8551869181730183;0.9649758338928223;0.9602091908454895;0.2496389001607895;0.25382000207901;-0.13817265629768372;1.0928534269332886;0.719881534576416;0.5804715156555176
129;3;1;9.81098076541494;0.9999430038890509;0.9653784036636353;0.9602289795875549;0.2494884431362152;0.25374919176101685;0.011561918072402477;0.7909014225006104;0.48027411103248596;0.6269586086273193
129;3;2;9.811624968017018;0.9999430038893315;0.9653784036636353;0.9602289795875549;0.2494884431362152;0.25374919176101685;0.3171217739582062;0.5611042380332947;0.4147792458534241;0.3782956302165985
129;3;3;7.153568921653859;0.858054467439958;0.9653784036636353;0.9602289795875549;0.2494884431362152;0.25374919176101685;-0.13863343000411987;1.0943249464035034;0.7200139760971069;0.5806588530540466
130;3;1;9.81098606494075;0.9999430038890509;0.9657809734344482;0.9601894617080688;0.24935893714427948;0.2536805272102356;0.01109237689524889;0.7919298410415649;0.4791686236858368;0.6287201046943665
130;3;2;9.811630314423027;0.9999430038893315;0.9657809734344482;0.9601894617080688;0.24935893714427948;0.2536805272102356;0.3173470199108124;0.5620807409286499;0.41481834650039673;0.37853893637657166
130;3;3;7.153172049497213;0.8582623565146736;0.9657809734344482;0.9601894617080688;0.24935893714427948;0.2536805272102356;-0.13908813893795013;1.095768928527832;0.7201384902000427;0.5808349251747131
131;3;1;9.810991462008118;0.9999430038890509;0.9657809734344482;0.9601992964744568;0.24921821057796478;0.253614604473114;0.010645151138305664;0.7929342985153198;0.47807279229164124;0.6304764151573181
131;3;2;9.811635233371973;0.9999430038893138;0.9657809734344482;0.9601992964744568;0.24921821057796478;0.253614604473114;0.3175738453865051;0.5630387663841248;0.41486895084381104;0.3787345588207245
131;3;3;7.1615876545131645;0.8560933754019935;0.9657809734344482;0.9601992964744568;0.24921821057796478;0.253614604473114;-0.1395542323589325;1.097190022468567;0.7202460765838623;0.5809870362281799
132;3;1;9.810996177418254;0.9999430038890296;0.9657809734344482;0.9602289199829102;0.24904416501522064;0.25355279445648193;0.010218620300292969;0.7939179539680481;0.4769863784313202;0.632228672504425
132;3;2;9.811639984471096;0.9999430038893315;0.9657809734344482;0.9602289199829102;0.24904416501522064;0.25355279445648193;0.3178030252456665;0.5639804005622864;0.4149320721626282;0.3788791000843048
132;3;3;7.165011664936056;0.864018621472038;0.9657809734344482;0.9602289199829102;0.24904416501522064;0.25355279445648193;-0.14003455638885498;1.0985909700393677;0.7203356623649597;0.5811137557029724
133;3;1;9.811000669399625;0.9999430038890296;0.9665861129760742;0.9602240324020386;0.24883456528186798;0.25349244475364685;0.009809577837586403;0.7948796153068542;0.47590547800064087;0.6339799165725708
133;3;2;9.811644403390765;0.9999430038893244;0.9665861129760742;0.9602240324020386;0.24883456528186798;0.25349244475364685;0.31803080439567566;0.564906895160675;0.4150024354457855;0.37899139523506165
133;3;3;7.14423993019607;0.8612585793502419;0.9665861129760742;0.9602240324020386;0.24883456528186798;0.25349244475364685;-0.14051805436611176;1.0999730825424194;0.7204135060310364;0.5812238454818726
134;3;1;9.811004453942026;0.9999430038890225;0.9665861129760742;0.9602537155151367;0.24861042201519012;0.25343358516693115;0.00941455364227295;0.795816957950592;0.4748251438140869;0.6357340216636658
134;3;2;9.811648227717775;0.9999430038893209;0.9665861129760742;0.9602537155151367;0.24861042201519012;0.25343358516693115;0.31825196743011475;0.5658189058303833;0.4150727689266205;0.379097044467926
134;3;3;7.137961444388145;0.8598812663092801;0.9665861129760742;0.9602537155151367;0.24861042201519012;0.25343358516693115;-0.14098966121673584;1.1013362407684326;0.7204880714416504;0.5813292860984802
135;3;1;9.811007938602778;0.9999430038890651;0.9665861129760742;0.9602537155151367;0.2483993023633957;0.2533762753009796;0.009031069464981556;0.7967286109924316;0.4737434983253479;0.6374915838241577
135;3;2;9.811651396065216;0.9999430038893244;0.9665861129760742;0.9602537155151367;0.2483993023633957;0.2533762753009796;0.3184635639190674;0.5667163729667664;0.41513895988464355;0.3792102038860321
135;3;3;7.132855076632854;0.8619435652257774;0.9665861129760742;0.9602537155151367;0.2483993023633957;0.2533762753009796;-0.1414412260055542;1.1026802062988281;0.7205639481544495;0.5814365744590759
136;3;1;9.811010665678872;0.9999430038890225;0.9665861129760742;0.960278332233429;0.24821601808071136;0.25332003831863403;0.008659183979034424;0.797615110874176;0.4726610779762268;0.639252781867981
136;3;2;9.81165362190103;0.999943003889328;0.9665861129760742;0.960278332233429;0.24821601808071136;0.25332003831863403;0.3186672329902649;0.5675992369651794;0.415202796459198;0.3793245255947113
136;3;3;7.122858774401763;0.86085622927191;0.9665861129760742;0.960278332233429;0.24821601808071136;0.25332003831863403;-0.14187690615653992;1.1040040254592896;0.720639169216156;0.58154296875
137;3;1;9.811012586095309;0.9999430038890011;0.9665861129760742;0.9602882266044617;0.24805352091789246;0.2532634437084198;0.008297562599182129;0.7984753251075745;0.4715658128261566;0.6410388350486755
137;3;2;9.811655718473013;0.9999430038893138;0.9665861129760742;0.9602882266044617;0.24805352091789246;0.2532634437084198;0.3188675045967102;0.5684667229652405;0.4152699112892151;0.3794206380844116
137;3;3;7.1222012643169545;0.8618875507215193;0.9665861129760742;0.9602882266044617;0.24805352091789246;0.2532634437084198;-0.14230859279632568;1.1053074598312378;0.7207074761390686;0.5816395878791809
138;3;1;9.811014340551687;0.9999430038890225;0.9665861129760742;0.9603079557418823;0.24788618087768555;0.25320693850517273;0.007944643497467041;0.7993090748786926;0.4704544246196747;0.6428578495979309
138;3;2;9.811656587798883;0.999943003889328;0.9665861129760742;0.9603079557418823;0.24788618087768555;0.25320693850517273;0.3190686106681824;0.5693178772926331;0.4153456389904022;0.3794809579849243
138;3;3;7.123427252263207;0.8569326714620402;0.9665861129760742;0.9603079557418823;0.24788618087768555;0.25320693850517273;-0.14274708926677704;1.1065891981124878;0.7207633852958679;0.5817186236381531
139;3;1;9.811016032523625;0.9999430038890438;0.9665861129760742;0.9603474736213684;0.24769766628742218;0.25315061211586;0.007600939366966486;0.8001165986061096;0.4693294167518616;0.6447069644927979
139;3;2;9.811658449576218;0.9999430038893244;0.9665861129760742;0.9603474736213684;0.24769766628742218;0.25315061211586;0.3192714750766754;0.5701519846916199;0.41543087363243103;0.37950295209884644
139;3;3;7.127736523426162;0.8573918202092585;0.9665861129760742;0.9603474736213684;0.24769766628742218;0.25315061211586;-0.143194317817688;1.1078485250473022;0.7208060622215271;0.5817790031433105
140;3;1;9.811017107173932;0.9999430038890225;0.9665861129760742;0.9603573679924011;0.24748599529266357;0.25309473276138306;0.0072647216729819775;0.8008954524993896;0.468188613653183;0.6465876698493958
140;3;2;9.811659189036483;0.999943003889328;0.9665861129760742;0.9603573679924011;0.24748599529266357;0.25309473276138306;0.319473534822464;0.570968508720398;0.4155218005180359;0.37950021028518677
140;3;3;7.127634787528056;0.8589964081369992;0.9665861129760742;0.9603573679924011;0.24748599529266357;0.25309473276138306;-0.14364248514175415;1.109084129333496;0.7208400368690491;0.5818270444869995
141;3;1;9.811018362523882;0.9999430038890509;0.9665861129760742;0.9603573679924011;0.24725684523582458;0.2530391812324524;0.006934428121894598;0.801643967628479;0.4670315682888031;0.6484982371330261
141;3;2;9.811660203051858;0.9999430038893209;0.9665861129760742;0.9603573679924011;0.24725684523582458;0.2530391812324524;0.3196709454059601;0.5717673897743225;0.41561269760131836;0.3794925808906555
141;3;3;7.132212330199577;0.8636903925503496;0.9665861129760742;0.9603573679924011;0.24725684523582458;0.2530391812324524;-0.144080251455307;1.1102954149246216;0.7208717465400696;0.5818718671798706
142;3;1;9.811019404268649;0.9999430038890296;0.9665861129760742;0.9603722095489502;0.24703074991703033;0.25298410654067993;0.006608915515244007;0.8023613095283508;0.4658590853214264;0.6504352688789368
142;3;2;9.811660650074582;0.9999430038893173;0.9665861129760742;0.9603722095489502;0.24703074991703033;0.25298410654067993;0.3198613226413727;0.5725485682487488;0.41570019721984863;0.37949275970458984
142;3;3;7.127201607900583;0.8648934104845107;0.9665861129760742;0.9603722095489502;0.24703074991703033;0.25298410654067993;-0.14450064301490784;1.111481785774231;0.7209053039550781;0.5819193720817566
143;3;1;9.811020167544996;0.9999430038890438;0.9665861129760742;0.9603919386863708;0.24682094156742096;0.25292959809303284;0.006288278382271528;0.8030493855476379;0.46467486023902893;0.6523941159248352
143;3;2;9.81166107236713;0.9999430038893209;0.9665861129760742;0.9603919386863708;0.24682094156742096;0.25292959809303284;0.3200454115867615;0.5733126997947693;0.4157847762107849;0.37949877977371216
143;3;3;7.1252917048632;0.8617903927668316;0.9665861129760742;0.9603919386863708;0.24682094156742096;0.25292959809303284;-0.14490553736686707;1.1126445531845093;0.7209401726722717;0.5819686651229858
144;3;1;9.811020724368731;0.9999430038890083;0.9669886827468872;0.9604166150093079;0.2466253638267517;0.25287559628486633;0.005973351188004017;0.8037116527557373;0.46348467469215393;0.6543680429458618
144;3;2;9.811661094328201;0.9999430038893209;0.9669886827468872;0.9604166150093079;0.2466253638267517;0.25287559628486633;0.3202265501022339;0.57406085729599;0.41587039828300476;0.3794977366924286
144;3;3;7.137761320391775;0.8649726192887943;0.9669886827468872;0.9604166150093079;0.2466253638267517;0.25287559628486633;-0.14530342817306519;1.1137850284576416;0.7209722399711609;0.5820140242576599
145;3;1;9.811021349473926;0.9999430038890438;0.9669886827468872;0.9604265093803406;0.24643056094646454;0.25282225012779236;0.0056649683974683285;0.8043521642684937;0.4622943103313446;0.6563507914543152
145;3;2;9.811660495722457;0.9999430038893102;0.9669886827468872;0.9604265093803406;0.24643056094646454;0.25282225012779236;0.320407897233963;0.5747942328453064;0.4159608781337738;0.3794764578342438
145;3;3;7.138840420191187;0.8636823621331313;0.9669886827468872;0.9604265093803406;0.24643056094646454;0.25282225012779236;-0.14570316672325134;1.1149054765701294;0.7209973335266113;0.5820494890213013
146;3;1;9.811021871751109;0.9999430038890225;0.9669886827468872;0.9604462385177612;0.24622279405593872;0.25276950001716614;0.005362951662391424;0.8049741387367249;0.4611077904701233;0.6583365201950073
146;3;2;9.81166052800151;0.9999430038893173;0.9669886827468872;0.9604462385177612;0.24622279405593872;0.25276950001716614;0.3205905258655548;0.5755144953727722;0.4160572290420532;0.37943127751350403
146;3;3;7.1351483103237;0.8630086226495024;0.9669886827468872;0.9604462385177612;0.24622279405593872;0.25276950001716614;-0.14610779285430908;1.116007924079895;0.7210143208503723;0.5820735096931458
147;3;1;9.811022548805767;0.9999430038890651;0.9665861129760742;0.9604512453079224;0.2459985613822937;0.25271743535995483;0.005066144745796919;0.805579662322998;0.45992714166641235;0.6603209376335144
147;3;2;9.811660077587486;0.9999430038893422;0.9665861129760742;0.9604512453079224;0.2459985613822937;0.25271743535995483;0.3207728862762451;0.5762234926223755;0.4161568284034729;0.37937065958976746
147;3;3;7.1392148592929345;0.861762239293089;0.9665861129760742;0.9604512453079224;0.2459985613822937;0.25271743535995483;-0.14651373028755188;1.1170947551727295;0.7210257053375244;0.5820896029472351
148;3;1;9.811023218214324;0.9999430038890296;0.9665861129760742;0.9604610800743103;0.2457670122385025;0.2526651620864868;0.004771292209625244;0.8061683177947998;0.4587462842464447;0.6623110771179199
148;3;2;9.811658834089023;0.9999430038893244;0.9665861129760742;0.9604610800743103;0.2457670122385025;0.2526651620864868;0.32095256447792053;0.5769230723381042;0.416255921125412;0.37930765748023987
148;3;3;7.139255124560224;0.8620382659025552;0.9665861129760742;0.9604610800743103;0.2457670122385025;0.2526651620864868;-0.14691415429115295;1.1181684732437134;0.7210357785224915;0.5821038484573364
149;3;1;9.811023699679296;0.9999430038890154;0.9665861129760742;0.960456132888794;0.2455407679080963;0.2526133954524994;0.004477322101593018;0.8067425489425659;0.4575675129890442;0.6643019318580627
149;3;2;9.811657695778791;0.9999430038893244;0.9665861129760742;0.960456132888794;0.2455407679080963;0.2526133954524994;0.32112783193588257;0.57761549949646;0.4163517355918884;0.3792511522769928
149;3;3;7.138567289336271;0.8589821242924085;0.9665861129760742;0.960456132888794;0.2455407679080963;0.2526133954524994;-0.14730510115623474;1.1192314624786377;0.7210472822189331;0.5821201205253601
150;3;1;9.811024059600868;0.9999430038890367;0.9665861129760742;0.9604660272598267;0.24538619816303253;0.2525622844696045;0.004184043500572443;0.8073058128356934;0.45639440417289734;0.6662878394126892
150;3;2;9.811655025712785;0.9999430038893244;0.9665861129760742;0.9604660272598267;0.24538619816303253;0.2525622844696045;0.32129934430122375;0.5783025622367859;0.4164445400238037;0.37919965386390686
150;3;3;7.146537882617547;0.861257923763981;0.9665861129760742;0.9604660272598267;0.24538619816303253;0.2525622844696045;-0.14768849313259125;1.1202867031097412;0.7210597991943359;0.5821378231048584
151;3;1;9.811024209415606;0.9999430038890367;0.9665861129760742;0.9605005979537964;0.2452928125858307;0.25251084566116333;0.003889584681019187;0.8078598380088806;0.45522260665893555;0.6682775020599365
151;3;2;9.811649916246179;0.999943003889328;0.9665861129760742;0.9605005979537964;0.2452928125858307;0.25251084566116333;0.3214694559574127;0.5789862275123596;0.41653716564178467;0.3791441321372986
151;3;3;7.144767116041226;0.8535235109093549;0.9665861129760742;0.9605005979537964;0.2452928125858307;0.25251084566116333;-0.14807069301605225;1.121336817741394;0.7210704684257507;0.5821529030799866
152;3;1;9.811024643198515;0.999943003889058;0.9665861129760742;0.9605055451393127;0.24520175158977509;0.25245970487594604;0.0035947083961218596;0.8084090352058411;0.4540573060512543;0.6702638268470764
152;3;2;9.811642902625334;0.9999430038893315;0.9665861129760742;0.9605055451393127;0.24520175158977509;0.25245970487594604;0.32164034247398376;0.5796682238578796;0.4166320562362671;0.3790755569934845
152;3;3;7.148344400880561;0.8605645304040781;0.9665861129760742;0.9605055451393127;0.24520175158977509;0.25245970487594604;-0.14845839142799377;1.1223846673965454;0.7210763096809387;0.5821611881256104
153;3;1;9.811024739567635;0.9999430038890225;0.9665861129760742;0.9605252742767334;0.2451028972864151;0.2524091303348541;0.003299808595329523;0.8089568018913269;0.4529024660587311;0.672240674495697
153;3;2;9.811631981985592;0.9999430038893315;0.9665861129760742;0.9605252742767334;0.2451028972864151;0.2524091303348541;0.32181316614151;0.5803500413894653;0.41673025488853455;0.37899088859558105
153;3;3;7.151308878355586;0.8582836353780099;0.9665861129760742;0.9605252742767334;0.2451028972864151;0.2524091303348541;-0.14885419607162476;1.1234323978424072;0.7210763692855835;0.5821612477302551
154;3;1;9.8110247407675;0.999943003889058;0.9665861129760742;0.9605252742767334;0.24499277770519257;0.25235921144485474;0.0030045867897570133;0.8095051050186157;0.4517602026462555;0.6742038130760193
154;3;2;9.811617079898479;0.9999430038893244;0.9665861129760742;0.9605252742767334;0.24499277770519257;0.25235921144485474;0.32198700308799744;0.5810330510139465;0.41683027148246765;0.37889552116394043
154;3;3;7.148191339887992;0.8590721719615875;0.9665861129760742;0.9605252742767334;0.24499277770519257;0.25235921144485474;-0.14925578236579895;1.1244821548461914;0.7210724949836731;0.5821557641029358
155;3;1;9.811024806755789;0.9999430038890509;0.9669886827468872;0.9605499505996704;0.24487681686878204;0.2523127496242523;0.0027081610169261694;0.810074508190155;0.45070353150367737;0.6760359406471252
155;3;2;9.811595434654592;0.9999430038893244;0.9669886827468872;0.9605499505996704;0.24487681686878204;0.2523127496242523;0.3221600353717804;0.5817184448242188;0.41692933440208435;0.37879952788352966
155;3;3;7.1382202267995645;0.8576249566746608;0.9669886827468872;0.9605499505996704;0.24487681686878204;0.2523127496242523;-0.14965789020061493;1.1255353689193726;0.7210679054260254;0.5821492671966553
156;3;1;9.81102472561858;0.9999430038890367;0.9669886827468872;0.9605647325515747;0.2447730153799057;0.25227558612823486;0.0024097443092614412;0.8106623291969299;0.4497218132019043;0.6777507066726685
156;3;2;9.811565097022566;0.9999430038893173;0.9669886827468872;0.9605647325515747;0.2447730153799057;0.25227558612823486;0.32233020663261414;0.5824063420295715;0.4170241355895996;0.3787136673927307
156;3;3;7.143399986193009;0.8598230400258444;0.9669886827468872;0.9605647325515747;0.2447730153799057;0.25227558612823486;-0.1500549614429474;1.1265919208526611;0.7210659980773926;0.5821465849876404
157;3;1;9.811024503003267;0.9999430038890651;0.9669886827468872;0.9605696797370911;0.24468974769115448;0.2522386312484741;0.0021082162857055664;0.8112643361091614;0.44879961013793945;0.6793715357780457
157;3;2;9.811521420132415;0.9999430038893173;0.9669886827468872;0.9605696797370911;0.24468974769115448;0.2522386312484741;0.3224971890449524;0.5830966234207153;0.4171137809753418;0.3786412179470062
157;3;3;7.140875047334285;0.8608333568964248;0.9669886827468872;0.9605696797370911;0.24468974769115448;0.2522386312484741;-0.15044568479061127;1.1276518106460571;0.7210678458213806;0.5821492075920105
158;3;1;9.811024451222991;0.9999430038890225;0.9673912525177002;0.9605746269226074;0.2446260005235672;0.25220146775245667;0.001805722713470459;0.81187903881073;0.44793185591697693;0.680906355381012
158;3;2;9.811462186379796;0.9999430038893138;0.9673912525177002;0.9605746269226074;0.2446260005235672;0.25220146775245667;0.32266223430633545;0.5837885141372681;0.4171997010707855;0.3785778284072876
158;3;3;7.136910381634232;0.8592497515876261;0.9673912525177002;0.9605746269226074;0.2446260005235672;0.25220146775245667;-0.1508331000804901;1.1287142038345337;0.7210721373558044;0.5821552872657776
159;3;1;9.81102409458969;0.9999430038890438;0.9673912525177002;0.9605993628501892;0.2445736676454544;0.2521647810935974;0.0015046716434881091;0.8125054836273193;0.44711384177207947;0.6823636293411255
159;3;2;9.811384335054978;0.9999430038893209;0.9673912525177002;0.9605993628501892;0.2445736676454544;0.2521647810935974;0.32282739877700806;0.5844811201095581;0.41728395223617554;0.37851667404174805
159;3;3;7.134863140727525;0.862097478138022;0.9673912525177002;0.9605993628501892;0.2445736676454544;0.2521647810935974;-0.1512216031551361;1.129778265953064;0.7210767865180969;0.5821618437767029
160;3;1;9.811023841616972;0.9999430038890367;0.9673912525177002;0.9605944156646729;0.2445218563079834;0.25212860107421875;0.001207029796205461;0.8131417632102966;0.44634008407592773;0.6837518215179443
160;3;2;9.811292184927176;0.9999430038893315;0.9673912525177002;0.9605944156646729;0.2445218563079834;0.25212860107421875;0.3229931890964508;0.5851736664772034;0.41736698150634766;0.37845557928085327
160;3;3;7.133964391163891;0.8594397121542023;0.9673912525177002;0.9605944156646729;0.2445218563079834;0.25212860107421875;-0.15161293745040894;1.1308428049087524;0.721081018447876;0.5821678638458252
161;3;1;9.811024147159685;0.9999430038890367;0.9673912525177002;0.9606091976165771;0.2444646805524826;0.2520929276943207;0.0009141087648458779;0.8137850761413574;0.445604145526886;0.6850801706314087
161;3;2;9.811190371280539;0.9999430038893209;0.9673912525177002;0.9606091976165771;0.2444646805524826;0.2520929276943207;0.32315897941589355;0.5858651995658875;0.417447566986084;0.3783993124961853
161;3;3;7.132293052845126;0.8579737252625748;0.9673912525177002;0.9606091976165771;0.2444646805524826;0.2520929276943207;-0.1520046591758728;1.1319066286087036;0.7210864424705505;0.5821755528450012
162;3;1;9.811024352286672;0.9999430038890296;0.9673912525177002;0.9606289267539978;0.24440401792526245;0.2520577609539032;0.0006265402189455926;0.8144322037696838;0.4448989927768707;0.686357855796814
162;3;2;9.81108458608325;0.9999430038893173;0.9673912525177002;0.9606289267539978;0.24440401792526245;0.2520577609539032;0.32332295179367065;0.5865550637245178;0.4175231158733368;0.3783569633960724
162;3;3;7.128136159506976;0.8549535580262635;0.9673912525177002;0.9606289267539978;0.24440401792526245;0.2520577609539032;-0.15239155292510986;1.132968544960022;0.721095860004425;0.5821888446807861
163;3;1;9.81102482679919;0.999943003889058;0.9673912525177002;0.9606536626815796;0.2443469911813736;0.2520230710506439;0.00034492017584852874;0.8150806427001953;0.4442184567451477;0.6875932812690735
163;3;2;9.810978235689745;0.9999430038893244;0.9673912525177002;0.9606536626815796;0.2443469911813736;0.2520230710506439;0.32348358631134033;0.587242603302002;0.4175914227962494;0.3783360719680786
163;3;3;7.13163547865202;0.85820476079952;0.9673912525177002;0.9606536626815796;0.2443469911813736;0.2520230710506439;-0.15276920795440674;1.1340277194976807;0.7211117744445801;0.5822113156318665
164;3;1;9.811025752275427;0.9999430038890722;0.9673912525177002;0.9606437683105469;0.24429965019226074;0.2519889175891876;7.009506225585938e-05;0.8157283663749695;0.4435575604438782;0.6887937784194946
164;3;2;9.810873481269386;0.9999430038893351;0.9673912525177002;0.9606437683105469;0.24429965019226074;0.2519889175891876;0.3236405849456787;0.5879274010658264;0.4176521301269531;0.37833818793296814
164;3;3;7.1357063227231485;0.8605435228703957;0.9673912525177002;0.9606437683105469;0.24429965019226074;0.2519889175891876;-0.15313681960105896;1.1350833177566528;0.7211346626281738;0.5822436809539795
165;3;1;9.811026526318557;0.9999430038890509;0.9673912525177002;0.9606536626815796;0.244262233376503;0.25195521116256714;-0.00019690991030074656;0.8163749575614929;0.44291266798973083;0.6899654269218445
165;3;2;9.810773825926368;0.9999430038893244;0.9673912525177002;0.9606536626815796;0.244262233376503;0.25195521116256714;0.32379502058029175;0.5886092782020569;0.4177066683769226;0.37835875153541565
165;3;3;7.133588873881207;0.8608285436611229;0.9673912525177002;0.9606536626815796;0.244262233376503;0.25195521116256714;-0.1534968614578247;1.1361355781555176;0.7211630344390869;0.5822838544845581
166;3;1;9.811027893394211;0.999943003889058;0.9673912525177002;0.9606585502624512;0.2442290484905243;0.25192201137542725;-0.0004551649035420269;0.8170202970504761;0.44228145480155945;0.6911134123802185
166;3;2;9.810684880795186;0.999943003889328;0.9673912525177002;0.9606585502624512;0.2442290484905243;0.25192201137542725;0.32394829392433167;0.589288055896759;0.41775715351104736;0.37839075922966003
166;3;3;7.134009206229191;0.8622655748422847;0.9673912525177002;0.9606585502624512;0.2442290484905243;0.25192201137542725;-0.15385329723358154;1.1371840238571167;0.7211947441101074;0.5823286771774292
167;3;1;9.811029280572129;0.9999430038890367;0.9673912525177002;0.9606635570526123;0.24419264495372772;0.25188925862312317;-0.0007041216013021767;0.8176639080047607;0.4416612684726715;0.6922423243522644
167;3;2;9.810610714228812;0.9999430038893209;0.9673912525177002;0.9606635570526123;0.24419264495372772;0.25188925862312317;0.3241013288497925;0.589963972568512;0.4178049564361572;0.3784298896789551
167;3;3;7.138603123375429;0.8645631108790806;0.9673912525177002;0.9606635570526123;0.24419264495372772;0.25188925862312317;-0.15420834720134735;1.1382291316986084;0.7212284803390503;0.5823763608932495
168;3;1;9.811031072300274;0.9999430038890509;0.9673912525177002;0.960648775100708;0.2441488802433014;0.2518569529056549;-0.0009440660360269248;0.8183054327964783;0.44104939699172974;0.6933568120002747
168;3;2;9.810554564857696;0.999943003889328;0.9673912525177002;0.960648775100708;0.2441488802433014;0.2518569529056549;0.3242536187171936;0.5906372666358948;0.417849600315094;0.37847697734832764
168;3;3;7.139124535239873;0.8624802882256883;0.9673912525177002;0.960648775100708;0.2441488802433014;0.2518569529056549;-0.15456128120422363;1.1392710208892822;0.7212644219398499;0.5824272036552429
169;3;1;9.81103296423359;0.9999430038890296;0.9673912525177002;0.9606585502624512;0.24409961700439453;0.25182515382766724;-0.0011756181484088302;0.8189441561698914;0.4404427707195282;0.6944608688354492
169;3;2;9.810604384026139;0.9999430038893102;0.9673912525177002;0.9606585502624512;0.24409961700439453;0.25182515382766724;0.3244040310382843;0.5913084745407104;0.41788992285728455;0.378535658121109
169;3;3;7.136299175315159;0.8601486095825503;0.9673912525177002;0.9606585502624512;0.24409961700439453;0.25182515382766724;-0.1549096554517746;1.1403104066848755;0.7213036417961121;0.5824826955795288
170;3;1;9.81103515965615;0.9999430038890438;0.9673912525177002;0.9606882929801941;0.24405020475387573;0.25179383158683777;-0.0013994455803185701;0.8195794224739075;0.4398389756679535;0.6955580711364746
170;3;2;9.811149315314008;0.9999430038893209;0.9673912525177002;0.9606882929801941;0.24405020475387573;0.25179383158683777;0.32455170154571533;0.5919778943061829;0.41792505979537964;0.37860822677612305
170;3;3;7.134041949511003;0.8595100992850284;0.9673912525177002;0.9606882929801941;0.24405020475387573;0.25179383158683777;-0.1552516669034958;1.141347050666809;0.721346914768219;0.5825439095497131
171;3;1;9.81103716257352;0.9999430038890509;0.9673912525177002;0.9607030153274536;0.24400515854358673;0.2517629861831665;-0.0016160011291503906;0.8202111721038818;0.43923673033714294;0.6966507434844971
171;3;2;9.811548782321395;0.9999430038893173;0.9673912525177002;0.9607030153274536;0.24400515854358673;0.2517629861831665;0.32469677925109863;0.5926460027694702;0.4179556965827942;0.37869277596473694
171;3;3;7.1306740588686335;0.8589522211253318;0.9673912525177002;0.9607030153274536;0.24400515854358673;0.2517629861831665;-0.1555877923965454;1.1423816680908203;0.7213935852050781;0.5826098918914795
172;3;1;9.811039510276423;0.9999430038890438;0.9673912525177002;0.9606882333755493;0.24396449327468872;0.25173258781433105;-0.0018255234463140368;0.8208397030830383;0.4386354386806488;0.6977408528327942
172;3;2;9.811655982128062;0.9999430038893244;0.9673912525177002;0.9606882333755493;0.24396449327468872;0.25173258781433105;0.324840247631073;0.593312680721283;0.4179835319519043;0.37878352403640747
172;3;3;7.134892723872278;0.8599134936408461;0.9673912525177002;0.9606882333755493;0.24396449327468872;0.25173258781433105;-0.15592071413993835;1.1434142589569092;0.7214418649673462;0.5826781392097473
173;3;1;9.811041709985162;0.9999430038890438;0.9673912525177002;0.9606931805610657;0.24392428994178772;0.2517026364803314;-0.0020280361641198397;0.8214653730392456;0.4380353093147278;0.698829710483551
173;3;2;9.811673420876527;0.9999430038893387;0.9673912525177002;0.9606931805610657;0.24392428994178772;0.2517026364803314;0.324983149766922;0.5939781069755554;0.4180106818675995;0.3788740336894989
173;3;3;7.131840201661259;0.8610728905437881;0.9673912525177002;0.9606931805610657;0.24392428994178772;0.2517026364803314;-0.15625350177288055;1.1444448232650757;0.7214898467063904;0.5827460289001465
174;3;1;9.811044020129344;0.9999430038890296;0.9673912525177002;0.9606882333755493;0.24387980997562408;0.25167316198349;-0.0022239447571337223;0.8220880627632141;0.4374358355998993;0.6999185085296631
174;3;2;9.8116767861953;0.9999430038893209;0.9673912525177002;0.9606882333755493;0.24387980997562408;0.25167316198349;0.3251259922981262;0.594642162322998;0.4180380702018738;0.3789606988430023
174;3;3;7.131269773303231;0.8584087389523205;0.9673912525177002;0.9606882333755493;0.24387980997562408;0.25167316198349;-0.15658769011497498;1.1454732418060303;0.7215362787246704;0.582811713218689
175;3;1;9.81104625058623;0.9999430038890509;0.9673912525177002;0.9606684446334839;0.24382919073104858;0.2516440749168396;-0.0024138689041137695;0.8227072358131409;0.4368363320827484;0.7010088562965393
175;3;2;9.811679182288366;0.9999430038893102;0.9673912525177002;0.9606684446334839;0.24382919073104858;0.2516440749168396;0.3252684772014618;0.5953044891357422;0.41806578636169434;0.37904343008995056
175;3;3;7.129913497291115;0.8572540157055446;0.9673912525177002;0.9606684446334839;0.24382919073104858;0.2516440749168396;-0.15692254900932312;1.1464990377426147;0.7215811610221863;0.58287513256073
176;3;1;9.811048432911122;0.9999430038890438;0.9673912525177002;0.9606783390045166;0.24377425014972687;0.251615434885025;-0.0025985240936279297;0.8233215808868408;0.436235636472702;0.7021018862724304
176;3;2;9.811681590208593;0.9999430038893244;0.9673912525177002;0.9606783390045166;0.24377425014972687;0.251615434885025;0.32540982961654663;0.5959648489952087;0.41809338331222534;0.37912416458129883
176;3;3;7.131562779696221;0.858608901197286;0.9673912525177002;0.9606783390045166;0.24377425014972687;0.251615434885025;-0.1572561264038086;1.1475214958190918;0.7216251492500305;0.5829373598098755
177;3;1;9.811050441995604;0.9999430038890367;0.9673912525177002;0.9606783390045166;0.24371904134750366;0.2515871524810791;-0.0027785301208496094;0.8239302039146423;0.4356326758861542;0.7031986117362976
177;3;2;9.811683786093479;0.9999430038893102;0.9673912525177002;0.9606783390045166;0.24371904134750366;0.2515871524810791;0.3255496025085449;0.59662264585495;0.4181203842163086;0.37920433282852173
177;3;3;7.1353082722616765;0.855724211524743;0.9673912525177002;0.9606783390045166;0.24371904134750366;0.2515871524810791;-0.15758702158927917;1.1485397815704346;0.7216686606407166;0.5829988718032837
178;3;1;9.811052402449263;0.9999430038890225;0.9673912525177002;0.960683286190033;0.24366675317287445;0.2515602707862854;-0.002958679338917136;0.8245434761047363;0.4350610673427582;0.7042443752288818
178;3;2;9.811685595303363;0.9999430038893209;0.9673912525177002;0.960683286190033;0.24366675317287445;0.2515602707862854;0.3256874978542328;0.5972773432731628;0.41814690828323364;0.37928321957588196
178;3;3;7.131779408266157;0.8535122346490507;0.9673912525177002;0.960683286190033;0.24366675317287445;0.2515602707862854;-0.15791499614715576;1.1495527029037476;0.7217114567756653;0.5830594301223755
179;3;1;9.811054286212297;0.9999430038890225;0.9673912525177002;0.960673451423645;0.24362169206142426;0.2515353560447693;-0.003138375235721469;0.8251590728759766;0.43451666831970215;0.7052461504936218
179;3;2;9.811687528210353;0.9999430038892996;0.9673912525177002;0.960673451423645;0.24362169206142426;0.2515353560447693;0.32582399249076843;0.597927987575531;0.41817373037338257;0.37935832142829895
179;3;3;7.130526463909774;0.8551973068689609;0.9673912525177002;0.960673451423645;0.24362169206142426;0.2515353560447693;-0.15824095904827118;1.1505589485168457;0.7217528223991394;0.5831179022789001
180;3;1;9.81105573350574;0.9999430038890367;0.9673912525177002;0.9606833457946777;0.2435813844203949;0.251510888338089;-0.003316855523735285;0.8257747292518616;0.4339955449104309;0.7062104940414429
180;3;2;9.811688802259145;0.9999430038893102;0.9673912525177002;0.9606833457946777;0.2435813844203949;0.251510888338089;0.3259594142436981;0.598573625087738;0.41820138692855835;0.37942737340927124
180;3;3;7.127558143086775;0.8575920078964714;0.9673912525177002;0.9606833457946777;0.2435813844203949;0.251510888338089;-0.15856575965881348;1.151557207107544;0.7217920422554016;0.583173394203186
181;3;1;9.811057267029078;0.9999430038890509;0.9673912525177002;0.9606931805610657;0.24354301393032074;0.2514869272708893;-0.0034933805000036955;0.826387882232666;0.4334937036037445;0.7071443796157837
181;3;2;9.811690327078061;0.999943003889328;0.9673912525177002;0.9606931805610657;0.24354301393032074;0.2514869272708893;0.32609376311302185;0.5992130637168884;0.4182298183441162;0.3794897496700287
181;3;3;7.123699725352049;0.8586882587425837;0.9673912525177002;0.9606931805610657;0.24354301393032074;0.2514869272708893;-0.1588895320892334;1.15254545211792;0.721828818321228;0.5832253694534302
182;3;1;9.811058607738275;0.9999430038890864;0.9673912525177002;0.960698127746582;0.2435048669576645;0.2514634132385254;-0.0036673068534582853;0.8269959688186646;0.43300706148147583;0.7080543041229248
182;3;2;9.811692064461482;0.999943003889328;0.9673912525177002;0.960698127746582;0.2435048669576645;0.2514634132385254;0.3262268304824829;0.5998451709747314;0.4182589650154114;0.379546582698822
182;3;3;7.119969778443643;0.8582035667091272;0.9673912525177002;0.960698127746582;0.2435048669576645;0.2514634132385254;-0.15921124815940857;1.1535223722457886;0.7218634486198425;0.5832743644714355
183;3;1;9.811060048396783;0.9999430038890438;0.9673912525177002;0.9607178568840027;0.24346716701984406;0.2514404058456421;-0.003838133765384555;0.8275962471961975;0.43253135681152344;0.7089464068412781
183;3;2;9.811693074941417;0.9999430038893315;0.9673912525177002;0.9607178568840027;0.24346716701984406;0.2514404058456421;0.32635805010795593;0.6004689931869507;0.41828811168670654;0.3796001970767975
183;3;3;7.121208467012979;0.8605710156309812;0.9673912525177002;0.9607178568840027;0.24346716701984406;0.2514404058456421;-0.15952925384044647;1.1544862985610962;0.721896767616272;0.5833215117454529
184;3;1;9.811061385194513;0.9999430038890509;0.967793881893158;0.9607179164886475;0.2434314638376236;0.2514178454875946;-0.004005480092018843;0.8281864523887634;0.4320630133152008;0.7098265290260315
184;3;2;9.811694824278703;0.9999430038893173;0.967793881893158;0.9607179164886475;0.2434314638376236;0.2514178454875946;0.3264870047569275;0.6010836362838745;0.4183167815208435;0.379652738571167
184;3;3;7.121988822315949;0.8620227280837884;0.967793881893158;0.9607179164886475;0.2434314638376236;0.2514178454875946;-0.15984205901622772;1.1554360389709473;0.7219294905662537;0.5833677649497986
185;3;1;9.811062621115902;0.9999430038890509;0.967793881893158;0.9607129693031311;0.24339914321899414;0.2513957917690277;-0.004168796818703413;0.8287647366523743;0.43159887194633484;0.7106994986534119
185;3;2;9.811696083347776;0.9999430038893209;0.967793881893158;0.9607129693031311;0.24339914321899414;0.2513957917690277;0.3266136348247528;0.6016884446144104;0.4183446764945984;0.3797051012516022
185;3;3;7.117839533532901;0.8613490506303503;0.967793881893158;0.9607129693031311;0.24339914321899414;0.2513957917690277;-0.16014906764030457;1.156370759010315;0.7219618558883667;0.5834135413169861
186;3;1;9.811063904628995;0.9999430038890154;0.967793881893158;0.9607080221176147;0.2433699369430542;0.25137412548065186;-0.004327535629272461;0.8293300867080688;0.43113645911216736;0.7115697264671326
186;3;2;9.811696976719418;0.999943003889328;0.967793881893158;0.9607080221176147;0.2433699369430542;0.25137412548065186;0.3267379403114319;0.6022831201553345;0.41837185621261597;0.3797565698623657
186;3;3;7.112312720651232;0.8629715821673969;0.967793881893158;0.9607080221176147;0.2433699369430542;0.25137412548065186;-0.16045069694519043;1.1572896242141724;0.721993625164032;0.5834584832191467
187;3;1;9.811065327733154;0.9999430038890509;0.967793881893158;0.9607129693031311;0.243342325091362;0.2513529062271118;-0.0044813635759055614;0.8298818469047546;0.4306736886501312;0.7124404311180115
187;3;2;9.811698627792051;0.9999430038893422;0.967793881893158;0.9607129693031311;0.243342325091362;0.2513529062271118;0.32686030864715576;0.6028674840927124;0.41839882731437683;0.3798055946826935
187;3;3;7.10885069717572;0.865188397443891;0.967793881893158;0.9607129693031311;0.243342325091362;0.2513529062271118;-0.16074776649475098;1.1581928730010986;0.7220243811607361;0.5835019946098328
188;3;1;9.811066889945472;0.9999430038890225;0.967793881893158;0.9607129693031311;0.24331410229206085;0.2513320744037628;-0.004630017559975386;0.8304197192192078;0.4302089810371399;0.7133146524429321
188;3;2;9.811700132023084;0.9999430038893173;0.967793881893158;0.9607129693031311;0.24331410229206085;0.2513320744037628;0.3269810676574707;0.603441596031189;0.41842564940452576;0.37985163927078247
188;3;3;7.107988312688585;0.8658036078534721;0.967793881893158;0.9607129693031311;0.24331410229206085;0.2513320744037628;-0.16104094684123993;1.1590803861618042;0.7220538258552551;0.583543598651886
189;3;1;9.811067970624592;0.9999430038890367;0.967793881893158;0.9607179164886475;0.24328398704528809;0.2513115406036377;-0.004773450084030628;0.8309434652328491;0.4297408163547516;0.7141945958137512
189;3;2;9.81170118344643;0.9999430038893138;0.967793881893158;0.9607179164886475;0.24328398704528809;0.2513115406036377;0.32710000872612;0.6040059328079224;0.4184524416923523;0.37989482283592224
189;3;3;7.107077860993115;0.8648661150483061;0.967793881893158;0.9607179164886475;0.24328398704528809;0.2513115406036377;-0.1613302230834961;1.1599526405334473;0.7220820784568787;0.5835835337638855
190;3;1;9.811069552459685;0.9999430038890225;0.967793881893158;0.9607228636741638;0.24325208365917206;0.2512913942337036;-0.0049118041060864925;0.8314533829689026;0.42926785349845886;0.7150821685791016
190;3;2;9.811702924088973;0.999943003889328;0.967793881893158;0.9607228636741638;0.24325208365917206;0.2512913942337036;0.3272170424461365;0.6045607924461365;0.4184788465499878;0.3799363374710083
190;3;3;7.105421325517579;0.8640234946238952;0.967793881893158;0.9607228636741638;0.24325208365917206;0.2512913942337036;-0.16161498427391052;1.1608104705810547;0.7221094965934753;0.5836223363876343
191;3;1;9.811071187799037;0.999943003889058;0.967793881893158;0.9607129693031311;0.24321967363357544;0.251271516084671;-0.005045390222221613;0.8319498300552368;0.4287892282009125;0.7159785628318787
191;3;2;9.811704697101543;0.9999430038893209;0.967793881893158;0.9607129693031311;0.24321967363357544;0.251271516084671;0.32733213901519775;0.6051070094108582;0.4185048043727875;0.3799768388271332
191;3;3;7.105028913827644;0.8655944259635486;0.967793881893158;0.9607129693031311;0.24321967363357544;0.251271516084671;-0.16189508140087128;1.1616549491882324;0.722136378288269;0.583660364151001
192;3;1;9.81107249107017;0.9999430038890438;0.967793881893158;0.9607178568840027;0.2431877851486206;0.2512519359588623;-0.005174374673515558;0.8324337005615234;0.4283047616481781;0.7168846130371094
192;3;2;9.811705946196945;0.9999430038893067;0.967793881893158;0.9607178568840027;0.2431877851486206;0.2512519359588623;0.3274453282356262;0.6056451797485352;0.4185304641723633;0.3800160884857178
192;3;3;7.100842742082978;0.8647391543317244;0.967793881893158;0.9607178568840027;0.2431877851486206;0.2512519359588623;-0.16217085719108582;1.1624869108200073;0.7221626043319702;0.5836974382400513
193;3;1;9.811073708968571;0.9999430038890651;0.967793881893158;0.9607129096984863;0.24315643310546875;0.2512326240539551;-0.005298924632370472;0.8329057097434998;0.4278145432472229;0.717800498008728
193;3;2;9.811707176156176;0.999943003889328;0.967793881893158;0.9607129096984863;0.24315643310546875;0.2512326240539551;0.3275569975376129;0.6061761975288391;0.4185563325881958;0.3800525665283203
193;3;3;7.09451654705045;0.8620603461694039;0.967793881893158;0.9607129096984863;0.24315643310546875;0.2512326240539551;-0.16244328022003174;1.1633076667785645;0.7221877574920654;0.5837330222129822
194;3;1;9.811075240591023;0.9999430038890864;0.967793881893158;0.9607177972793579;0.24312451481819153;0.25121355056762695;-0.00541920680552721;0.8333672285079956;0.4273187816143036;0.7187262177467346
194;3;2;9.811708351111019;0.9999430038893315;0.967793881893158;0.9607177972793579;0.24312451481819153;0.25121355056762695;0.32766762375831604;0.6067008972167969;0.4185829162597656;0.3800848126411438
194;3;3;7.089665987193332;0.861609638654766;0.967793881893158;0.9607177972793579;0.24312451481819153;0.25121355056762695;-0.16271352767944336;1.1641185283660889;0.7222113609313965;0.5837664008140564
195;3;1;9.81107645271242;0.9999430038890651;0.967793881893158;0.9607326984405518;0.24309076368808746;0.25119471549987793;-0.005535459611564875;0.8338192105293274;0.42681798338890076;0.7196612358093262
195;3;2;9.81170966578011;0.9999430038893244;0.967793881893158;0.9607326984405518;0.24309076368808746;0.25119471549987793;0.3277773857116699;0.6072198748588562;0.418610543012619;0.38011181354522705
195;3;3;7.088979321491744;0.8600857510920328;0.967793881893158;0.9607326984405518;0.24309076368808746;0.25119471549987793;-0.16298238933086395;1.164920687675476;0.7222331762313843;0.5837972164154053
196;3;1;9.811077666514251;0.9999430038890296;0.967793881893158;0.960747480392456;0.2430545687675476;0.2511760890483856;-0.005648016929626465;0.8342625498771667;0.4263123571872711;0.7206053733825684
196;3;2;9.811711062116895;0.9999430038893244;0.967793881893158;0.960747480392456;0.2430545687675476;0.2511760890483856;0.3278863728046417;0.607733964920044;0.4186391830444336;0.3801336884498596
196;3;3;7.089131289192554;0.8587819457517263;0.967793881893158;0.960747480392456;0.2430545687675476;0.2511760890483856;-0.16325001418590546;1.1657148599624634;0.7222532629966736;0.5838256478309631
197;3;1;9.811079017562022;0.9999430038890225;0.967793881893158;0.9607227444648743;0.24301639199256897;0.25115767121315;-0.005757165141403675;0.8346982002258301;0.42580223083496094;0.7215579152107239
197;3;2;9.81171222421537;0.9999430038893209;0.967793881893158;0.9607227444648743;0.24301639199256897;0.25115767121315;0.32799437642097473;0.6082438230514526;0.4186684489250183;0.38015124201774597
197;3;3;7.088235229109067;0.8582766471923176;0.967793881893158;0.9607227444648743;0.24301639199256897;0.25115767121315;-0.16351616382598877;1.1665024757385254;0.7222718596458435;0.5838519334793091
198;3;1;9.811079981712929;0.9999430038890438;0.967793881893158;0.9607276916503906;0.24297748506069183;0.25113943219184875;-0.005863237660378218;0.8351266980171204;0.42528781294822693;0.7225181460380554
198;3;2;9.811713865032893;0.9999430038893244;0.967793881893158;0.9607276916503906;0.24297748506069183;0.25113943219184875;0.32810109853744507;0.60875004529953;0.41869789361953735;0.38016533851623535
198;3;3;7.086619288548178;0.8568426157578273;0.967793881893158;0.9607276916503906;0.24297748506069183;0.25113943219184875;-0.1637808084487915;1.1672838926315308;0.7222890853881836;0.5838763117790222
199;3;1;9.811080848215425;0.9999430038890509;0.967793881893158;0.9607276916503906;0.24293866753578186;0.2511214017868042;-0.005966377444565296;0.8355489373207092;0.424769788980484;0.7234851717948914
199;3;2;9.811714526327478;0.9999430038893209;0.967793881893158;0.9607276916503906;0.24293866753578186;0.2511214017868042;0.3282068371772766;0.6092531681060791;0.41872739791870117;0.38017594814300537
199;3;3;7.085343413665504;0.8584083256758639;0.967793881893158;0.9607276916503906;0.24293866753578186;0.2511214017868042;-0.1640443056821823;1.1680597066879272;0.7223048806190491;0.5838986039161682
0;4;1;9.638917048554212;0.9613612676159349;0.9553139805793762;0.9567323923110962;0.7108080983161926;0.7374284267425537;-0.03566504642367363;0.4346174895763397;-0.19664280116558075;0.42753341794013977
0;4;2;8.701849424246117;0.8821836593684758;0.9553139805793762;0.9567323923110962;0.7108080983161926;0.7374284267425537;0.014151029288768768;0.31556200981140137;0.1656668484210968;0.22154931724071503
0;4;3;1.856256246536125;0.5547125103757313;0.9553139805793762;0.9567323923110962;0.7108080983161926;0.7374284267425537;0.12963475286960602;0.31298330426216125;0.08550895750522614;0.6817439794540405
1;4;1;9.611945005511892;0.9503513148180076;0.9219001531600952;0.9228309392929077;0.7068304419517517;0.7316416501998901;-0.03596274182200432;0.4348565936088562;-0.1987319439649582;0.4248633086681366
1;4;2;8.772472666356347;0.8868015527929849;0.9219001531600952;0.9228309392929077;0.7068304419517517;0.7316416501998901;0.014148927293717861;0.31523650884628296;0.16474169492721558;0.21191202104091644
1;4;3;2.0356620935386616;0.4809183323814956;0.9219001531600952;0.9228309392929077;0.7068304419517517;0.7316416501998901;0.13518056273460388;0.30633309483528137;0.1064351350069046;0.6521499156951904
2;4;1;9.627644107084649;0.9524320472830468;0.8289049863815308;0.8643917441368103;0.7003893852233887;0.7219133973121643;-0.03632419928908348;0.43529394268989563;-0.20159578323364258;0.42109042406082153
2;4;2;8.864440175462736;0.8918572007324101;0.8289049863815308;0.8643917441368103;0.7003893852233887;0.7219133973121643;0.014214297756552696;0.3148570954799652;0.1640547215938568;0.19988426566123962
2;4;3;2.39740121076834;0.36345190464737165;0.8289049863815308;0.8643917441368103;0.7003893852233887;0.7219133973121643;0.1427176594734192;0.2978835999965668;0.13481096923351288;0.6120203733444214
3;4;1;9.6199730818945;0.9622653852191405;0.7342994809150696;0.791395902633667;0.6932817101478577;0.7105455994606018;-0.03670666739344597;0.43598300218582153;-0.2050456553697586;0.4163834750652313
3;4;2;8.982808244453985;0.9053430412421868;0.7342994809150696;0.791395902633667;0.6932817101478577;0.7105455994606018;0.014376632869243622;0.31450462341308594;0.16404403746128082;0.18764206767082214
3;4;3;2.828088843845446;0.28643864868728386;0.7342994809150696;0.791395902633667;0.6932817101478577;0.7105455994606018;0.15168553590774536;0.2887915372848511;0.16831046342849731;0.5646449327468872
4;4;1;9.604994618622229;0.9595625324644317;0.759661853313446;0.7805209159851074;0.6870642900466919;0.6996435523033142;-0.03709165379405022;0.4369509518146515;-0.20884691178798676;0.41099613904953003
4;4;2;9.04571090121065;0.9067667787062774;0.759661853313446;0.7805209159851074;0.6870642900466919;0.6996435523033142;0.01462458074092865;0.3142602741718292;0.16486945748329163;0.17751623690128326
4;4;3;3.214152837853973;0.2640140783803382;0.759661853313446;0.7805209159851074;0.6870642900466919;0.6996435523033142;0.1615624725818634;0.2800966203212738;0.2045704424381256;0.5133655667304993
5;4;1;9.601638738339922;0.9613390666539132;0.7914654016494751;0.7913365960121155;0.6827768087387085;0.6906347870826721;-0.037494804710149765;0.4381963908672333;-0.21279071271419525;0.4051961302757263
5;4;2;9.095143988493856;0.9157578236972519;0.7914654016494751;0.7913365960121155;0.6827768087387085;0.6906347870826721;0.014913750812411308;0.3141924738883972;0.1665695458650589;0.1715002954006195
5;4;3;3.529502916843132;0.2782211639358696;0.7914654016494751;0.7913365960121155;0.6827768087387085;0.6906347870826721;0.17190143465995789;0.272604376077652;0.24133744835853577;0.46136918663978577
6;4;1;9.578735808630277;0.9601954458266277;0.8204509019851685;0.8177386522293091;0.6809223294258118;0.6841539740562439;-0.03794528916478157;0.4397221505641937;-0.21667695045471191;0.399273157119751
6;4;2;9.115345626222933;0.9201846826956164;0.8204509019851685;0.8177386522293091;0.6809223294258118;0.6841539740562439;0.015159087255597115;0.31438377499580383;0.1688992977142334;0.1707593947649002
6;4;3;3.73145880236342;0.3068882306976519;0.8204509019851685;0.8177386522293091;0.6809223294258118;0.6841539740562439;0.1823427975177765;0.2668412923812866;0.2765877842903137;0.4115176796913147
7;4;1;9.600024117527603;0.9621333334075928;0.8438003063201904;0.8447679877281189;0.6811507940292358;0.6801139712333679;-0.03847123309969902;0.4415307939052582;-0.2204144448041916;0.39344754815101624
7;4;2;9.173273463294041;0.9282026168761881;0.8438003063201904;0.8447679877281189;0.6811507940292358;0.6801139712333679;0.015237797051668167;0.3149184286594391;0.17121094465255737;0.17585325241088867
7;4;3;3.8182305137934556;0.357935395671392;0.8438003063201904;0.8447679877281189;0.6811507940292358;0.6801139712333679;0.19261574745178223;0.2630764842033386;0.3086167871952057;0.3662218451499939
8;4;1;9.595497467563739;0.9709137873367482;0.8655394315719604;0.8725035190582275;0.68265700340271;0.6778084635734558;-0.03910311684012413;0.4436405599117279;-0.22396297752857208;0.3878832459449768
8;4;2;9.21542659174753;0.9474223078004727;0.8655394315719604;0.8725035190582275;0.68265700340271;0.6778084635734558;0.015010564588010311;0.3158927857875824;0.1725310981273651;0.18684369325637817
8;4;3;3.993902789257614;0.39818555983573845;0.8655394315719604;0.8725035190582275;0.68265700340271;0.6778084635734558;0.20254167914390564;0.26139745116233826;0.3361022174358368;0.3273515999317169
9;4;1;9.586395696889284;0.9767733189022252;0.8953300714492798;0.9003921747207642;0.6841837763786316;0.6762773394584656;-0.03981277346611023;0.44616687297821045;-0.22716787457466125;0.3829112946987152
9;4;2;9.25378741945859;0.9539497367546943;0.8953300714492798;0.9003921747207642;0.6841837763786316;0.6762773394584656;0.014326398260891438;0.3175210654735565;0.17190062999725342;0.2020729035139084
9;4;3;4.289945877738985;0.4470240281713398;0.8953300714492798;0.9003921747207642;0.6841837763786316;0.6762773394584656;0.2120315134525299;0.2618052363395691;0.35812878608703613;0.29620131850242615
10;4;1;9.577796378349568;0.9827500708831707;0.9279388189315796;0.9312291741371155;0.6858667135238647;0.6753677129745483;-0.04050057753920555;0.44931480288505554;-0.22978775203227997;0.3788115680217743
10;4;2;9.255037001412699;0.9564005822844841;0.9279388189315796;0.9312291741371155;0.6858667135238647;0.6753677129745483;0.013497579842805862;0.31998467445373535;0.17114955186843872;0.21613837778568268
10;4;3;4.529453512331964;0.5324803134594802;0.9279388189315796;0.9312291741371155;0.6858667135238647;0.6753677129745483;0.2210395336151123;0.2642405331134796;0.37413978576660156;0.2735583186149597
11;4;1;9.58010528928343;0.9812452068481861;0.9440418481826782;0.9496108293533325;0.6877389550209045;0.6750678420066833;-0.04106650874018669;0.4532584249973297;-0.2316533625125885;0.37564605474472046
11;4;2;9.279119413770477;0.9680594697482334;0.9440418481826782;0.9496108293533325;0.6877389550209045;0.6750678420066833;0.012466768734157085;0.3233587145805359;0.17000138759613037;0.22779664397239685
11;4;3;4.632216811485492;0.5955664339448745;0.9440418481826782;0.9496108293533325;0.6877389550209045;0.6750678420066833;0.22952568531036377;0.2685784697532654;0.38386064767837524;0.2598109841346741
12;4;1;9.552006272266723;0.9851476342314598;0.954911470413208;0.9591425061225891;0.6880720257759094;0.673803985118866;-0.041410475969314575;0.45817238092422485;-0.2326054573059082;0.3734460175037384
12;4;2;9.275313380005123;0.9730818508311501;0.954911470413208;0.9591425061225891;0.6880720257759094;0.673803985118866;0.011197182349860668;0.32771268486976624;0.16829022765159607;0.23617298901081085
12;4;3;4.749267740169522;0.6355727055518177;0.954911470413208;0.9591425061225891;0.6880720257759094;0.673803985118866;0.23751166462898254;0.27472615242004395;0.3873128294944763;0.2549288272857666
13;4;1;9.586329019795947;0.9859106178107382;0.956924319267273;0.9625625014305115;0.686155378818512;0.6709424257278442;-0.04151461273431778;0.46414685249328613;-0.23263061046600342;0.37213703989982605
13;4;2;9.309724306701973;0.9746858192972319;0.956924319267273;0.9625625014305115;0.686155378818512;0.6709424257278442;0.009725197218358517;0.3330554664134979;0.16621330380439758;0.2410300374031067
13;4;3;4.867039435747412;0.6535074671849621;0.956924319267273;0.9625625014305115;0.686155378818512;0.6709424257278442;0.24508903920650482;0.2826480567455292;0.3847811818122864;0.2585091292858124
14;4;1;9.599818270561173;0.9964824383975781;0.9545088410377502;0.962471067905426;0.6815822720527649;0.6660612225532532;-0.0414239726960659;0.4712090492248535;-0.23176972568035126;0.3716183602809906
14;4;2;9.318253060554376;0.9849940025280866;0.9545088410377502;0.962471067905426;0.6815822720527649;0.6660612225532532;0.008105727843940258;0.339359313249588;0.16414639353752136;0.24275170266628265
14;4;3;4.9869483001691925;0.6599235020343812;0.9545088410377502;0.962471067905426;0.6815822720527649;0.6660612225532532;0.2524150609970093;0.2923804819583893;0.37676697969436646;0.26984289288520813
15;4;1;9.5759272819921;0.9887074502294979;0.9516907930374146;0.9597697257995605;0.674456000328064;0.6591538190841675;-0.041182707995176315;0.47937828302383423;-0.2300993949174881;0.37163352966308594
15;4;2;9.274383036552035;0.9819081479069176;0.9516907930374146;0.9597697257995605;0.674456000328064;0.6591538190841675;0.006485581863671541;0.3465512692928314;0.16290557384490967;0.24203619360923767
15;4;3;5.058407814733387;0.6606749879046934;0.9516907930374146;0.9597697257995605;0.674456000328064;0.6591538190841675;0.25968778133392334;0.30402275919914246;0.36392635107040405;0.2880023121833801
16;4;1;9.599668604385869;0.9954268835836544;0.944444477558136;0.953537106513977;0.6652897596359253;0.6506028175354004;-0.04083724692463875;0.48858317732810974;-0.22776725888252258;0.3719662129878998
16;4;2;9.196452135053452;0.9886842233158184;0.944444477558136;0.953537106513977;0.6652897596359253;0.6506028175354004;0.005000452511012554;0.3545134365558624;0.16332650184631348;0.240199476480484
16;4;3;5.078973126975464;0.6462772110602497;0.944444477558136;0.953537106513977;0.6652897596359253;0.6506028175354004;0.2671043276786804;0.31770870089530945;0.34698474407196045;0.3119613528251648
17;4;1;9.599064068759446;0.9950426559428962;0.9371981024742126;0.9456055760383606;0.6544939875602722;0.6406449675559998;-0.040426939725875854;0.49874576926231384;-0.22501309216022491;0.3722480535507202
17;4;2;9.071468431138605;0.9921075222665046;0.9371981024742126;0.9456055760383606;0.6544939875602722;0.6406449675559998;0.0038114232011139393;0.36310330033302307;0.1664339303970337;0.23873120546340942
17;4;3;5.066997228601888;0.6369725562426201;0.9371981024742126;0.9456055760383606;0.6544939875602722;0.6406449675559998;0.2748357057571411;0.33358150720596313;0.32665935158729553;0.3407058119773865
18;4;1;9.629327488631041;0.9918933672433781;0.9323671460151672;0.9378074407577515;0.6420628428459167;0.6293959021568298;-0.03991397097706795;0.5098609924316406;-0.22198529541492462;0.3721933960914612
18;4;2;9.025845975121438;0.9896209320217508;0.9323671460151672;0.9378074407577515;0.6420628428459167;0.6293959021568298;0.0030338605865836143;0.37225061655044556;0.17295460402965546;0.2387232780456543
18;4;3;5.165395761631732;0.6216947109636024;0.9323671460151672;0.9378074407577515;0.6420628428459167;0.6293959021568298;0.2830110192298889;0.35176998376846313;0.3035848140716553;0.37333813309669495
19;4;1;9.639664522863761;0.9999004108856937;0.9267311096191406;0.9290758371353149;0.6284958720207214;0.6162923574447632;-0.03933442384004593;0.5219390988349915;-0.21873190999031067;0.3717457056045532
19;4;2;9.017258178536704;0.9903595546997437;0.9267311096191406;0.9290758371353149;0.6284958720207214;0.6162923574447632;0.002733687637373805;0.38195928931236267;0.1831839382648468;0.24097278714179993
19;4;3;5.338973329099318;0.6180057830084351;0.9267311096191406;0.9290758371353149;0.6284958720207214;0.6162923574447632;0.2917267680168152;0.37238842248916626;0.27826088666915894;0.4091515839099884
20;4;1;9.648077642919624;0.995846999748295;0.9194847345352173;0.9223543405532837;0.6133444309234619;0.6011766195297241;-0.03867803141474724;0.5349233746528625;-0.2152712345123291;0.3710731863975525
20;4;2;8.999376896052333;0.9890770025301805;0.9194847345352173;0.9223543405532837;0.6133444309234619;0.6011766195297241;0.0029467903077602386;0.3922385275363922;0.1971292495727539;0.24632136523723602
20;4;3;5.5622056188198865;0.6272840788761833;0.9194847345352173;0.9223543405532837;0.6133444309234619;0.6011766195297241;0.301029771566391;0.3955112099647522;0.2510175108909607;0.4476795196533203
21;4;1;9.670036124548467;0.9984408490952958;0.9162640571594238;0.9178404808044434;0.5964551568031311;0.584009051322937;-0.03789953514933586;0.5487425327301025;-0.21142147481441498;0.3706655204296112
21;4;2;9.064075206585901;0.9943813968682953;0.9162640571594238;0.9178404808044434;0.5964551568031311;0.584009051322937;0.003617632668465376;0.4031417667865753;0.21484671533107758;0.25454002618789673
21;4;3;5.857147279331237;0.6336171120315441;0.9162640571594238;0.9178404808044434;0.5964551568031311;0.584009051322937;0.3108936548233032;0.4211410880088806;0.22199642658233643;0.4887215495109558
22;4;1;9.658220823749701;0.9964801506472725;0.9138486385345459;0.9148623943328857;0.577880859375;0.5647932291030884;-0.03705596551299095;0.5632654428482056;-0.20718812942504883;0.3708847761154175
22;4;2;9.084197154736618;0.9919163944599632;0.9138486385345459;0.9148623943328857;0.577880859375;0.5647932291030884;0.004676854703575373;0.4146823287010193;0.23580531775951385;0.2656885087490082
22;4;3;6.1354482871336415;0.6528877129260895;0.9138486385345459;0.9148623943328857;0.577880859375;0.5647932291030884;0.3211906850337982;0.4491780996322632;0.19114947319030762;0.532345712184906
23;4;1;9.664269293194756;0.9980931359542993;0.9126409292221069;0.9130845069885254;0.5584079623222351;0.544195294380188;-0.036145634949207306;0.5783424377441406;-0.20248523354530334;0.37222906947135925
23;4;2;9.135923596649498;0.9941948640897387;0.9126409292221069;0.9130845069885254;0.5584079623222351;0.544195294380188;0.005967911332845688;0.42686599493026733;0.2592190206050873;0.2790193557739258
23;4;3;6.3872532952924335;0.6618174982975056;0.9126409292221069;0.9130845069885254;0.5584079623222351;0.544195294380188;0.33166399598121643;0.4793776571750641;0.15828724205493927;0.5788199305534363
24;4;1;9.675939279767633;0.9981171819800636;0.9106280207633972;0.9128623008728027;0.5390074253082275;0.5228787660598755;-0.03521887585520744;0.5937000513076782;-0.19730053842067719;0.3751428723335266
24;4;2;9.20055700778573;0.9941522850047448;0.9106280207633972;0.9128623008728027;0.5390074253082275;0.5228787660598755;0.0073486012406647205;0.43957969546318054;0.2842644453048706;0.29393115639686584
24;4;3;6.628824134461368;0.6907550764317243;0.9106280207633972;0.9128623008728027;0.5390074253082275;0.5228787660598755;0.3419383466243744;0.5113522410392761;0.12317867577075958;0.6284709572792053
25;4;1;9.65068788267827;0.9953374779870927;0.911835789680481;0.91422039270401;0.5191271305084229;0.5015113949775696;-0.034338828176259995;0.6090821027755737;-0.19160830974578857;0.38000524044036865
25;4;2;9.194581533600406;0.992536257005213;0.911835789680481;0.91422039270401;0.5191271305084229;0.5015113949775696;0.008614301681518555;0.45268839597702026;0.3099679946899414;0.3095010817050934
25;4;3;6.774920604113172;0.6935721589832866;0.911835789680481;0.91422039270401;0.5191271305084229;0.5015113949775696;0.35157132148742676;0.5446199774742126;0.08568321168422699;0.6814975142478943
26;4;1;9.67069745868045;0.9977081788415632;0.9142512083053589;0.9168872833251953;0.49909013509750366;0.480187326669693;-0.03351316973567009;0.6242344975471497;-0.18543152511119843;0.38706427812576294
26;4;2;9.234022042453581;0.9936290586275227;0.9142512083053589;0.9168872833251953;0.49909013509750366;0.480187326669693;0.009637968614697456;0.466010183095932;0.33564430475234985;0.32497942447662354
26;4;3;6.9107897734318;0.7280214192033885;0.9142512083053589;0.9168872833251953;0.49909013509750366;0.480187326669693;0.36015141010284424;0.5787129998207092;0.04589135944843292;0.73777174949646
27;4;1;9.698820315596606;0.9977483389067316;0.9170692563056946;0.9213962554931641;0.4783589839935303;0.45878762006759644;-0.03276040032505989;0.638965904712677;-0.17896638810634613;0.39631015062332153
27;4;2;9.243115203252326;0.9931684897208797;0.9170692563056946;0.9213962554931641;0.4783589839935303;0.45878762006759644;0.010364525020122528;0.4793678820133209;0.36094772815704346;0.3400387167930603
27;4;3;6.971208732490686;0.7387582383835536;0.9170692563056946;0.9213962554931641;0.4783589839935303;0.45878762006759644;0.36739683151245117;0.6132810711860657;0.004221498966217041;0.7967017889022827
28;4;1;9.709841740050372;0.9975815592534971;0.9223027229309082;0.9269423484802246;0.4562170207500458;0.43674352765083313;-0.03205839544534683;0.6532471776008606;-0.17246952652931213;0.40764346718788147
28;4;2;9.274812030498023;0.9959563699318075;0.9223027229309082;0.9269423484802246;0.4562170207500458;0.43674352765083313;0.010754697024822235;0.4927004873752594;0.38566967844963074;0.35465729236602783
28;4;3;7.037206584829754;0.7603321788405228;0.9223027229309082;0.9269423484802246;0.4562170207500458;0.43674352765083313;0.3732420802116394;0.6481584310531616;-0.03853178024291992;0.8571640849113464
29;4;1;9.738984714720495;0.9999408836970929;0.9271336793899536;0.933846652507782;0.4325920343399048;0.4139884114265442;-0.031349360942840576;0.6672598719596863;-0.1662312000989914;0.4203447699546814
29;4;2;9.293056464906748;0.9983040311051141;0.9271336793899536;0.933846652507782;0.4325920343399048;0.4139884114265442;0.010932096280157566;0.5059830546379089;0.4100806713104248;0.36947101354599
29;4;3;7.078400679968784;0.7687167233541761;0.9271336793899536;0.933846652507782;0.4325920343399048;0.4139884114265442;0.37788674235343933;0.6833552718162537;-0.08121278882026672;0.9175240993499756
30;4;1;9.734900690276767;0.9998847265689932;0.9371980428695679;0.940400242805481;0.40823471546173096;0.3919210433959961;-0.03058837167918682;0.6813544631004333;-0.16053646802902222;0.43316543102264404
30;4;2;9.277994090939213;0.9969860998259499;0.9371980428695679;0.940400242805481;0.40823471546173096;0.3919210433959961;0.011121289804577827;0.5192282795906067;0.4348054826259613;0.3852531611919403
30;4;3;7.070978802750572;0.7929378030792762;0.9371980428695679;0.940400242805481;0.40823471546173096;0.3919210433959961;0.38177213072776794;0.7189548015594482;-0.1224210262298584;0.9758013486862183
31;4;1;9.745533981284154;0.9994695379911605;0.9424315690994263;0.945877194404602;0.3858478367328644;0.3723885118961334;-0.029753852635622025;0.6958334445953369;-0.15575557947158813;0.4446885585784912
31;4;2;9.271230350374903;0.9964309052150533;0.9424315690994263;0.945877194404602;0.3858478367328644;0.3723885118961334;0.011578282341361046;0.5324075222015381;0.46044784784317017;0.4032025933265686
31;4;3;7.116682960398569;0.8167139807758197;0.9424315690994263;0.945877194404602;0.3858478367328644;0.3723885118961334;0.3854922652244568;0.7549744248390198;-0.1607123613357544;1.0299534797668457
32;4;1;9.745496898779137;0.999942885089645;0.9448469877243042;0.9503614902496338;0.3672311305999756;0.35648736357688904;-0.02886687032878399;0.7109538912773132;-0.15237222611904144;0.45320719480514526
32;4;2;9.321909487659966;0.9977575395491449;0.9448469877243042;0.9503614902496338;0.3672311305999756;0.35648736357688904;0.012523667886853218;0.5454248785972595;0.4874764382839203;0.42446383833885193
32;4;3;7.194774840751483;0.8163234937299109;0.9448469877243042;0.9503614902496338;0.3672311305999756;0.35648736357688904;0.3896806240081787;0.7912682294845581;-0.19481313228607178;1.0781792402267456
33;4;1;9.746529546918218;0.9970939300535449;0.9484702348709106;0.9538877010345459;0.35120201110839844;0.3437362313270569;-0.02802552655339241;0.7268299460411072;-0.1507347673177719;0.4573124647140503
33;4;2;9.356977289843254;0.9935183296425443;0.9484702348709106;0.9538877010345459;0.35120201110839844;0.3437362313270569;0.014068611897528172;0.5581444501876831;0.5160551071166992;0.4496665298938751
33;4;3;7.223223280992;0.8358831774919704;0.9484702348709106;0.9538877010345459;0.35120201110839844;0.3437362313270569;0.3948778510093689;0.8275102972984314;-0.22382551431655884;1.1192089319229126
34;4;1;9.745176023394578;0.9972827578456105;0.9516907930374146;0.9561299085617065;0.3371069133281708;0.33264100551605225;-0.02733295038342476;0.7432841062545776;-0.1510833203792572;0.45644810795783997
34;4;2;9.397802783651528;0.9946475673869024;0.9516907930374146;0.9561299085617065;0.3371069133281708;0.33264100551605225;0.016188908368349075;0.5703896284103394;0.5458599328994751;0.479157418012619
34;4;3;7.240571216027687;0.8328251001897478;0.9516907930374146;0.9561299085617065;0.3371069133281708;0.33264100551605225;0.40136975049972534;0.8632494211196899;-0.24741584062576294;1.1525707244873047
35;4;1;9.74397262232695;0.9985641041086026;0.9524959325790405;0.957221269607544;0.324095219373703;0.3215653598308563;-0.0269096028059721;0.7598661184310913;-0.15339665114879608;0.4510686695575714
35;4;2;9.465195706958479;0.9975392598011581;0.9524959325790405;0.957221269607544;0.324095219373703;0.3215653598308563;0.018746886402368546;0.5819676518440247;0.5762186050415039;0.512881338596344
35;4;3;7.253370617842936;0.8382841084732249;0.9524959325790405;0.957221269607544;0.324095219373703;0.3215653598308563;0.40907853841781616;0.8980109095573425;-0.26587945222854614;1.1786822080612183
36;4;1;9.73564380546334;0.9977253271411399;0.9533010721206665;0.9577497243881226;0.31269049644470215;0.310438871383667;-0.026780301705002785;0.7760544419288635;-0.15728993713855743;0.4426540732383728
36;4;2;9.499612247605121;0.9976995484689475;0.9533010721206665;0.9577497243881226;0.31269049644470215;0.310438871383667;0.02144552208483219;0.5928055644035339;0.6060892939567566;0.5498269200325012
36;4;3;7.2359957541772;0.839219085532882;0.9533010721206665;0.9577497243881226;0.31269049644470215;0.310438871383667;0.417559951543808;0.9313845038414001;-0.28005093336105347;1.1987236738204956
37;4;1;9.73677138580834;0.9980518686376527;0.9545088410377502;0.9577842950820923;0.30429092049598694;0.3009265661239624;-0.026881778612732887;0.7913911938667297;-0.16204485297203064;0.4334605634212494
37;4;2;9.509834213084698;0.9790267195116655;0.9545088410377502;0.9577842950820923;0.30429092049598694;0.3009265661239624;0.023884393274784088;0.6029816269874573;0.6341814994812012;0.5882399082183838
37;4;3;7.22817251609931;0.8324333318272661;0.9545088410377502;0.9577842950820923;0.30429092049598694;0.3009265661239624;0.42613157629966736;0.9630664587020874;-0.29106712341308594;1.214302897453308
38;4;1;9.738126526121135;0.998626618872926;0.9545088410377502;0.9577991366386414;0.29851794242858887;0.2944020628929138;-0.02712552808225155;0.8055610656738281;-0.1668480783700943;0.42579805850982666
38;4;2;9.64061313291916;0.9953440672150577;0.9545088410377502;0.9577991366386414;0.29851794242858887;0.2944020628929138;0.025712309405207634;0.6126406192779541;0.6593587398529053;0.6262812614440918
38;4;3;7.202506595043081;0.8311371500732516;0.9545088410377502;0.9577991366386414;0.29851794242858887;0.2944020628929138;0.43409499526023865;0.992871880531311;-0.3000635504722595;1.2270258665084839
39;4;1;9.725969694764679;0.9972520387125883;0.9561191201210022;0.9580361843109131;0.29446646571159363;0.2902151644229889;-0.02746436558663845;0.8185147643089294;-0.17114569246768951;0.4209444522857666
39;4;2;9.69671026146294;0.9972028023833879;0.9561191201210022;0.9580361843109131;0.29446646571159363;0.2902151644229889;0.02676653116941452;0.6219181418418884;0.681065559387207;0.6624130010604858
39;4;3;7.186706080356085;0.8256630273849535;0.9561191201210022;0.9580361843109131;0.29446646571159363;0.2902151644229889;0.4409564733505249;1.0207428932189941;-0.3079158067703247;1.2381305694580078
40;4;1;9.734364537552189;0.9966219325679475;0.956924319267273;0.9584313035011292;0.2903035879135132;0.28657010197639465;-0.02793162502348423;0.8303354382514954;-0.1745443046092987;0.4195454716682434
40;4;2;9.730345953452723;0.9965364652514879;0.956924319267273;0.9584313035011292;0.2903035879135132;0.28657010197639465;0.027041945606470108;0.630930483341217;0.6992133855819702;0.6957997679710388
40;4;3;7.160976842242924;0.8212202044703254;0.956924319267273;0.9584313035011292;0.2903035879135132;0.28657010197639465;0.4465545117855072;1.0467320680618286;-0.3151071071624756;1.2483006715774536
41;4;1;9.72915455482147;0.9995691216776024;0.9581320285797119;0.9589844346046448;0.2848648428916931;0.2827022969722748;-0.028662538155913353;0.8411881327629089;-0.17693042755126953;0.42123156785964966
41;4;2;9.73441946201967;0.9971773960073165;0.9581320285797119;0.9589844346046448;0.2848648428916931;0.2827022969722748;0.02672983892261982;0.6396983861923218;0.7141100168228149;0.7266355156898499
41;4;3;7.164605478503892;0.844074112074221;0.9581320285797119;0.9589844346046448;0.2848648428916931;0.2827022969722748;0.4511006772518158;1.0709480047225952;-0.3216930031776428;1.2576144933700562
42;4;1;9.726526666587922;0.9958527174245546;0.9581320285797119;0.9590584635734558;0.2784354090690613;0.2793407738208771;-0.029922986403107643;0.8512072563171387;-0.1784152239561081;0.4249137341976166
42;4;2;9.732795372979623;0.9960129237114721;0.9581320285797119;0.9590584635734558;0.2784354090690613;0.2793407738208771;0.02616758458316326;0.6481279134750366;0.7263911962509155;0.755773663520813
42;4;3;7.167244871482133;0.8179243385532455;0.9581320285797119;0.9590584635734558;0.2784354090690613;0.2793407738208771;0.4550766348838806;1.0934929847717285;-0.3274221420288086;1.265716791152954
43;4;1;9.723802541351567;0.997652796514167;0.9573268890380859;0.9590733051300049;0.2724463939666748;0.2770816385746002;-0.03202519565820694;0.8604331612586975;-0.17946265637874603;0.42918381094932556
43;4;2;9.733305479414657;0.9978618353338007;0.9573268890380859;0.9590733051300049;0.2724463939666748;0.2770816385746002;0.025688888505101204;0.6560448408126831;0.7367660999298096;0.7843005657196045
43;4;3;7.194018453390964;0.8455528671150159;0.9573268890380859;0.9590733051300049;0.2724463939666748;0.2770816385746002;0.45901936292648315;1.1144230365753174;-0.3319602608680725;1.27213454246521
44;4;1;9.726017790688452;0.9967892479576861;0.9573268890380859;0.9591227173805237;0.26779764890670776;0.2752775251865387;-0.03506246209144592;0.8689259886741638;-0.1805637627840042;0.43260863423347473
44;4;2;9.737051308997987;0.9968309153270027;0.9573268890380859;0.9591227173805237;0.26779764890670776;0.2752775251865387;0.02555585838854313;0.6632852554321289;0.7459104061126709;0.8128190040588379
44;4;3;7.142493696370657;0.8279002213707507;0.9573268890380859;0.9591227173805237;0.26779764890670776;0.2752775251865387;0.46326303482055664;1.133773922920227;-0.3351452946662903;1.2766388654708862
45;4;1;9.71887048635655;0.9959776033659296;0.9585345983505249;0.9596660137176514;0.2642587125301361;0.2724841237068176;-0.03900749608874321;0.876645028591156;-0.18164487183094025;0.4356139302253723
45;4;2;9.726924341850808;0.9964004324329458;0.9585345983505249;0.9596660137176514;0.2642587125301361;0.2724841237068176;0.025751249864697456;0.6698819398880005;0.7538391947746277;0.8412508368492126
45;4;3;7.106822783956975;0.8401726712135993;0.9585345983505249;0.9596660137176514;0.2642587125301361;0.2724841237068176;0.46774348616600037;1.1516199111938477;-0.337179958820343;1.279516339302063
46;4;1;9.723341359816317;0.9990564401945576;0.9605474472045898;0.9607722163200378;0.2616529166698456;0.26855528354644775;-0.04348161444067955;0.8836207389831543;-0.18253950774669647;0.4392518103122711
46;4;2;9.733021397652458;0.9992079134657423;0.9605474472045898;0.9607722163200378;0.2616529166698456;0.26855528354644775;0.026085393503308296;0.6760149002075195;0.760316789150238;0.868740439414978
46;4;3;7.068220501502877;0.8545605445043645;0.9605474472045898;0.9607722163200378;0.2616529166698456;0.26855528354644775;0.4720711410045624;1.1680821180343628;-0.3385540246963501;1.2814595699310303
47;4;1;9.736420008136918;0.9964527761054782;0.9625604152679443;0.961789608001709;0.2601720988750458;0.26491624116897583;-0.048048801720142365;0.8899047374725342;-0.18290849030017853;0.4447963535785675
47;4;2;9.743951213615144;0.9958075611126525;0.9625604152679443;0.961789608001709;0.2601720988750458;0.26491624116897583;0.02632424235343933;0.681907594203949;0.7650028467178345;0.8942565321922302
47;4;3;6.996499223933487;0.8380449683145113;0.9625604152679443;0.961789608001709;0.2601720988750458;0.26491624116897583;0.47577035427093506;1.1832828521728516;-0.33981138467788696;1.2832378149032593
48;4;1;9.730125796241225;0.9954358050355694;0.9629629254341125;0.9628760814666748;0.25895726680755615;0.2619035542011261;-0.05238720774650574;0.8954876065254211;-0.18261569738388062;0.45325514674186707
48;4;2;9.7377017728112;0.9953847649417931;0.9629629254341125;0.9628760814666748;0.25895726680755615;0.2619035542011261;0.026296457275748253;0.6877159476280212;0.7676738500595093;0.917182981967926
48;4;3;6.943242956138782;0.8499006410418488;0.9629629254341125;0.9628760814666748;0.25895726680755615;0.2619035542011261;0.4785289466381073;1.1973217725753784;-0.34131354093551636;1.2853621244430542
49;4;1;9.736691449414408;0.9966696407799063;0.9645732641220093;0.9638588428497314;0.25683173537254333;0.25888392329216003;-0.05632726475596428;0.9003423452377319;-0.181718647480011;0.46483176946640015
49;4;2;9.743467545322723;0.9969166838987569;0.9645732641220093;0.9638588428497314;0.25683173537254333;0.25888392329216003;0.025969984009861946;0.6934605836868286;0.7683954238891602;0.9376669526100159
49;4;3;6.924071804905138;0.8513264898498623;0.9645732641220093;0.9638588428497314;0.25683173537254333;0.25888392329216003;0.4803463816642761;1.2102802991867065;-0.34310925006866455;1.2879016399383545
50;4;1;9.731967321787032;0.9973957837817693;0.9649758338928223;0.9644960165023804;0.2528829872608185;0.25531530380249023;-0.059794336557388306;0.9044775366783142;-0.1807633936405182;0.4785963296890259
50;4;2;9.73954546670485;0.9950617451260513;0.9649758338928223;0.9644960165023804;0.2528829872608185;0.25531530380249023;0.025454331189393997;0.6990231275558472;0.7675719261169434;0.9565947651863098
50;4;3;6.899924786753797;0.8602241921268519;0.9649758338928223;0.9644960165023804;0.2528829872608185;0.25531530380249023;0.48153889179229736;1.2222381830215454;-0.3449399471282959;1.2904906272888184
51;4;1;9.735667562461991;0.9985255794902841;0.9649758338928223;0.9651182889938354;0.2482949048280716;0.25178369879722595;-0.06290101259946823;0.9079614281654358;-0.1803160011768341;0.4929419755935669
51;4;2;9.736273338450385;0.9974601375219798;0.9649758338928223;0.9651182889938354;0.2482949048280716;0.25178369879722595;0.024967718869447708;0.7042034268379211;0.7658001184463501;0.9752534627914429
51;4;3;6.9290102335975305;0.8589133519272192;0.9649758338928223;0.9651182889938354;0.2482949048280716;0.25178369879722595;0.482611745595932;1.2332725524902344;-0.34637635946273804;1.2925220727920532
52;4;1;9.721937654018696;0.9961132445197833;0.9665861129760742;0.9657405614852905;0.24418425559997559;0.24866816401481628;-0.06582065671682358;0.9107856750488281;-0.1809559315443039;0.506840705871582
52;4;2;9.714607021222566;0.9896653809776943;0.9665861129760742;0.9657405614852905;0.24418425559997559;0.24866816401481628;0.024602612480521202;0.7088491916656494;0.7634477615356445;0.9949039816856384
52;4;3;6.914979086006451;0.8562348986826152;0.9665861129760742;0.9657405614852905;0.24418425559997559;0.24866816401481628;0.4840371012687683;1.2434674501419067;-0.3470405340194702;1.2934613227844238
53;4;1;9.734700496439487;0.9959424854862604;0.9661835432052612;0.966288685798645;0.24066287279129028;0.24604707956314087;-0.0686478540301323;0.9131579399108887;-0.1829541027545929;0.5189356207847595
53;4;2;9.739711219006644;0.99523193074441;0.9661835432052612;0.966288685798645;0.24066287279129028;0.24604707956314087;0.024562645703554153;0.7128753662109375;0.761103093624115;1.0159852504730225
53;4;3;6.938700396134349;0.8608098933611696;0.9661835432052612;0.966288685798645;0.24066287279129028;0.24604707956314087;0.4861123561859131;1.2529352903366089;-0.3467378616333008;1.293033242225647
54;4;1;9.724872111178307;0.9952625735839078;0.9661835432052612;0.9668368697166443;0.23809714615345;0.24328087270259857;-0.07135430723428726;0.9152351021766663;-0.18618465960025787;0.5292840003967285
54;4;2;9.727990522920702;0.9954218796849865;0.9661835432052612;0.9668368697166443;0.23809714615345;0.24328087270259857;0.024820933118462563;0.7164037227630615;0.7588250637054443;1.038219690322876
54;4;3;6.975014742799903;0.8757781737938224;0.9661835432052612;0.9668368697166443;0.23809714615345;0.24328087270259857;0.4888037443161011;1.2618354558944702;-0.3455936312675476;1.2914150953292847
55;4;1;9.735710462137263;0.9964928274158211;0.9661835432052612;0.9673208594322205;0.2368154078722;0.2403857409954071;-0.07372760772705078;0.9172303676605225;-0.1901216357946396;0.5386855006217957
55;4;2;9.745333685758364;0.9966345274475366;0.9661835432052612;0.9673208594322205;0.2368154078722;0.2403857409954071;0.025301791727542877;0.7197084426879883;0.7564702033996582;1.0605409145355225
55;4;3;6.982884467972255;0.865720688063643;0.9661835432052612;0.9673208594322205;0.2368154078722;0.2403857409954071;0.49179038405418396;1.2703627347946167;-0.3440006375312805;1.289162278175354
56;4;1;9.737259479317636;0.996962693621235;0.9669886827468872;0.9679530262947083;0.23578834533691406;0.23786859214305878;-0.07549258321523666;0.9193710088729858;-0.19407829642295837;0.5482642650604248
56;4;2;9.745090842249958;0.9971556424178942;0.9669886827468872;0.9679530262947083;0.23578834533691406;0.23786859214305878;0.025877078995108604;0.7231252193450928;0.7537992000579834;1.081528663635254
56;4;3;7.0584720561876555;0.8798082615583951;0.9669886827468872;0.9679530262947083;0.23578834533691406;0.23786859214305878;0.4946202039718628;1.27870512008667;-0.34246188402175903;1.2869861125946045
57;4;1;9.738010239632011;0.997851197749327;0.9690015316009521;0.9685061573982239;0.23484192788600922;0.2358318418264389;-0.07641379535198212;0.9219059944152832;-0.19743816554546356;0.5586832165718079
57;4;2;9.74351709110179;0.9982354219970091;0.9690015316009521;0.9685061573982239;0.23484192788600922;0.2358318418264389;0.02651333063840866;0.7269138097763062;0.7507228851318359;1.0999877452850342
57;4;3;7.07607099857386;0.8889761695134055;0.9690015316009521;0.9685061573982239;0.23484192788600922;0.2358318418264389;0.49693459272384644;1.2870076894760132;-0.34137147665023804;1.2854440212249756
58;4;1;9.741659554291104;0.9996467918362129;0.9690016508102417;0.9690494537353516;0.23365139961242676;0.2339707762002945;-0.07641482353210449;0.9250379800796509;-0.19995060563087463;0.5698152184486389
58;4;2;9.748867287069583;0.9997735831725194;0.9690016508102417;0.9690494537353516;0.23365139961242676;0.2339707762002945;0.027203084900975227;0.7311749458312988;0.7473584413528442;1.115414023399353
58;4;3;7.122311420542765;0.8876794011089508;0.9690016508102417;0.9690494537353516;0.23365139961242676;0.2339707762002945;0.49860888719558716;1.295350193977356;-0.34087687730789185;1.2847446203231812
59;4;1;9.745325431316573;0.9985095659757022;0.9702093601226807;0.969548225402832;0.23157340288162231;0.2317740023136139;-0.07558604329824448;0.9287236332893372;-0.20176981389522552;0.5814015865325928
59;4;2;9.746234780873671;0.9980816842444185;0.9702093601226807;0.969548225402832;0.23157340288162231;0.2317740023136139;0.02796201780438423;0.7358373999595642;0.7437841892242432;1.1283501386642456
59;4;3;7.119431283386003;0.8905144991211991;0.9702093601226807;0.969548225402832;0.23157340288162231;0.2317740023136139;0.49979743361473083;1.3037495613098145;-0.3408403992652893;1.2846930027008057
60;4;1;9.740309210505075;0.9987495242573345;0.9714170694351196;0.9701606631278992;0.2282002568244934;0.22933723032474518;-0.07408685237169266;0.9329077005386353;-0.20313449203968048;0.5924985408782959
60;4;2;9.748057609531752;0.9986832083718369;0.9714170694351196;0.9701606631278992;0.2282002568244934;0.22933723032474518;0.02888709120452404;0.7406813502311707;0.7403001189231873;1.1399133205413818
60;4;3;7.106741935662608;0.8942653634016278;0.9714170694351196;0.9701606631278992;0.2282002568244934;0.22933723032474518;0.5008651614189148;1.312170386314392;-0.34091389179229736;1.284796953201294
61;4;1;9.737588725551326;0.9956158025025417;0.9718196392059326;0.9706347584724426;0.2243327647447586;0.22701315581798553;-0.07207490503787994;0.9376040697097778;-0.20438523590564728;0.6017376184463501
61;4;2;9.744937452623716;0.9963708061913934;0.9718196392059326;0.9706347584724426;0.2243327647447586;0.22701315581798553;0.030146561563014984;0.7454470992088318;0.7373347282409668;1.1511908769607544
61;4;3;7.085050670450224;0.8883498351984862;0.9718196392059326;0.9706347584724426;0.2243327647447586;0.22701315581798553;0.5021974444389343;1.3205463886260986;-0.34072381258010864;1.284528136253357
62;4;1;9.741032503412917;0.9960550538343611;0.9722222089767456;0.9712718725204468;0.22074702382087708;0.22455397248268127;-0.06959118694067001;0.9426612854003906;-0.2057037353515625;0.6089217662811279
62;4;2;9.741972345374403;0.9959655584067697;0.9722222089767456;0.9712718725204468;0.22074702382087708;0.22455397248268127;0.03170322626829147;0.7499870657920837;0.734879195690155;1.1629730463027954
62;4;3;7.0479686687799;0.8699097872534711;0.9722222089767456;0.9712718725204468;0.22074702382087708;0.22455397248268127;0.5039743781089783;1.328819751739502;-0.3400805592536926;1.283618450164795
63;4;1;9.737975078003977;0.9963852878354231;0.9730272889137268;0.9719829559326172;0.2177257090806961;0.22186751663684845;-0.06656135618686676;0.947934627532959;-0.20712624490261078;0.6144883632659912
63;4;2;9.74064893694095;0.9969449341633698;0.9730272889137268;0.9719829559326172;0.2177257090806961;0.22186751663684845;0.03345109149813652;0.7542862296104431;0.7327474355697632;1.1753956079483032
63;4;3;7.0096235714306765;0.8788203745772059;0.9730272889137268;0.9719829559326172;0.2177257090806961;0.22186751663684845;0.5061367750167847;1.3369660377502441;-0.3390124440193176;1.2821078300476074
64;4;1;9.735582806635904;0.9959131530297967;0.9734299182891846;0.9727386236190796;0.2152206301689148;0.21931232511997223;-0.06286566704511642;0.9531900882720947;-0.2085110992193222;0.6196284294128418
64;4;2;9.739122422013718;0.9964172512801106;0.9734299182891846;0.9727386236190796;0.2152206301689148;0.21931232511997223;0.03517152741551399;0.7584218978881836;0.7305106520652771;1.1882946491241455
64;4;3;6.98933908248681;0.8956452289271333;0.9734299182891846;0.9727386236190796;0.2152206301689148;0.21931232511997223;0.5084725022315979;1.3449876308441162;-0.33768540620803833;1.2802311182022095
65;4;1;9.740312115647136;0.9943227204476841;0.9746377468109131;0.9733954668045044;0.21322230994701385;0.21695595979690552;-0.058414436876773834;0.9583610892295837;-0.20972584187984467;0.6249101161956787
65;4;2;9.741181651079014;0.9948512027708993;0.9746377468109131;0.9733954668045044;0.21322230994701385;0.21695595979690552;0.03673515468835831;0.7624644637107849;0.7279893755912781;1.2013607025146484
65;4;3;6.928746528988725;0.8871656754906887;0.9746377468109131;0.9733954668045044;0.21322230994701385;0.21695595979690552;0.5108022689819336;1.3529024124145508;-0.3362424373626709;1.2781904935836792
66;4;1;9.739138326545337;0.9922026536574506;0.9754428863525391;0.9740028381347656;0.21064406633377075;0.21450480818748474;-0.05325387790799141;0.9632980823516846;-0.21080449223518372;0.6308857202529907
66;4;2;9.745260045454703;0.9910734849950096;0.9754428863525391;0.9740028381347656;0.21064406633377075;0.21450480818748474;0.038033463060855865;0.7664375305175781;0.7249757051467896;1.2147111892700195
66;4;3;6.913655734696292;0.8853651763483334;0.9754428863525391;0.9740028381347656;0.21064406633377075;0.21450480818748474;0.5130811929702759;1.360736608505249;-0.33471858501434326;1.2760354280471802
67;4;1;9.731332352528035;0.9965574097822198;0.9766505360603333;0.9746991991996765;0.2071935087442398;0.21172389388084412;-0.04754073545336723;0.968055784702301;-0.21181361377239227;0.6370901465415955
67;4;2;9.74089757580758;0.9973055190021753;0.9766505360603333;0.9746991991996765;0.2071935087442398;0.21172389388084412;0.03912610560655594;0.7702907919883728;0.7216193675994873;1.2286871671676636
67;4;3;6.895323492723644;0.8891627082921705;0.9766505360603333;0.9746991991996765;0.2071935087442398;0.21172389388084412;0.5154489278793335;1.3685228824615479;-0.3330056071281433;1.2736129760742188
68;4;1;9.740342649538;0.9948882902440772;0.977858304977417;0.9757165908813477;0.2033737450838089;0.20872576534748077;-0.041502296924591064;0.9726969003677368;-0.2129848450422287;0.642864465713501
68;4;2;9.749689874598484;0.9945068302292519;0.977858304977417;0.9757165908813477;0.2033737450838089;0.20872576534748077;0.040130432695150375;0.7739495635032654;0.7181302309036255;1.243818759918213
68;4;3;6.93203280680652;0.8896461635342519;0.977858304977417;0.9757165908813477;0.2033737450838089;0.20872576534748077;0.5181444883346558;1.376301884651184;-0.3309321403503418;1.2706806659698486
69;4;1;9.7375249143127;0.9970528854532574;0.9798711538314819;0.9766796231269836;0.1998307704925537;0.20573076605796814;-0.03534093499183655;0.9773604869842529;-0.21440410614013672;0.647559404373169
69;4;2;9.74354567895093;0.9961474423616394;0.9798711538314819;0.9766796231269836;0.1998307704925537;0.20573076605796814;0.041190315037965775;0.7773858308792114;0.7147287130355835;1.2604026794433594
69;4;3;6.966870470383872;0.8900256690557118;0.9798711538314819;0.9766796231269836;0.1998307704925537;0.20573076605796814;0.5213667750358582;1.384129524230957;-0.3283841013908386;1.267077088356018
70;4;1;9.735408923089778;0.9950779488682358;0.9810788631439209;0.9775933027267456;0.19695718586444855;0.20275476574897766;-0.029174787923693657;0.9821946024894714;-0.2159871608018875;0.6510547995567322
70;4;2;9.743720108744924;0.9958500764636895;0.9810788631439209;0.9775933027267456;0.19695718586444855;0.20275476574897766;0.04238263890147209;0.7806895971298218;0.7114959955215454;1.2782143354415894
70;4;3;7.020344399099718;0.8998899818051047;0.9810788631439209;0.9775933027267456;0.19695718586444855;0.20275476574897766;0.5251356363296509;1.3920902013778687;-0.3254120945930481;1.2628741264343262
71;4;1;9.733550936001862;0.9943627036990321;0.9818841218948364;0.9784921407699585;0.1948615163564682;0.19980226457118988;-0.02299303375184536;0.987356960773468;-0.21740145981311798;0.6538289785385132
71;4;2;9.745367659467327;0.9954517042149078;0.9818841218948364;0.9784921407699585;0.1948615163564682;0.19980226457118988;0.04369724914431572;0.7840787768363953;0.7083501815795898;1.29643976688385
71;4;3;7.056991858726995;0.9077320445522314;0.9818841218948364;0.9784921407699585;0.1948615163564682;0.19980226457118988;0.5292467474937439;1.4002951383590698;-0.32225167751312256;1.2584046125411987
72;4;1;9.753934982958114;0.998714560916568;0.9830918312072754;0.9791786670684814;0.19351054728031158;0.19701369106769562;-0.01670941710472107;0.9929249286651611;-0.21821044385433197;0.6568906307220459
72;4;2;9.763008176858495;0.999308956017849;0.9830918312072754;0.9791786670684814;0.19351054728031158;0.19701369106769562;0.04501493275165558;0.7878252863883972;0.7050132751464844;1.3140780925750732
72;4;3;7.084394581225121;0.9066169307010341;0.9830918312072754;0.9791786670684814;0.19351054728031158;0.19701369106769562;0.5333709716796875;1.4088531732559204;-0.31922513246536255;1.254124402999878
73;4;1;9.754132498868977;0.9989777133097206;0.9838969707489014;0.9798255562782288;0.19225434958934784;0.19437605142593384;-0.010264426469802856;0.9989466667175293;-0.21812847256660461;0.6609045267105103
73;4;2;9.762423375350156;0.9991152657622386;0.9838969707489014;0.9798255562782288;0.19225434958934784;0.19437605142593384;0.04625065624713898;0.7921085953712463;0.7013111114501953;1.3304272890090942
73;4;3;7.10895165371479;0.9129253713693437;0.9838969707489014;0.9798255562782288;0.19225434958934784;0.19437605142593384;0.5372744798660278;1.4178268909454346;-0.3165540099143982;1.2503468990325928
74;4;1;9.763231843329152;0.9992920676458112;0.9855072498321533;0.9805021286010742;0.19015400111675262;0.19163130223751068;-0.003692466067150235;1.0054060220718384;-0.2171841859817505;0.6658482551574707
74;4;2;9.765549918808304;0.9982537855253248;0.9855072498321533;0.9805021286010742;0.19015400111675262;0.19163130223751068;0.04741821438074112;0.7969202399253845;0.6972610354423523;1.3455090522766113
74;4;3;7.1115379528797344;0.9032987001259318;0.9855072498321533;0.9805021286010742;0.19015400111675262;0.19163130223751068;0.5409724116325378;1.4272050857543945;-0.3142353296279907;1.2470678091049194
75;4;1;9.74884949534465;0.9955879029568777;0.9859098196029663;0.9811442494392395;0.18705548346042633;0.1886967271566391;0.002893513534218073;1.0122257471084595;-0.21564355492591858;0.6711055040359497
75;4;2;9.758962007000868;0.9952759049857072;0.9859098196029663;0.9811442494392395;0.18705548346042633;0.1886967271566391;0.04860738292336464;0.8020793795585632;0.6930426359176636;1.3600043058395386
75;4;3;7.087734696183107;0.9123690446214585;0.9859098196029663;0.9811442494392395;0.18705548346042633;0.1886967271566391;0.5447017550468445;1.4369099140167236;-0.3120686411857605;1.2440036535263062
76;4;1;9.753060148685314;0.9958192215468031;0.9859098196029663;0.981682538986206;0.1838146150112152;0.18573953211307526;0.00937190093100071;1.0192780494689941;-0.2138676643371582;0.6759868264198303
76;4;2;9.759894548241519;0.9959685345246001;0.9859098196029663;0.981682538986206;0.1838146150112152;0.18573953211307526;0.04990456998348236;0.8073517680168152;0.6888469457626343;1.3747702836990356
76;4;3;7.06573148258207;0.923744227052314;0.9859098196029663;0.981682538986206;0.1838146150112152;0.18573953211307526;0.5487374663352966;1.4468364715576172;-0.30980753898620605;1.2408058643341064
77;4;1;9.747521418382455;0.9997409738098497;0.9867150187492371;0.9822158813476562;0.18102805316448212;0.18280941247940063;0.015695054084062576;1.026387333869934;-0.2122282087802887;0.6802787184715271
77;4;2;9.749559206086705;0.9998968897657114;0.9867150187492371;0.9822158813476562;0.18102805316448212;0.18280941247940063;0.05130439251661301;0.8125806450843811;0.6847237944602966;1.3903350830078125
77;4;3;7.036510997764443;0.9098001713896515;0.9867150187492371;0.9822158813476562;0.18102805316448212;0.18280941247940063;0.5531923770904541;1.456902265548706;-0.3073202967643738;1.2372883558273315
78;4;1;9.765912921619744;0.9980323383997671;0.987520158290863;0.9826455116271973;0.17884056270122528;0.17988993227481842;0.02195407822728157;1.033408522605896;-0.21078644692897797;0.6843509674072266
78;4;2;9.771836076703291;0.9987316453719792;0.987520158290863;0.9826455116271973;0.17884056270122528;0.17988993227481842;0.05265096202492714;0.8177531957626343;0.6805245876312256;1.4066840410232544
78;4;3;7.008035405008442;0.9172081279477293;0.987520158290863;0.9826455116271973;0.17884056270122528;0.17988993227481842;0.5579624176025391;1.4670729637145996;-0.30463671684265137;1.2334932088851929
79;4;1;9.756927245984855;0.9978306607950387;0.9871175289154053;0.9830455780029297;0.17703324556350708;0.17706330120563507;0.02832787111401558;1.040253758430481;-0.2095029205083847;0.6888847947120667
79;4;2;9.762614260946059;0.9982189442400298;0.9871175289154053;0.9830455780029297;0.17703324556350708;0.17706330120563507;0.05364929139614105;0.8229796290397644;0.6759404540061951;1.4234317541122437
79;4;3;6.9345038784052715;0.9194108937377301;0.9871175289154053;0.9830455780029297;0.17703324556350708;0.17706330120563507;0.5628657341003418;1.4773414134979248;-0.3018537759780884;1.2295576333999634
80;4;1;9.777205715018816;0.9965581037162963;0.987520158290863;0.9835097789764404;0.17488029599189758;0.17417168617248535;0.034820593893527985;1.0468138456344604;-0.20845849812030792;0.6940928101539612
80;4;2;9.78162404088539;0.996928887882877;0.987520158290863;0.9835097789764404;0.17488029599189758;0.17417168617248535;0.0542387031018734;0.8282336592674255;0.670909583568573;1.4406468868255615
80;4;3;6.92337730213502;0.923973429420764;0.987520158290863;0.9835097789764404;0.17488029599189758;0.17417168617248535;0.567863941192627;1.48768949508667;-0.29898130893707275;1.2254953384399414
81;4;1;9.76483164169263;0.9982755601828188;0.987922728061676;0.9841617345809937;0.17222754657268524;0.1711427867412567;0.041351962834596634;1.053105354309082;-0.20782950520515442;0.6995095610618591
81;4;2;9.767775753000521;0.9989304556989751;0.987922728061676;0.9841617345809937;0.17222754657268524;0.1711427867412567;0.05452755466103554;0.8334238529205322;0.6656031012535095;1.4586173295974731
81;4;3;6.892636605024942;0.9138244924862171;0.987922728061676;0.9841617345809937;0.17222754657268524;0.1711427867412567;0.5730973482131958;1.4980814456939697;-0.2959226369857788;1.2211697101593018
82;4;1;9.777331421477392;0.999781637042112;0.988727867603302;0.9848135709762573;0.169264554977417;0.16789038479328156;0.04799666628241539;1.0593643188476562;-0.2076149433851242;0.7046563625335693
82;4;2;9.773214134338087;0.9999095202660016;0.988727867603302;0.9848135709762573;0.169264554977417;0.16789038479328156;0.05439459905028343;0.8386406302452087;0.6600047945976257;1.4771736860275269
82;4;3;6.904171446973455;0.9295864917784211;0.988727867603302;0.9848135709762573;0.169264554977417;0.16789038479328156;0.5787456035614014;1.508490800857544;-0.292574405670166;1.2164345979690552
83;4;1;9.759999972165573;0.9954083008962442;0.989130437374115;0.9855741262435913;0.16554157435894012;0.1644183099269867;0.05462528392672539;1.0656424760818481;-0.20804286003112793;0.7090324759483337
83;4;2;9.755729098969624;0.9956868151536078;0.989130437374115;0.9855741262435913;0.16554157435894012;0.1644183099269867;0.05403563380241394;0.8438134789466858;0.6543339490890503;1.4965583086013794
83;4;3;6.884932631105842;0.9276857940309142;0.989130437374115;0.9855741262435913;0.16554157435894012;0.1644183099269867;0.5849692821502686;1.5189040899276733;-0.28885966539382935;1.2111811637878418
84;4;1;9.759074646840105;0.9959169560281182;0.9899356365203857;0.9864038228988647;0.16231414675712585;0.16073228418827057;0.06135110184550285;1.0721356868743896;-0.20888319611549377;0.7127465605735779
84;4;2;9.757617450636321;0.9963528251581515;0.9899356365203857;0.9864038228988647;0.16231414675712585;0.16073228418827057;0.05330508202314377;0.8491299748420715;0.648467481136322;1.5161954164505005
84;4;3;6.928635365699391;0.9298415505478488;0.9899356365203857;0.9864038228988647;0.16231414675712585;0.16073228418827057;0.5917203426361084;1.5293552875518799;-0.2848474979400635;1.2055070400238037
85;4;1;9.77946047179124;0.9956459375000648;0.9915459156036377;0.9872385263442993;0.15911780297756195;0.15666437149047852;0.0682608112692833;1.0789355039596558;-0.20987334847450256;0.7161161303520203
85;4;2;9.777756716553771;0.9967347210844224;0.9915459156036377;0.9872385263442993;0.15911780297756195;0.15666437149047852;0.05213697999715805;0.8547378778457642;0.6423342227935791;1.5355477333068848
85;4;3;6.960667406908126;0.9320608957000225;0.9915459156036377;0.9872385263442993;0.15911780297756195;0.15666437149047852;0.5988229513168335;1.539906620979309;-0.28068047761917114;1.1996140480041504
86;4;1;9.781812146056353;0.9967659146234951;0.9923510551452637;0.9881373643875122;0.15525780618190765;0.15229356288909912;0.07555048912763596;1.086208701133728;-0.21079421043395996;0.7195742130279541
86;4;2;9.779349564639674;0.9977318943758959;0.9923510551452637;0.9881373643875122;0.15525780618190765;0.15229356288909912;0.05021907761693001;0.8609058260917664;0.6356360912322998;1.553830623626709
86;4;3;6.920401013018411;0.9434958705812964;0.9923510551452637;0.9881373643875122;0.15525780618190765;0.15229356288909912;0.6061171293258667;1.5506089925765991;-0.27647101879119873;1.1936609745025635
87;4;1;9.756028091872125;0.9935710086213021;0.9923510551452637;0.989174485206604;0.14996065199375153;0.14670519530773163;0.08325573056936264;1.093998670578003;-0.21172891557216644;0.7229892015457153
87;4;2;9.754671623177188;0.9937292589509674;0.9923510551452637;0.989174485206604;0.14996065199375153;0.14670519530773163;0.04743751138448715;0.8676797151565552;0.6283581852912903;1.5710376501083374
87;4;3;6.859390712163336;0.9400057095766652;0.9923510551452637;0.989174485206604;0.14996065199375153;0.14670519530773163;0.6136028170585632;1.5614838600158691;-0.27218079566955566;1.187593698501587
88;4;1;9.7623977002267;0.9988324196974574;0.9927536249160767;0.9904584884643555;0.1432805359363556;0.14045469462871552;0.09120651334524155;1.1022354364395142;-0.21302543580532074;0.7255195379257202
88;4;2;9.75959748345199;0.9995633378584898;0.9927536249160767;0.9904584884643555;0.1432805359363556;0.14045469462871552;0.043978311121463776;0.8748368620872498;0.6208621263504028;1.5879919528961182
88;4;3;6.826366323555668;0.954974849731542;0.9927536249160767;0.9904584884643555;0.1432805359363556;0.14045469462871552;0.6214549541473389;1.5725067853927612;-0.26761579513549805;1.1811378002166748
89;4;1;9.781590205859281;0.9960548741322839;0.9935587644577026;0.9916141033172607;0.13638420403003693;0.13414233922958374;0.09923435747623444;1.1108522415161133;-0.21504206955432892;0.7263180613517761
89;4;2;9.773097078495969;0.9966917826883552;0.9935587644577026;0.9916141033172607;0.13638420403003693;0.13414233922958374;0.04000970721244812;0.8821532130241394;0.6134923696517944;1.6054795980453491
89;4;3;6.80553623603261;0.9615289597930392;0.9935587644577026;0.9916141033172607;0.13638420403003693;0.13414233922958374;0.629828155040741;1.5836479663848877;-0.2625850439071655;1.1740232706069946
90;4;1;9.785039900177843;0.9963234291367797;0.9943639039993286;0.9926315546035767;0.12981989979743958;0.1279015839099884;0.10719350725412369;1.11971116065979;-0.2179243564605713;0.7250699996948242
90;4;2;9.771520367812712;0.9972807894934945;0.9943639039993286;0.9926315546035767;0.12981989979743958;0.1279015839099884;0.03569657355546951;0.8894500732421875;0.6065291166305542;1.6239898204803467
90;4;3;6.750359553788243;0.9562783325855477;0.9943639039993286;0.9926315546035767;0.12981989979743958;0.1279015839099884;0.6386731863021851;1.5949212312698364;-0.25705182552337646;1.1661980152130127
91;4;1;9.78695673860176;0.9981119103000822;0.9959741830825806;0.993480920791626;0.12433267384767532;0.12189469486474991;0.11497598886489868;1.12862229347229;-0.2215791493654251;0.7221709489822388
91;4;2;9.768673098061615;0.998306118865468;0.9959741830825806;0.993480920791626;0.12433267384767532;0.12189469486474991;0.03113962896168232;0.8966492414474487;0.6000791788101196;1.643573522567749
91;4;3;6.664109779139903;0.9695511866840079;0.9959741830825806;0.993480920791626;0.12433267384767532;0.12189469486474991;0.6477575898170471;1.6063761711120605;-0.25114762783050537;1.1578482389450073
92;4;1;9.777867522121923;0.9969807865610818;0.9967794418334961;0.9940192699432373;0.12130960077047348;0.1167154461145401;0.12245805561542511;1.1374009847640991;-0.2257860153913498;0.718306839466095
92;4;2;9.75620961876568;0.9970364419766362;0.9967794418334961;0.9940192699432373;0.12130960077047348;0.1167154461145401;0.026475271210074425;0.9037166833877563;0.5942353010177612;1.6640090942382812
92;4;3;6.609616329982327;0.9686759121239596;0.9967794418334961;0.9940192699432373;0.12130960077047348;0.1167154461145401;0.6567726135253906;1.6180716753005981;-0.24510473012924194;1.149302363395691
93;4;1;9.784738940821093;0.9979930380565278;0.9971820116043091;0.9946810603141785;0.12165990471839905;0.11237597465515137;0.12958373129367828;1.1459674835205078;-0.23016177117824554;0.7143058776855469
93;4;2;9.761870288197407;0.9983052397050542;0.9971820116043091;0.9946810603141785;0.12165990471839905;0.11237597465515137;0.021766696125268936;0.9107161164283752;0.5889658331871033;1.6847363710403442
93;4;3;6.550575748888846;0.9720230265236101;0.9971820116043091;0.9946810603141785;0.12165990471839905;0.11237597465515137;0.6654118299484253;1.6300569772720337;-0.23919051885604858;1.140938401222229
94;4;1;9.790131079960418;0.9966952716872655;0.9963767528533936;0.9951205253601074;0.12266412377357483;0.10915198922157288;0.13623932003974915;1.1542052030563354;-0.23445487022399902;0.7106334567070007
94;4;2;9.756422499605648;0.997168977048041;0.9963767528533936;0.9951205253601074;0.12266412377357483;0.10915198922157288;0.017220688983798027;0.9175868034362793;0.5844483375549316;1.7055531740188599
94;4;3;6.508138588648684;0.9718433310331616;0.9963767528533936;0.9951205253601074;0.12266412377357483;0.10915198922157288;0.6734632253646851;1.6423473358154297;-0.23361462354660034;1.1330528259277344
95;4;1;9.788162719882486;0.9990349169731587;0.9963767528533936;0.9954217672348022;0.12343332171440125;0.10685329884290695;0.14233198761940002;1.162078857421875;-0.23843584954738617;0.7074980735778809
95;4;2;9.747784165949763;0.999645325436731;0.9963767528533936;0.9954217672348022;0.12343332171440125;0.10685329884290695;0.01300857961177826;0.9242710471153259;0.5808324217796326;1.7262928485870361
95;4;3;6.430972952824241;0.9695491003385648;0.9963767528533936;0.9954217672348022;0.12343332171440125;0.10685329884290695;0.6808199882507324;1.6549183130264282;-0.22850584983825684;1.1258279085159302
96;4;1;9.78262071211428;0.9975154323641036;0.9963768720626831;0.9956045746803284;0.12345165014266968;0.10465369373559952;0.1477862447500229;1.1695897579193115;-0.24216151237487793;0.704809308052063
96;4;2;9.738915027679447;0.9977718200291612;0.9963768720626831;0.9956045746803284;0.12345165014266968;0.10465369373559952;0.009281015954911709;0.9307006001472473;0.5782594680786133;1.7469041347503662
96;4;3;6.383607551901672;0.967951587031207;0.9963768720626831;0.9956045746803284;0.12345165014266968;0.10465369373559952;0.6874779462814331;1.6677151918411255;-0.22390800714492798;1.1193256378173828
97;4;1;9.787948689145779;0.9987416463131282;0.9959743022918701;0.9957330226898193;0.12272191792726517;0.10244307667016983;0.1526196300983429;1.176831841468811;-0.2455594539642334;0.7025499939918518
97;4;2;9.725945565014307;0.9994202760771103;0.9959743022918701;0.9957330226898193;0.12272191792726517;0.10244307667016983;0.006056404206901789;0.9369018077850342;0.5766757726669312;1.767138123512268
97;4;3;6.332583825519347;0.9677339630084614;0.9959743022918701;0.9957330226898193;0.12272191792726517;0.10244307667016983;0.6934882402420044;1.6806632280349731;-0.21981924772262573;1.1135432720184326
98;4;1;9.788722696318331;0.998695055967346;0.9963768720626831;0.9959009289741516;0.12130843847990036;0.0999915674328804;0.15687192976474762;1.1839301586151123;-0.24866238236427307;0.7004886865615845
98;4;2;9.728782395621785;0.9993560627470544;0.9963768720626831;0.9959009289741516;0.12130843847990036;0.0999915674328804;0.0033420086838304996;0.9429020881652832;0.5760228037834167;1.7868024110794067
98;4;3;6.26646060647249;0.9820450280370547;0.9963768720626831;0.9959009289741516;0.12130843847990036;0.0999915674328804;0.6989542841911316;1.6936711072921753;-0.2161923050880432;1.1084139347076416
99;4;1;9.789234132150696;0.997494619368652;0.9963768720626831;0.9960144758224487;0.11955002695322037;0.0974578857421875;0.1606253981590271;1.1909888982772827;-0.25148361921310425;0.6984589695930481
99;4;2;9.71053897274961;0.9976838143059155;0.9963768720626831;0.9960144758224487;0.11955002695322037;0.0974578857421875;0.001100572058930993;0.9487403631210327;0.5761725306510925;1.8057128190994263
99;4;3;6.184588248852609;0.9767601920278821;0.9963768720626831;0.9960144758224487;0.11955002695322037;0.0974578857421875;0.7039859294891357;1.7066411972045898;-0.21297135949134827;1.1038588285446167
100;4;1;9.79497698015087;0.9994725124135115;0.9951690435409546;0.9960835576057434;0.11777528375387192;0.09501027315855026;0.16397544741630554;1.1980822086334229;-0.25408539175987244;0.6962353587150574
100;4;2;9.71243760270955;0.9998155589020072;0.9951690435409546;0.9960835576057434;0.11777528375387192;0.09501027315855026;-0.0006966909277252853;0.9544364213943481;0.5770264267921448;1.8237391710281372
100;4;3;6.087064153331955;0.9714317778498351;0.9951690435409546;0.9960835576057434;0.11777528375387192;0.09501027315855026;0.7086734771728516;1.7194784879684448;-0.21011069416999817;1.0998132228851318
101;4;1;9.793689183478904;0.9970325932183144;0.9951690435409546;0.9961082935333252;0.11621779948472977;0.09280449897050858;0.1670195460319519;1.2051435708999634;-0.2565244138240814;0.6939197778701782
101;4;2;9.703997316449456;0.9977095896398929;0.9951690435409546;0.9961082935333252;0.11621779948472977;0.09280449897050858;-0.0021085580810904503;0.9599760174751282;0.5784296989440918;1.840887188911438
101;4;3;5.99656781406159;0.9778766835200923;0.9951690435409546;0.9961082935333252;0.11621779948472977;0.09280449897050858;0.713064432144165;1.732097864151001;-0.20759281516075134;1.0962525606155396
102;4;1;9.788846190727327;0.9982205015090244;0.9955716133117676;0.9960243701934814;0.11480959504842758;0.09091385453939438;0.16990338265895844;1.2121076583862305;-0.25870272517204285;0.6917048096656799
102;4;2;9.70083380062768;0.9985705695851514;0.9955716133117676;0.9960243701934814;0.11480959504842758;0.09091385453939438;-0.003220860380679369;0.9653623104095459;0.5801947116851807;1.8571101427078247
102;4;3;5.889871425473615;0.9781116160190031;0.9955716133117676;0.9960243701934814;0.11480959504842758;0.09091385453939438;0.7171757221221924;1.7444264888763428;-0.2054172158241272;1.0931756496429443
103;4;1;9.792474747002139;0.9968841945117077;0.9943639039993286;0.9958416223526001;0.11343544721603394;0.08942683041095734;0.1726934164762497;1.2188702821731567;-0.26073434948921204;0.6897450685501099
103;4;2;9.710153322395318;0.9968866141927428;0.9943639039993286;0.9958416223526001;0.11343544721603394;0.08942683041095734;-0.004116551484912634;0.9705750942230225;0.5821520090103149;1.8724510669708252
103;4;3;5.7506088641343815;0.9741550428617742;0.9943639039993286;0.9958416223526001;0.11343544721603394;0.08942683041095734;0.7210229635238647;1.7563977241516113;-0.20357540249824524;1.0905709266662598
104;4;1;9.787891131637693;0.9978980105098998;0.9935587644577026;0.9957724809646606;0.11239396035671234;0.08837021142244339;0.17539796233177185;1.2254350185394287;-0.26263007521629333;0.6882663369178772
104;4;2;9.706404316799592;0.9980474848388532;0.9935587644577026;0.9957724809646606;0.11239396035671234;0.08837021142244339;-0.004941591061651707;0.9756812453269958;0.5840094089508057;1.8867292404174805
104;4;3;5.668944099596484;0.9696074192474775;0.9935587644577026;0.9957724809646606;0.11239396035671234;0.08837021142244339;0.724636971950531;1.7679520845413208;-0.20204055309295654;1.0884003639221191
105;4;1;9.78798632178988;0.9984901673833946;0.9931561946868896;0.9957033395767212;0.11142674833536148;0.08753765374422073;0.1780807077884674;1.2317382097244263;-0.2645881772041321;0.6869562864303589
105;4;2;9.694236790461364;0.9987253039508559;0.9931561946868896;0.9957033395767212;0.11142674833536148;0.08753765374422073;-0.005713176913559437;0.9806089401245117;0.5857359766960144;1.9001950025558472
105;4;3;5.5335483458443395;0.974129916482612;0.9931561946868896;0.9957033395767212;0.11142674833536148;0.08753765374422073;0.7280864119529724;1.7790348529815674;-0.20074903964996338;1.0865739583969116
106;4;1;9.786605836184378;0.9987662390841336;0.9927536249160767;0.9955897331237793;0.11052955687046051;0.08687703311443329;0.18072280287742615;1.2376911640167236;-0.26677343249320984;0.6855767369270325
106;4;2;9.68365482023528;0.9974581261274551;0.9927536249160767;0.9955897331237793;0.11052955687046051;0.08687703311443329;-0.006405369844287634;0.9852651953697205;0.5873779654502869;1.9131770133972168
106;4;3;5.44713150685331;0.9747152403649917;0.9927536249160767;0.9955897331237793;0.11052955687046051;0.08687703311443329;0.7314545512199402;1.7896008491516113;-0.19962558150291443;1.0849851369857788
107;4;1;9.788488832902068;0.9975293301096428;0.9927536249160767;0.9955848455429077;0.109738290309906;0.08630448579788208;0.18332873284816742;1.2432849407196045;-0.26931604743003845;0.6838704943656921
107;4;2;9.684333284048673;0.996245437204724;0.9927536249160767;0.9955848455429077;0.109738290309906;0.08630448579788208;-0.007015451323240995;0.9896136522293091;0.5889416933059692;1.9258356094360352
107;4;3;5.368902347791799;0.9738949732036062;0.9927536249160767;0.9955848455429077;0.109738290309906;0.08630448579788208;0.7348081469535828;1.7996234893798828;-0.19861429929733276;1.083554983139038
108;4;1;9.790772920004223;0.9974797170666037;0.9923510551452637;0.9955946803092957;0.1090485155582428;0.08573617786169052;0.18596504628658295;1.2486308813095093;-0.2720336318016052;0.6818580627441406
108;4;2;9.686730936523698;0.9972673263606815;0.9923510551452637;0.9955946803092957;0.1090485155582428;0.08573617786169052;-0.007630237378180027;0.9937443733215332;0.5902783870697021;1.937955379486084
108;4;3;5.294648782989768;0.9684481052408209;0.9923510551452637;0.9955946803092957;0.1090485155582428;0.08573617786169052;0.7381786704063416;1.8090994358062744;-0.19769495725631714;1.0822547674179077
109;4;1;9.79021989849852;0.9978501757104823;0.9923510551452637;0.995648980140686;0.1083197295665741;0.0850958451628685;0.18864630162715912;1.2538484334945679;-0.2747783660888672;0.6793237924575806
109;4;2;9.680695123192084;0.9983214674786218;0.9923510551452637;0.995648980140686;0.1083197295665741;0.0850958451628685;-0.008220275864005089;0.9977028369903564;0.5914604067802429;1.9494010210037231
109;4;3;5.236913250273208;0.9728529752249298;0.9923510551452637;0.995648980140686;0.1083197295665741;0.0850958451628685;0.7415711283683777;1.8180447816848755;-0.1968691647052765;1.0810868740081787
110;4;1;9.787430450714474;0.9977811784787107;0.9923510551452637;0.9957230687141418;0.10756088048219681;0.08434097468852997;0.1913009136915207;1.2588719129562378;-0.2775619328022003;0.676446259021759
110;4;2;9.662241849690012;0.9964454163708041;0.9923510551452637;0.9957230687141418;0.10756088048219681;0.08434097468852997;-0.008727026171982288;1.001462459564209;0.5925766229629517;1.9602893590927124
110;4;3;5.183710910409879;0.9664670917967104;0.9923510551452637;0.9957230687141418;0.10756088048219681;0.08434097468852997;0.7449523210525513;1.8264952898025513;-0.19616550207138062;1.0800918340682983
111;4;1;9.785108914201295;0.997451380552782;0.9923510551452637;0.9957626461982727;0.10688550770282745;0.0835394412279129;0.19391123950481415;1.263637661933899;-0.2802625298500061;0.6738858819007874
111;4;2;9.678907160731928;0.9976421594090255;0.9923510551452637;0.9957626461982727;0.10688550770282745;0.0835394412279129;-0.009218089282512665;1.0050811767578125;0.5934768915176392;1.970536470413208
111;4;3;5.148563424188456;0.9763501563868928;0.9923510551452637;0.9957626461982727;0.10688550770282745;0.0835394412279129;0.7482575178146362;1.8345017433166504;-0.1956346035003662;1.079340934753418
112;4;1;9.783170122158296;0.9975548571570201;0.9927536249160767;0.9958317279815674;0.10614262521266937;0.08272746205329895;0.19651398062705994;1.2682232856750488;-0.282591849565506;0.6719136834144592
112;4;2;9.668748837512734;0.997728832767514;0.9927536249160767;0.9958317279815674;0.10614262521266937;0.08272746205329895;-0.009733280166983604;1.0086452960968018;0.5940968990325928;1.9799394607543945
112;4;3;5.1271862761564115;0.9767627834108978;0.9927536249160767;0.9958317279815674;0.10614262521266937;0.08272746205329895;0.7514420747756958;1.8421121835708618;-0.195308655500412;1.0788800716400146
113;4;1;9.781175165107001;0.998664410707633;0.9947664737701416;0.9958909749984741;0.10525738447904587;0.08197639137506485;0.19911137223243713;1.272672414779663;-0.28437578678131104;0.6705763339996338
113;4;2;9.678230765711529;0.9981690527172482;0.9947664737701416;0.9958909749984741;0.10525738447904587;0.08197639137506485;-0.01026167906820774;1.0121783018112183;0.5944690704345703;1.9884980916976929
113;4;3;5.101764300168043;0.9744976473411473;0.9947664737701416;0.9958909749984741;0.10525738447904587;0.08197639137506485;0.754503607749939;1.8493645191192627;-0.19517973065376282;1.078697681427002
114;4;1;9.780463293737164;0.9989240120463805;0.9951690435409546;0.995945394039154;0.10425806790590286;0.08136315643787384;0.20158973336219788;1.2769668102264404;-0.28575170040130615;0.6698364615440369
114;4;2;9.672412236419511;0.996561413271845;0.9951690435409546;0.995945394039154;0.10425806790590286;0.08136315643787384;-0.010760355740785599;1.0156549215316772;0.5946902632713318;1.9963685274124146
114;4;3;5.06344020291893;0.9729498587832506;0.9951690435409546;0.995945394039154;0.10425806790590286;0.08136315643787384;0.757476806640625;1.8562837839126587;-0.19520306587219238;1.0787307024002075
115;4;1;9.782036511781627;0.998547781112805;0.9951690435409546;0.9959946870803833;0.10323256999254227;0.08083532005548477;0.2038404941558838;1.281115174293518;-0.2869512438774109;0.6693758368492126
115;4;2;9.651506714690214;0.9969112948165524;0.9951690435409546;0.9959946870803833;0.10323256999254227;0.08083532005548477;-0.011180528439581394;1.0190304517745972;0.5948728322982788;2.0037682056427
115;4;3;5.0371544165175415;0.9677801019402086;0.9951690435409546;0.9959946870803833;0.10323256999254227;0.08083532005548477;0.7604109644889832;1.8628876209259033;-0.19531789422035217;1.0788930654525757
116;4;1;9.784928516799063;0.9981956562045795;0.9955716133117676;0.9960243105888367;0.10234846919775009;0.08036940544843674;0.2058299034833908;1.28510320186615;-0.288051575422287;0.6690186858177185
116;4;2;9.66911091524954;0.997972117585249;0.9955716133117676;0.9960243105888367;0.10234846919775009;0.08036940544843674;-0.01148940809071064;1.022263526916504;0.5950994491577148;2.0108954906463623
116;4;3;5.023931851410467;0.9665486326343427;0.9955716133117676;0.9960243105888367;0.10234846919775009;0.08036940544843674;0.7633349299430847;1.8691964149475098;-0.19547829031944275;1.0791200399398804
117;4;1;9.782772588376972;0.9979475711131229;0.9955716133117676;0.9960737228393555;0.10186023265123367;0.07996364682912827;0.20755591988563538;1.2889128923416138;-0.28906235098838806;0.6687284111976624
117;4;2;9.680985128847801;0.9981524224804339;0.9955716133117676;0.9960737228393555;0.10186023265123367;0.07996364682912827;-0.01167531032115221;1.0253342390060425;0.595414400100708;2.0178639888763428
117;4;3;5.010079836127863;0.972787583660617;0.9955716133117676;0.9960737228393555;0.10186023265123367;0.07996364682912827;0.7662383317947388;1.8752388954162598;-0.19566959142684937;1.0793904066085815
118;4;1;9.780227536900675;0.9976935819311734;0.9955716133117676;0.9961230754852295;0.10177528113126755;0.07959328591823578;0.20901985466480255;1.2925174236297607;-0.29001903533935547;0.6685948371887207
118;4;2;9.6765975052407;0.9978791202068145;0.9955716133117676;0.9961230754852295;0.10177528113126755;0.07959328591823578;-0.011746327392756939;1.0282421112060547;0.5958232283592224;2.024710178375244
118;4;3;4.976330962110618;0.9734859939694136;0.9955716133117676;0.9961230754852295;0.10177528113126755;0.07959328591823578;0.769077479839325;1.8810502290725708;-0.19590583443641663;1.0797245502471924
119;4;1;9.78183287924562;0.9973532517472563;0.9955716133117676;0.9961034059524536;0.10197793692350388;0.07922590523958206;0.2103152573108673;1.2959681749343872;-0.29074859619140625;0.6688271760940552
119;4;2;9.663751712218453;0.9976054800442213;0.9955716133117676;0.9961034059524536;0.10197793692350388;0.07922590523958206;-0.011783839203417301;1.0310624837875366;0.5962018370628357;2.0312435626983643
119;4;3;4.9604246494001405;0.9730883867676301;0.9955716133117676;0.9961034059524536;0.10197793692350388;0.07922590523958206;0.771795928478241;1.8866665363311768;-0.19621542096138;1.0801622867584229
120;4;1;9.78447941652572;0.9970322731521222;0.9955716133117676;0.9961280822753906;0.10219510644674301;0.07888056337833405;0.21146288514137268;1.299232006072998;-0.29126590490341187;0.6695336699485779
120;4;2;9.678249135049292;0.9971680580052187;0.9955716133117676;0.9961280822753906;0.10219510644674301;0.07888056337833405;-0.011791404336690903;1.0337927341461182;0.5965579748153687;2.0375001430511475
120;4;3;4.949196064844145;0.9705533076586974;0.9955716133117676;0.9961280822753906;0.10219510644674301;0.07888056337833405;0.7743591070175171;1.892115592956543;-0.19661182165145874;1.0807230472564697
121;4;1;9.786618577543521;0.9968848746992904;0.9955716133117676;0.9961676001548767;0.10233794897794724;0.07855190336704254;0.21248412132263184;1.302301049232483;-0.29160571098327637;0.6706774830818176
121;4;2;9.683436468168768;0.9968896248897678;0.9955716133117676;0.9961676001548767;0.10233794897794724;0.07855190336704254;-0.011765114963054657;1.0364259481430054;0.5969123244285583;2.0435376167297363
121;4;3;4.903334064992652;0.9670744693889759;0.9955716133117676;0.9961676001548767;0.10233794897794724;0.07855190336704254;0.7767680883407593;1.8974127769470215;-0.19708406925201416;1.0813908576965332
122;4;1;9.789487318986772;0.9969599015584407;0.9955716133117676;0.9962021112442017;0.10239504277706146;0.07822804152965546;0.2134384959936142;1.3052771091461182;-0.29170894622802734;0.6717841029167175
122;4;2;9.678298316286774;0.9970405487978837;0.9955716133117676;0.9962021112442017;0.10239504277706146;0.07822804152965546;-0.011657938361167908;1.0389596223831177;0.597382128238678;2.0493671894073486
122;4;3;4.872041967412802;0.9714182471951371;0.9955716133117676;0.9962021112442017;0.10239504277706146;0.07822804152965546;0.7790559530258179;1.9025617837905884;-0.19759997725486755;1.0821205377578735
123;4;1;9.790983696152225;0.9971520433750598;0.9955716133117676;0.9962021112442017;0.1025184616446495;0.07792594283819199;0.21431851387023926;1.308139443397522;-0.2917552888393402;0.6727495193481445
123;4;2;9.669681851408196;0.9974136785266516;0.9955716133117676;0.9962021112442017;0.1025184616446495;0.07792594283819199;-0.011463817209005356;1.0413742065429688;0.5979840159416199;2.0550930500030518
123;4;3;4.887876012564043;0.9805225057119564;0.9955716133117676;0.9962021112442017;0.1025184616446495;0.07792594283819199;0.7812526226043701;1.9075653553009033;-0.19813069701194763;1.0828710794448853
124;4;1;9.791037215013262;0.9973340286275487;0.9955716133117676;0.9961922764778137;0.10274742543697357;0.07763702422380447;0.21514180302619934;1.31088387966156;-0.2918062210083008;0.673518717288971
124;4;2;9.678476348201766;0.9977300994406129;0.9955716133117676;0.9961922764778137;0.10274742543697357;0.07763702422380447;-0.011184629052877426;1.0436644554138184;0.5987213850021362;2.0607640743255615
124;4;3;4.850754239355778;0.9770827586830784;0.9955716133117676;0.9961922764778137;0.10274742543697357;0.07763702422380447;0.7833756804466248;1.9124268293380737;-0.19865983724594116;1.0836193561553955
125;4;1;9.790711879775472;0.9974488660568994;0.9951690435409546;0.9962416887283325;0.10309319198131561;0.07736135274171829;0.21593765914440155;1.313504934310913;-0.29189392924308777;0.6741083860397339
125;4;2;9.664416470468247;0.997483599308314;0.9951690435409546;0.9962416887283325;0.10309319198131561;0.07736135274171829;-0.010831992141902447;1.0458359718322754;0.5995758175849915;2.066389560699463
125;4;3;4.833168078914564;0.9726887475806905;0.9951690435409546;0.9962416887283325;0.10309319198131561;0.07736135274171829;0.7854267954826355;1.9171533584594727;-0.19918537139892578;1.084362506866455
126;4;1;9.790498288908289;0.997499848440988;0.9943639039993286;0.9962466359138489;0.10351274907588959;0.07709260284900665;0.21667805314064026;1.3159050941467285;-0.29215553402900696;0.6745927333831787
126;4;2;9.683117476675502;0.9957814407297647;0.9943639039993286;0.9962466359138489;0.10351274907588959;0.07709260284900665;-0.010359574109315872;1.04783296585083;0.6006190776824951;2.0721492767333984
126;4;3;4.810303163743736;0.9732833510113945;0.9943639039993286;0.9962466359138489;0.10351274907588959;0.07709260284900665;0.7873972654342651;1.9217535257339478;-0.19971570372581482;1.0851125717163086
127;4;1;9.790639185384435;0.9974754027454509;0.9935587644577026;0.9962614178657532;0.10400790721178055;0.07681804895401001;0.2174151986837387;1.3181072473526;-0.2925245463848114;0.675094723701477
127;4;2;9.666797315194135;0.9974996079406147;0.9935587644577026;0.9962614178657532;0.10400790721178055;0.07681804895401001;-0.0098031684756279;1.049696683883667;0.6017866134643555;2.077932119369507
127;4;3;4.791537920047546;0.977428331966701;0.9935587644577026;0.9962614178657532;0.10400790721178055;0.07681804895401001;0.789269208908081;1.9262381792068481;-0.2002713680267334;1.0858983993530273
128;4;1;9.79089215431307;0.9974181985036807;0.9931561946868896;0.9962515234947205;0.10445388406515121;0.07655999809503555;0.21818995475769043;1.3201451301574707;-0.29293152689933777;0.6757029294967651
128;4;2;9.673176091681757;0.9978457772355398;0.9931561946868896;0.9962515234947205;0.10445388406515121;0.07655999809503555;-0.00919265765696764;1.0514684915542603;0.6030197143554688;2.0836238861083984
128;4;3;4.7603954954713785;0.9716907652751452;0.9931561946868896;0.9962515234947205;0.10445388406515121;0.07655999809503555;0.7910337448120117;1.9306148290634155;-0.20086908340454102;1.086743712425232
129;4;1;9.79108503801453;0.9973587920653699;0.9931561946868896;0.9962663054466248;0.10474175959825516;0.07631862908601761;0.21903124451637268;1.3220603466033936;-0.29332828521728516;0.6764175891876221
129;4;2;9.669087098385717;0.9977721463120943;0.9931561946868896;0.9962663054466248;0.10474175959825516;0.07631862908601761;-0.008547433651983738;1.0531811714172363;0.6042779684066772;2.0891425609588623
129;4;3;4.733030749177427;0.9698115744450213;0.9931561946868896;0.9962663054466248;0.10474175959825516;0.07631862908601761;0.7927006483078003;1.9348844289779663;-0.20151159167289734;1.087652325630188
130;4;1;9.791146979094478;0.9973095332083517;0.9931561946868896;0.9962712526321411;0.10482590645551682;0.07609780877828598;0.2199205458164215;1.3238588571548462;-0.2937801480293274;0.6772769093513489
130;4;2;9.663273205955594;0.9976927860930118;0.9931561946868896;0.9962712526321411;0.10482590645551682;0.07609780877828598;-0.007877032272517681;1.0548492670059204;0.6055361032485962;2.094468593597412
130;4;3;4.709291921260803;0.9711820060335334;0.9931561946868896;0.9962712526321411;0.10482590645551682;0.07609780877828598;0.7942990064620972;1.9390419721603394;-0.20218601822853088;1.0886059999465942
131;4;1;9.791192613478103;0.9972692798803422;0.9931561946868896;0.9962761998176575;0.10472793132066727;0.07589177787303925;0.22085952758789062;1.3255741596221924;-0.294299840927124;0.6781545281410217
131;4;2;9.66644316627847;0.997599660106367;0.9931561946868896;0.9962761998176575;0.10472793132066727;0.07589177787303925;-0.007182344328612089;1.056477665901184;0.6067872047424316;2.0996127128601074
131;4;3;4.700724665916237;0.974577272627732;0.9931561946868896;0.9962761998176575;0.10472793132066727;0.07589177787303925;0.795870304107666;1.943077802658081;-0.20286878943443298;1.0895717144012451
132;4;1;9.787637710519256;0.9972287264931481;0.9931561946868896;0.9962959885597229;0.10452529042959213;0.07568386942148209;0.22181712090969086;1.3271124362945557;-0.29497334361076355;0.6793304681777954
132;4;2;9.668706257710845;0.9971376387542108;0.9931561946868896;0.9962959885597229;0.10452529042959213;0.07568386942148209;-0.006518189329653978;1.0580450296401978;0.6079174280166626;2.1047229766845703
132;4;3;4.682174793423725;0.975079283926874;0.9931561946868896;0.9962959885597229;0.10452529042959213;0.07568386942148209;0.7974531054496765;1.9469828605651855;-0.20353686809539795;1.0905165672302246
133;4;1;9.78524375891783;0.9972202144786948;0.9935587644577026;0.9963207244873047;0.1042165756225586;0.07547904551029205;0.22278475761413574;1.3285090923309326;-0.2958241105079651;0.680632472038269
133;4;2;9.683764402880925;0.9955800120347753;0.9935587644577026;0.9963207244873047;0.1042165756225586;0.07547904551029205;-0.005873743910342455;1.0595484972000122;0.6089403629302979;2.1098318099975586
133;4;3;4.659893456427007;0.9702885947915654;0.9935587644577026;0.9963207244873047;0.1042165756225586;0.07547904551029205;0.7990947961807251;1.9507464170455933;-0.20416173338890076;1.0914002656936646
134;4;1;9.78066994465118;0.9972213908882992;0.9935587644577026;0.9963107705116272;0.10391443222761154;0.07528591901063919;0.22376032173633575;1.3298156261444092;-0.2968429625034332;0.681879997253418
134;4;2;9.675043430945994;0.9959659555843707;0.9935587644577026;0.9963107705116272;0.10391443222761154;0.07528591901063919;-0.0052383108995854855;1.060995101928711;0.6098753213882446;2.114931583404541
134;4;3;4.6502282153084735;0.9689482443469402;0.9935587644577026;0.9963107705116272;0.10391443222761154;0.07528591901063919;0.8008308410644531;1.9543613195419312;-0.20472341775894165;1.0921945571899414
135;4;1;9.780693795129842;0.9972112916574574;0.9935587644577026;0.9963256120681763;0.10369765758514404;0.07509896159172058;0.22475042939186096;1.3310706615447998;-0.2979862689971924;0.6830090284347534
135;4;2;9.666881001994195;0.9973563442067004;0.9935587644577026;0.9963256120681763;0.10369765758514404;0.07509896159172058;-0.004611858166754246;1.0623997449874878;0.6107227802276611;2.1199798583984375
135;4;3;4.627649610663372;0.97766885768465;0.9935587644577026;0.9963256120681763;0.10369765758514404;0.07509896159172058;0.8026683330535889;1.9578298330307007;-0.20522117614746094;1.0928984880447388
136;4;1;9.780700408064412;0.9971866436791572;0.9935587644577026;0.9963552355766296;0.10356216877698898;0.07488930970430374;0.22573533654212952;1.3322409391403198;-0.2992543876171112;0.6840842366218567
136;4;2;9.68717973420295;0.9974910336006957;0.9935587644577026;0.9963552355766296;0.10356216877698898;0.07488930970430374;-0.003968382254242897;1.0637446641921997;0.6115232110023499;2.1250228881835938
136;4;3;4.608654675513343;0.9735226944969728;0.9935587644577026;0.9963552355766296;0.10356216877698898;0.07488930970430374;0.8045817613601685;1.9611639976501465;-0.2056748867034912;1.093540072441101
137;4;1;9.780655341322941;0.9971471093066953;0.9935587644577026;0.9963947534561157;0.1035013273358345;0.07470474392175674;0.22682026028633118;1.333564043045044;-0.3003302216529846;0.6848307251930237
137;4;2;9.710955399372036;0.9974219253975924;0.9935587644577026;0.9963947534561157;0.1035013273358345;0.07470474392175674;-0.0033628465607762337;1.0651543140411377;0.6122564673423767;2.129622459411621
137;4;3;4.591618696767519;0.9774810221526984;0.9935587644577026;0.9963947534561157;0.1035013273358345;0.07470474392175674;0.8065225481987;1.9643832445144653;-0.2061198353767395;1.0941693782806396
138;4;1;9.780579230305044;0.9971148646890811;0.9935587644577026;0.9963898062705994;0.10336959362030029;0.07456675916910172;0.22801542282104492;1.334987759590149;-0.3011535406112671;0.6855370998382568
138;4;2;9.696382421957413;0.9973614350360123;0.9935587644577026;0.9963898062705994;0.10336959362030029;0.07456675916910172;-0.002825927920639515;1.066635012626648;0.6128714084625244;2.1337592601776123
138;4;3;4.573718083862307;0.9737217242912468;0.9935587644577026;0.9963898062705994;0.10336959362030029;0.07456675916910172;0.8084291219711304;1.9675099849700928;-0.20659270882606506;1.09483802318573
139;4;1;9.78065838194538;0.9971384702082631;0.9935587644577026;0.9963799118995667;0.10303886234760284;0.07443160563707352;0.22930680215358734;1.3364392518997192;-0.3017271161079407;0.6864112615585327
139;4;2;9.696326574709648;0.9971084854221104;0.9935587644577026;0.9963799118995667;0.10303886234760284;0.07443160563707352;-0.0023718199227005243;1.0681637525558472;0.613349199295044;2.1375133991241455
139;4;3;4.551546997762697;0.9696504307702334;0.9935587644577026;0.9963799118995667;0.10303886234760284;0.07443160563707352;0.8102619051933289;1.9705595970153809;-0.20710939168930054;1.0955687761306763
140;4;1;9.780732304589591;0.9972681512584174;0.9935587644577026;0.9963749647140503;0.10246654599905014;0.07429812103509903;0.23065295815467834;1.3378440141677856;-0.3021429479122162;0.6875051259994507
140;4;2;9.676290845240025;0.9976507771591479;0.9935587644577026;0.9963749647140503;0.10246654599905014;0.07429812103509903;-0.001993767451494932;1.0696922540664673;0.6137089729309082;2.1410539150238037
140;4;3;4.548284830616911;0.9781221972086342;0.9935587644577026;0.9963749647140503;0.10246654599905014;0.07429812103509903;0.8120207190513611;1.9735360145568848;-0.20765569806098938;1.0963413715362549
141;4;1;9.779637121425118;0.9975523445810666;0.9935587644577026;0.9963997006416321;0.10172181576490402;0.0741744190454483;0.23201265931129456;1.3391646146774292;-0.30246829986572266;0.6886700987815857
141;4;2;9.694187945313626;0.9974544190455141;0.9935587644577026;0.9963997006416321;0.10172181576490402;0.0741744190454483;-0.001660045119933784;1.071163535118103;0.614017128944397;2.1445798873901367
141;4;3;4.52504710731133;0.9683952015092938;0.9935587644577026;0.9963997006416321;0.10172181576490402;0.0741744190454483;0.8137416243553162;1.9764329195022583;-0.20819321274757385;1.0971015691757202
142;4;1;9.77606167121256;0.9979449979104373;0.9935587644577026;0.99640953540802;0.10100767016410828;0.07406410574913025;0.2333027422428131;1.3403809070587158;-0.3029114305973053;0.6896710991859436
142;4;2;9.667564661033126;0.9985182890595645;0.9935587644577026;0.99640953540802;0.10100767016410828;0.07406410574913025;-0.0013305346947163343;1.0725256204605103;0.6143509149551392;2.148272752761841
142;4;3;4.516013717687041;0.9763659640351587;0.9935587644577026;0.99640953540802;0.10100767016410828;0.07406410574913025;0.8154736757278442;1.9792407751083374;-0.2086782157421112;1.0977874994277954
143;4;1;9.77435039750798;0.9982854698967998;0.9935587644577026;0.9964194297790527;0.10049901902675629;0.07396016269922256;0.2344917505979538;1.3415000438690186;-0.3035280108451843;0.6903545260429382
143;4;2;9.66291868059513;0.9987995022538776;0.9935587644577026;0.9964194297790527;0.10049901902675629;0.07396016269922256;-0.0009777545928955078;1.0737568140029907;0.6147593259811401;2.152217149734497
143;4;3;4.513787119162634;0.9791038362328361;0.9935587644577026;0.9964194297790527;0.10049901902675629;0.07396016269922256;0.8172492384910583;1.981955885887146;-0.20908471941947937;1.0983623266220093
144;4;1;9.776302906197856;0.998509304651634;0.9943639039993286;0.9964144229888916;0.10030822455883026;0.07385250926017761;0.23557643592357635;1.3425445556640625;-0.3042895495891571;0.6907139420509338
144;4;2;9.665621000681167;0.99906803190121;0.9943639039993286;0.9964144229888916;0.10030822455883026;0.07385250926017761;-0.0005945523735135794;1.074870228767395;0.6152492761611938;2.1563796997070312
144;4;3;4.497389776479931;0.9801731192346654;0.9943639039993286;0.9964144229888916;0.10030822455883026;0.07385250926017761;0.8190667629241943;1.9845856428146362;-0.2094166874885559;1.0988317728042603
145;4;1;9.779026733714318;0.9986869889217331;0.9947664737701416;0.9964194893836975;0.1004367247223854;0.07373950630426407;0.23657897114753723;1.343544840812683;-0.30509206652641296;0.6908873915672302
145;4;2;9.674816203943337;0.9993232281508533;0.9947664737701416;0.9964194893836975;0.1004367247223854;0.07373950630426407;-0.00019380252342671156;1.0759093761444092;0.6157875657081604;2.160627603530884
145;4;3;4.485879433923429;0.9764091972248856;0.9947664737701416;0.9964194893836975;0.1004367247223854;0.07373950630426407;0.8208919763565063;1.987148404121399;-0.20970574021339417;1.0992405414581299
146;4;1;9.77976632069921;0.9988665650995827;0.9947664737701416;0.9964441061019897;0.10078741610050201;0.07363486289978027;0.23753471672534943;1.34453547000885;-0.30579835176467896;0.6910802125930786
146;4;2;9.667890241191639;0.999529352248139;0.9947664737701416;0.9964441061019897;0.10078741610050201;0.07363486289978027;0.00020144780864939094;1.0769305229187012;0.6163215041160583;2.1647818088531494
146;4;3;4.494934406711177;0.9775214109432522;0.9947664737701416;0.9964441061019897;0.10078741610050201;0.07363486289978027;0.8226752281188965;1.98966646194458;-0.20999616384506226;1.0996513366699219
147;4;1;9.777865361241147;0.9990479487491797;0.9947664737701416;0.9964836835861206;0.10119123011827469;0.07354606688022614;0.23847757279872894;1.3455512523651123;-0.3062869906425476;0.6914610862731934
147;4;2;9.670477871794596;0.9996816645361584;0.9947664737701416;0.9964836835861206;0.10119123011827469;0.07354606688022614;0.0005699793691746891;1.0779860019683838;0.6168026924133301;2.1686792373657227
147;4;3;4.482084066339997;0.9751349271575975;0.9947664737701416;0.9964836835861206;0.10119123011827469;0.07354606688022614;0.8243758678436279;1.9921588897705078;-0.21032539010047913;1.1001168489456177
148;4;1;9.776868017417975;0.999220031592742;0.9947664737701416;0.9964935183525085;0.10147327184677124;0.0734638124704361;0.23942390084266663;1.3466202020645142;-0.30650296807289124;0.692080020904541
148;4;2;9.681911945639506;0.9997869798401879;0.9947664737701416;0.9964935183525085;0.10147327184677124;0.0734638124704361;0.0009064198238775134;1.079103708267212;0.6172140836715698;2.1722359657287598
148;4;3;4.4932493417511346;0.9779033047281622;0.9947664737701416;0.9964935183525085;0.10147327184677124;0.0734638124704361;0.8259804248809814;1.994634747505188;-0.21070900559425354;1.1006593704223633
149;4;1;9.777903235145672;0.9993712854777783;0.9947664737701416;0.9964934587478638;0.10154486447572708;0.07337690889835358;0.24037010967731476;1.3477592468261719;-0.30646640062332153;0.6928567290306091
149;4;2;9.683898718057925;0.9998434833938568;0.9947664737701416;0.9964934587478638;0.10154486447572708;0.07337690889835358;0.0012219747295603156;1.0802839994430542;0.6175722479820251;2.1754603385925293
149;4;3;4.486124832948665;0.9769369515624255;0.9947664737701416;0.9964934587478638;0.10154486447572708;0.07337690889835358;0.8275059461593628;1.9970920085906982;-0.2111373245716095;1.1012650728225708
150;4;1;9.77727355977634;0.999492026737876;0.9947664737701416;0.9964984655380249;0.10143832862377167;0.07328518480062485;0.2412981539964676;1.3489702939987183;-0.3062545359134674;0.6936347484588623
150;4;2;9.6791861392133;0.9981012783521734;0.9947664737701416;0.9964984655380249;0.10143832862377167;0.07328518480062485;0.0015377044910565019;1.0815043449401855;0.6179162263870239;2.178434133529663
150;4;3;4.490506249948536;0.9749689047855021;0.9947664737701416;0.9964984655380249;0.10143832862377167;0.07328518480062485;0.8289880752563477;1.9995222091674805;-0.21158388257026672;1.1018966436386108
151;4;1;9.775100802384145;0.9995793040365939;0.9947664737701416;0.9965182542800903;0.1012658178806305;0.07319318503141403;0.24218717217445374;1.350239634513855;-0.3059649169445038;0.694263219833374
151;4;2;9.676994184881853;0.9994215860953091;0.9947664737701416;0.9965182542800903;0.1012658178806305;0.07319318503141403;0.0018741926178336143;1.0827327966690063;0.6182875037193298;2.1812689304351807
151;4;3;4.482770659518312;0.9755224494729546;0.9947664737701416;0.9965182542800903;0.1012658178806305;0.07319318503141403;0.8304612636566162;2.001915216445923;-0.21202027797698975;1.1025139093399048
152;4;1;9.775061783430822;0.999637144218795;0.9947664737701416;0.9965182542800903;0.10114455968141556;0.07310094684362411;0.2430243045091629;1.3515361547470093;-0.3056795299053192;0.6946839094161987
152;4;2;9.673485139429769;0.9998841688546385;0.9947664737701416;0.9965182542800903;0.10114455968141556;0.07310094684362411;0.0022401174064725637;1.0839394330978394;0.6187085509300232;2.184065341949463
152;4;3;4.470450125183859;0.9747433385914253;0.9947664737701416;0.9965182542800903;0.10114455968141556;0.07310094684362411;0.8319417834281921;2.0042662620544434;-0.2124294936656952;1.1030926704406738
153;4;1;9.774926606883739;0.9996740379522606;0.9943639039993286;0.9965181946754456;0.10113921016454697;0.07300166040658951;0.24383512139320374;1.3528205156326294;-0.30537015199661255;0.6949576735496521
153;4;2;9.682297688279121;0.998188769134682;0.9943639039993286;0.9965181946754456;0.10113921016454697;0.07300166040658951;0.002629264257848263;1.0851051807403564;0.619175910949707;2.186889171600342
153;4;3;4.456919076014476;0.9757532064158294;0.9943639039993286;0.9965181946754456;0.10113921016454697;0.07300166040658951;0.833422839641571;2.006577253341675;-0.21281054615974426;1.1036313772201538
154;4;1;9.774258840500266;0.999699574067634;0.9939613342285156;0.9965280890464783;0.1012667715549469;0.07290145009756088;0.24462373554706573;1.3540536165237427;-0.3050702214241028;0.6951894164085388
154;4;2;9.679084286836403;0.998768738811652;0.9939613342285156;0.9965280890464783;0.1012667715549469;0.07290145009756088;0.0030273757874965668;1.0862212181091309;0.6196709871292114;2.189769744873047
154;4;3;4.442855402651908;0.9735420694285093;0.9939613342285156;0.9965280890464783;0.1012667715549469;0.07290145009756088;0.8348840475082397;2.0088541507720947;-0.21317318081855774;1.1041442155838013
155;4;1;9.774153074215867;0.9997229753994219;0.9939613342285156;0.9965182542800903;0.10147710889577866;0.07281044870615005;0.24538357555866241;1.3552042245864868;-0.30486035346984863;0.6954737901687622
155;4;2;9.68659140771609;0.999924686891319;0.9939613342285156;0.9965182542800903;0.10147710889577866;0.07281044870615005;0.0034193198662251234;1.0872869491577148;0.6201707720756531;2.192711353302002
155;4;3;4.43835733180121;0.9749810311597855;0.9939613342285156;0.9965182542800903;0.10147710889577866;0.07281044870615005;0.8363051414489746;2.011103391647339;-0.21352922916412354;1.1046477556228638
156;4;1;9.774339692325235;0.9997501377092632;0.9939613342285156;0.996537983417511;0.10168693214654922;0.0727207139134407;0.24608419835567474;1.3562067747116089;-0.30482572317123413;0.6958374381065369
156;4;2;9.673391632699122;0.9999360351497053;0.9939613342285156;0.996537983417511;0.10168693214654922;0.0727207139134407;0.0038475992623716593;1.0882582664489746;0.6207375526428223;2.1958370208740234
156;4;3;4.406484924531981;0.9687544478490331;0.9939613342285156;0.996537983417511;0.10168693214654922;0.0727207139134407;0.8376771807670593;2.0133278369903564;-0.2138860821723938;1.1051524877548218
157;4;1;9.773712926071646;0.999777877955232;0.9939613342285156;0.9965676069259644;0.10192449390888214;0.07262495160102844;0.24674582481384277;1.3570865392684937;-0.3049311339855194;0.6963006854057312
157;4;2;9.673208599034183;0.9999381156574287;0.9939613342285156;0.9965676069259644;0.10192449390888214;0.07262495160102844;0.004299243446439505;1.0891588926315308;0.6213447451591492;2.1990792751312256
157;4;3;4.388053630256472;0.9652252979874287;0.9939613342285156;0.9965676069259644;0.10192449390888214;0.07262495160102844;0.8389983177185059;2.015528678894043;-0.21425095200538635;1.1056684255599976
158;4;1;9.773440783582494;0.9998060509251303;0.9939613342285156;0.9965923428535461;0.10211879760026932;0.07252881675958633;0.24738755822181702;1.3578873872756958;-0.3051407039165497;0.6968331336975098
158;4;2;9.665787080781502;0.9999398061360978;0.9939613342285156;0.9965923428535461;0.10211879760026932;0.07252881675958633;0.004766830243170261;1.0900176763534546;0.621971845626831;2.202353000640869
158;4;3;4.372549182131529;0.9681372097574137;0.9939613342285156;0.9965923428535461;0.10211879760026932;0.07252881675958633;0.8402780294418335;2.017704486846924;-0.21462705731391907;1.1062003374099731
159;4;1;9.773247332377885;0.9998326740244678;0.9939613342285156;0.996587336063385;0.10226346552371979;0.07243860512971878;0.24802787601947784;1.3586642742156982;-0.30540645122528076;0.6973657608032227
159;4;2;9.684099716752335;0.9999410421974275;0.9939613342285156;0.996587336063385;0.10226346552371979;0.07243860512971878;0.005248737521469593;1.0908644199371338;0.6226067543029785;2.205570697784424
159;4;3;4.383688109425371;0.9749301535909201;0.9939613342285156;0.996587336063385;0.10226346552371979;0.07243860512971878;0.8415326476097107;2.0198514461517334;-0.2150137722492218;1.1067472696304321
160;4;1;9.772640917438437;0.9998550686238943;0.9935587644577026;0.9965873956680298;0.1023547500371933;0.07234746962785721;0.24869024753570557;1.3594365119934082;-0.3056512773036957;0.6978480815887451
160;4;2;9.677734078670145;0.9999418285756825;0.9935587644577026;0.9965873956680298;0.1023547500371933;0.07234746962785721;0.005766408052295446;1.0917013883590698;0.6232703924179077;2.2087254524230957
160;4;3;4.388658964500539;0.9743342204488865;0.9935587644577026;0.9965873956680298;0.1023547500371933;0.07234746962785721;0.842779815196991;2.0219647884368896;-0.21540901064872742;1.1073062419891357
161;4;1;9.771405752804718;0.9998717089226403;0.9935587644577026;0.9965922832489014;0.10244330018758774;0.07225640118122101;0.24936719238758087;1.360214114189148;-0.30588194727897644;0.6982436180114746
161;4;2;9.663651523834776;0.999934640557747;0.9935587644577026;0.9965922832489014;0.10244330018758774;0.07225640118122101;0.0063371979631483555;1.092529058456421;0.6239810585975647;2.211812973022461
161;4;3;4.39222165924309;0.9790021635246475;0.9935587644577026;0.9965922832489014;0.10244330018758774;0.07225640118122101;0.8440279364585876;2.024042844772339;-0.21581459045410156;1.1078797578811646
162;4;1;9.770228712484169;0.9998827514115192;0.9935587644577026;0.9965923428535461;0.102540984749794;0.07216078788042068;0.2500763535499573;1.361018180847168;-0.306054025888443;0.6986013054847717
162;4;2;9.670358627065593;0.9999410685927508;0.9935587644577026;0.9965923428535461;0.102540984749794;0.07216078788042068;0.006941366475075483;1.093371868133545;0.6247026920318604;2.2147622108459473
162;4;3;4.371463530146087;0.9780385677492767;0.9935587644577026;0.9965923428535461;0.102540984749794;0.07216078788042068;0.8452709913253784;2.026087999343872;-0.21623963117599487;1.1084809303283691
163;4;1;9.76960054783575;0.9998905689198025;0.9935587644577026;0.9965725541114807;0.10258788615465164;0.07206689566373825;0.2508302927017212;1.3618522882461548;-0.30613845586776733;0.6989930272102356
163;4;2;9.685979994489745;0.999942641466788;0.9935587644577026;0.9965725541114807;0.10258788615465164;0.07206689566373825;0.00755861634388566;1.0942449569702148;0.6254022121429443;2.2175302505493164
163;4;3;4.350949152946955;0.9746521927089624;0.9935587644577026;0.9965725541114807;0.10258788615465164;0.07206689566373825;0.8464968204498291;2.028103828430176;-0.21669375896453857;1.1091231107711792
164;4;1;9.769711463383913;0.9998971745730572;0.9939613342285156;0.9966021776199341;0.10252659767866135;0.0719745010137558;0.2516383230686188;1.3627129793167114;-0.3061232566833496;0.6994767785072327
164;4;2;9.688490926684917;0.9999427396649381;0.9939613342285156;0.9966021776199341;0.10252659767866135;0.0719745010137558;0.008165932260453701;1.0951565504074097;0.6260470151901245;2.2200989723205566
164;4;3;4.34040691000706;0.9739066130245941;0.9939613342285156;0.9966021776199341;0.10252659767866135;0.0719745010137558;0.847697913646698;2.03009295463562;-0.2171803116798401;1.1098111867904663
165;4;1;9.770455055041772;0.9999039288110438;0.9939613342285156;0.9965872764587402;0.1023171991109848;0.07188339531421661;0.2524894177913666;1.3635798692703247;-0.3060465455055237;0.7000520825386047
165;4;2;9.688799900187085;0.9971466717910253;0.9939613342285156;0.9965872764587402;0.1023171991109848;0.07188339531421661;0.00875843409448862;1.0960922241210938;0.626636266708374;2.2225210666656494
165;4;3;4.329298875312839;0.975299051825969;0.9939613342285156;0.9965872764587402;0.1023171991109848;0.07188339531421661;0.8488787412643433;2.0320534706115723;-0.2176915407180786;1.1105341911315918
166;4;1;9.771427662268522;0.9999111238788814;0.9939613342285156;0.9965773820877075;0.10198930650949478;0.07179319113492966;0.25336289405822754;1.3644299507141113;-0.30597081780433655;0.7006675601005554
166;4;2;9.679228803756942;0.9999428915783319;0.9939613342285156;0.9965773820877075;0.10198930650949478;0.07179319113492966;0.009340318851172924;1.0970267057418823;0.6271859407424927;2.224881172180176
166;4;3;4.328436024533854;0.9752513836218792;0.9939613342285156;0.9965773820877075;0.10198930650949478;0.07179319113492966;0.8500549793243408;2.033979892730713;-0.21821105480194092;1.1112688779830933
167;4;1;9.772285241526234;0.9999183332324009;0.9939613342285156;0.9965775012969971;0.10161342471837997;0.07170545309782028;0.25423526763916016;1.3652434349060059;-0.3059608042240143;0.7012539505958557
167;4;2;9.705352224596723;0.9999429422544637;0.9939613342285156;0.9965775012969971;0.10161342471837997;0.07170545309782028;0.009920422919094563;1.0979337692260742;0.6277189254760742;2.227268934249878
167;4;3;4.32000729011175;0.9755773421088492;0.9939613342285156;0.9965775012969971;0.10161342471837997;0.07170545309782028;0.8512454032897949;2.0358667373657227;-0.2187204360961914;1.1119892597198486
168;4;1;9.773299490769894;0.999924967217332;0.9939613342285156;0.9965775012969971;0.10126802325248718;0.07162318378686905;0.2551179826259613;1.3660435676574707;-0.3060024678707123;0.7017847299575806
168;4;2;9.694834044129685;0.999942974101053;0.9939613342285156;0.9965775012969971;0.10126802325248718;0.07162318378686905;0.010469119064509869;1.098827600479126;0.6282002925872803;2.2296581268310547
168;4;3;4.309294575151123;0.9722277093479725;0.9939613342285156;0.9965775012969971;0.10126802325248718;0.07162318378686905;0.8524624109268188;2.0377113819122314;-0.21920710802078247;1.1126775741577148
169;4;1;9.774218892567191;0.9999307605188292;0.9939613342285156;0.9966021776199341;0.10094953328371048;0.07154013961553574;0.2559965252876282;1.3668184280395508;-0.30612027645111084;0.7022305727005005
169;4;2;9.700149310870813;0.9999429916914089;0.9939613342285156;0.9966021776199341;0.10094953328371048;0.07154013961553574;0.010995324701070786;1.0996930599212646;0.6286489367485046;2.232099771499634
169;4;3;4.307139420251723;0.9757664677249913;0.9939613342285156;0.9966021776199341;0.10094953328371048;0.07154013961553574;0.8537129163742065;2.039513349533081;-0.21966278553009033;1.1133220195770264
170;4;1;9.774883192560615;0.999935296232124;0.9939613342285156;0.9966120719909668;0.10070617496967316;0.07145518064498901;0.25685954093933105;1.3675627708435059;-0.30631911754608154;0.702596127986908
170;4;2;9.69650681410507;0.9978240434399339;0.9939613342285156;0.9966120719909668;0.10070617496967316;0.07145518064498901;0.011503808200359344;1.10052490234375;0.6290743350982666;2.234611988067627
170;4;3;4.2986927249965525;0.9742897101727408;0.9939613342285156;0.9966120719909668;0.10070617496967316;0.07145518064498901;0.8549944758415222;2.041276216506958;-0.22008681297302246;1.1139216423034668
171;4;1;9.773634053238474;0.9999384856984221;0.9939613342285156;0.9966268539428711;0.10055484622716904;0.07136894762516022;0.25770387053489685;1.3682785034179688;-0.3065771758556366;0.7029200196266174
171;4;2;9.693174341462111;0.9999430026302676;0.9939613342285156;0.9966268539428711;0.10055484622716904;0.07136894762516022;0.011994617059826851;1.1013288497924805;0.6294759511947632;2.2371785640716553
171;4;3;4.310716939365912;0.980750199074361;0.9939613342285156;0.9966268539428711;0.10055484622716904;0.07136894762516022;0.8562955856323242;2.0430068969726562;-0.22048616409301758;1.1144864559173584
172;4;1;9.771192312243322;0.9999405336767069;0.9939613342285156;0.9966318011283875;0.10048278421163559;0.07128346711397171;0.2585313618183136;1.368973970413208;-0.30685505270957947;0.7032573223114014
172;4;2;9.682032277614205;0.9999425420839891;0.9939613342285156;0.9966318011283875;0.10048278421163559;0.07128346711397171;0.012465620413422585;1.1021177768707275;0.629847526550293;2.239759683609009
172;4;3;4.308155337920105;0.9742470552776243;0.9939613342285156;0.9966318011283875;0.10048278421163559;0.07128346711397171;0.8576000928878784;2.0447144508361816;-0.22087222337722778;1.115032434463501
173;4;1;9.773145470448242;0.9999417099892511;0.9935587644577026;0.9966614842414856;0.10045825690031052;0.07120093703269958;0.25934526324272156;1.3696621656417847;-0.30711033940315247;0.7036521434783936
173;4;2;9.705897746205373;0.9999402613896606;0.9935587644577026;0.9966614842414856;0.10045825690031052;0.07120093703269958;0.012915612198412418;1.102906584739685;0.6301836967468262;2.2423095703125
173;4;3;4.299540199963463;0.9700576629556839;0.9935587644577026;0.9966614842414856;0.10045825690031052;0.07120093703269958;0.858893871307373;2.046407461166382;-0.22125577926635742;1.115574836730957
174;4;1;9.781479128731803;0.9999396012688635;0.9935587644577026;0.9966811537742615;0.10044681280851364;0.07112228870391846;0.26014643907546997;1.3703584671020508;-0.3073122203350067;0.7041182518005371
174;4;2;9.706250102834975;0.9999430034543195;0.9935587644577026;0.9966811537742615;0.10044681280851364;0.07112228870391846;0.013347483240067959;1.1037070751190186;0.6304857134819031;2.2447922229766846
174;4;3;4.2910879441179866;0.9721230344403224;0.9935587644577026;0.9966811537742615;0.10044681280851364;0.07112228870391846;0.8601698279380798;2.0480918884277344;-0.22164344787597656;1.116123080253601
175;4;1;9.784618563977006;0.9998546150053542;0.9935587644577026;0.9967009425163269;0.10042771697044373;0.07104729115962982;0.26093244552612305;1.3710765838623047;-0.3074468970298767;0.7046380639076233
175;4;2;9.700857427761534;0.9999419843587667;0.9935587644577026;0.9967009425163269;0.10042771697044373;0.07104729115962982;0.013767767697572708;1.104525089263916;0.6307620406150818;2.247190475463867
175;4;3;4.292802040206464;0.974273370020601;0.9935587644577026;0.9967009425163269;0.10042771697044373;0.07104729115962982;0.8614277839660645;2.0497705936431885;-0.22203636169433594;1.1166787147521973
176;4;1;9.784303803208552;0.9991929789271694;0.9935587644577026;0.9967009425163269;0.10039950907230377;0.07097511738538742;0.2616982161998749;1.3718249797821045;-0.30751699209213257;0.7051774263381958
176;4;2;9.71381450255668;0.9997872275025266;0.9935587644577026;0.9967009425163269;0.10039950907230377;0.07097511738538742;0.014184745959937572;1.105360746383667;0.6310253143310547;2.2495055198669434
176;4;3;4.291919185351723;0.9738797297443522;0.9935587644577026;0.9967009425163269;0.10039950907230377;0.07097511738538742;0.8626722693443298;2.0514442920684814;-0.22243183851242065;1.1172380447387695
177;4;1;9.78187906504833;0.9980521734188983;0.9935587644577026;0.9967107772827148;0.10037408769130707;0.07090442627668381;0.2624383866786957;1.3726049661636353;-0.307535320520401;0.705707848072052
177;4;2;9.684737069065768;0.9984133674158784;0.9935587644577026;0.9967107772827148;0.10037408769130707;0.07090442627668381;0.014605030417442322;1.1062103509902954;0.6312873959541321;2.2517507076263428
177;4;3;4.285560655386478;0.9726463845325988;0.9935587644577026;0.9967107772827148;0.10037408769130707;0.07090442627668381;0.8639072775840759;2.0531136989593506;-0.22282648086547852;1.1177961826324463
178;4;1;9.781708267120102;0.997759079753834;0.9935587644577026;0.9967009425163269;0.10036475211381912;0.07083398848772049;0.26314932107925415;1.3734101057052612;-0.30751803517341614;0.7062224745750427
178;4;2;9.699936834627376;0.9978063871375085;0.9935587644577026;0.9967009425163269;0.10036475211381912;0.07083398848772049;0.015031322836875916;1.107068419456482;0.6315547823905945;2.2539446353912354
178;4;3;4.278327824928422;0.9720981869301895;0.9935587644577026;0.9967009425163269;0.10036475211381912;0.07083398848772049;0.8651325106620789;2.0547800064086914;-0.22321832180023193;1.1183502674102783
179;4;1;9.781319441495384;0.9984313931835374;0.9935587644577026;0.9967207908630371;0.1003766730427742;0.07076341658830643;0.2638297975063324;1.3742280006408691;-0.30748093128204346;0.7067368626594543
179;4;2;9.69791374196689;0.9990546631413473;0.9935587644577026;0.9967207908630371;0.1003766730427742;0.07076341658830643;0.015462017618119717;1.1079297065734863;0.6318280696868896;2.2561042308807373
179;4;3;4.284092561248052;0.9765158441890911;0.9935587644577026;0.9967207908630371;0.1003766730427742;0.07076341658830643;0.8663436770439148;2.0564448833465576;-0.22360777854919434;1.118901014328003
180;4;1;9.78314938657607;0.9992815274867866;0.9935587644577026;0.9967158436775208;0.10040450841188431;0.07069218903779984;0.26449403166770935;1.3750449419021606;-0.3074091374874115;0.7072799205780029
180;4;2;9.707655762761021;0.9998291974868927;0.9935587644577026;0.9967158436775208;0.10040450841188431;0.07069218903779984;0.015893254429101944;1.108789324760437;0.6321041584014893;2.258246660232544
180;4;3;4.283369651807554;0.9791116050950563;0.9935587644577026;0.9967158436775208;0.10040450841188431;0.07069218903779984;0.8675347566604614;2.0581107139587402;-0.223996102809906;1.1194502115249634
181;4;1;9.784449393056022;0.999757491414897;0.9935587644577026;0.9967206716537476;0.10044202208518982;0.07061954587697983;0.2651416063308716;1.3758479356765747;-0.3073256015777588;0.7078655362129211
181;4;2;9.718920167784592;0.9999374692416048;0.9935587644577026;0.9967206716537476;0.10044202208518982;0.07061954587697983;0.016321279108524323;1.1096420288085938;0.632380485534668;2.260389566421509
181;4;3;4.288978629686152;0.978756794244056;0.9935587644577026;0.9967206716537476;0.10044202208518982;0.07061954587697983;0.86870276927948;2.0597779750823975;-0.2243829369544983;1.119997262954712
182;4;1;9.784027713762107;0.999908357520674;0.9935587644577026;0.9967157244682312;0.10044027119874954;0.07054668664932251;0.2657946050167084;1.376629114151001;-0.30720213055610657;0.7084929943084717
182;4;2;9.725432027889859;0.9999428850791254;0.9935587644577026;0.9967157244682312;0.10044027119874954;0.07054668664932251;0.016744837164878845;1.1104822158813477;0.6326577663421631;2.262552499771118
182;4;3;4.286615550191772;0.9771663215196629;0.9935587644577026;0.9967157244682312;0.10044027119874954;0.07054668664932251;0.869849681854248;2.061445713043213;-0.22476553916931152;1.120538353919983
183;4;1;9.782355622577917;0.9999428852017829;0.9935587644577026;0.9967206716537476;0.10045243799686432;0.0704597681760788;0.2664858102798462;1.377386450767517;-0.3069722354412079;0.7091505527496338
183;4;2;9.711860663159296;0.9994680708061807;0.9935587644577026;0.9967206716537476;0.10045243799686432;0.0704597681760788;0.017163388431072235;1.1113046407699585;0.6329377293586731;2.2647526264190674
183;4;3;4.273487909834742;0.9746657781238124;0.9935587644577026;0.9967206716537476;0.10045243799686432;0.0704597681760788;0.8709844350814819;2.0631103515625;-0.22513777017593384;1.1210647821426392
184;4;1;9.780197756922213;0.9999430029042742;0.9935587644577026;0.9967256188392639;0.10051071643829346;0.07036737352609634;0.26720353960990906;1.3781167268753052;-0.30670681595802307;0.7097798585891724
184;4;2;9.70638482598173;0.9999430038894133;0.9935587644577026;0.9967256188392639;0.10051071643829346;0.07036737352609634;0.01758085936307907;1.1121011972427368;0.6332292556762695;2.267019033432007
184;4;3;4.271292874293206;0.9785612173724161;0.9935587644577026;0.9967256188392639;0.10051071643829346;0.07036737352609634;0.8721200823783875;2.0647664070129395;-0.22549086809158325;1.1215641498565674
185;4;1;9.778224588955936;0.9999430033420609;0.9935587644577026;0.996740460395813;0.10058777779340744;0.07027680426836014;0.26794150471687317;1.3788200616836548;-0.30645498633384705;0.7103351354598999
185;4;2;9.711048125564748;0.9999430038893848;0.9935587644577026;0.996740460395813;0.10058777779340744;0.07027680426836014;0.017999444156885147;1.1128672361373901;0.6335368156433105;2.2693674564361572
185;4;3;4.262059305534869;0.9783478524297475;0.9935587644577026;0.996740460395813;0.10058777779340744;0.07027680426836014;0.873266875743866;2.0664093494415283;-0.2258186936378479;1.1220277547836304
186;4;1;9.775863869180498;0.9999430035927475;0.9935587644577026;0.9967355132102966;0.10074511170387268;0.07020625472068787;0.26877203583717346;1.3795915842056274;-0.3061049282550812;0.7108606696128845
186;4;2;9.706480545579257;0.9998452836790825;0.9935587644577026;0.9967355132102966;0.10074511170387268;0.07020625472068787;0.018317334353923798;1.1136890649795532;0.6337205171585083;2.27156400680542
186;4;3;4.252455165711975;0.9728952250022633;0.9935587644577026;0.9967355132102966;0.10074511170387268;0.07020625472068787;0.8744268417358398;2.06803822517395;-0.22612130641937256;1.1224557161331177
187;4;1;9.773121474647247;0.9999430037505235;0.9935587644577026;0.9967454075813293;0.10083901882171631;0.07013547420501709;0.26967427134513855;1.3804185390472412;-0.3057323396205902;0.7112774848937988
187;4;2;9.699190171507535;0.9997301132438672;0.9935587644577026;0.9967454075813293;0.10083901882171631;0.07013547420501709;0.018553974106907845;1.1145459413528442;0.6338118314743042;2.2736692428588867
187;4;3;4.254611058361721;0.9704358885382849;0.9935587644577026;0.9967454075813293;0.10083901882171631;0.07013547420501709;0.8756150603294373;2.0696470737457275;-0.22638803720474243;1.1228328943252563
188;4;1;9.774491825602553;0.999943003832648;0.9935587644577026;0.9967503547668457;0.10091790556907654;0.07006280869245529;0.27062419056892395;1.3812859058380127;-0.30541539192199707;0.7114983797073364
188;4;2;9.695203646800142;0.9999430038894097;0.9935587644577026;0.9967503547668457;0.10091790556907654;0.07006280869245529;0.01873219944536686;1.1154125928878784;0.6338489651679993;2.2757585048675537
188;4;3;4.241911206762289;0.9713815985965439;0.9935587644577026;0.9967503547668457;0.10091790556907654;0.07006280869245529;0.8768472075462341;2.0712311267852783;-0.22660619020462036;1.1231414079666138
189;4;1;9.77792360244927;0.9999430038684949;0.9935587644577026;0.9967552423477173;0.10103638470172882;0.06998801231384277;0.2715996503829956;1.3821758031845093;-0.30521854758262634;0.711480438709259
189;4;2;9.70331923694419;0.9999430038894062;0.9935587644577026;0.9967552423477173;0.10103638470172882;0.06998801231384277;0.018869606778025627;1.1162694692611694;0.6338615417480469;2.277888774871826
189;4;3;4.246555662228662;0.9747416104481328;0.9935587644577026;0.9967552423477173;0.10103638470172882;0.06998801231384277;0.878128170967102;2.072788953781128;-0.22676986455917358;1.1233729124069214
190;4;1;9.780679175472997;0.9999430038822084;0.9935587644577026;0.9967355728149414;0.10122093558311462;0.06991124153137207;0.2725884020328522;1.383072018623352;-0.30516335368156433;0.711251974105835
190;4;2;9.711764803425332;0.9999430038893635;0.9935587644577026;0.9967355728149414;0.10122093558311462;0.06991124153137207;0.0189739391207695;1.1171085834503174;0.6338614821434021;2.2800803184509277
190;4;3;4.2380177827067484;0.9802281894847518;0.9935587644577026;0.9967355728149414;0.10122093558311462;0.06991124153137207;0.8794455528259277;2.074326753616333;-0.22688418626785278;1.1235345602035522
191;4;1;9.782341469447083;0.9999430038869548;0.9935587644577026;0.996740460395813;0.10146106779575348;0.06984195113182068;0.27351686358451843;1.383867859840393;-0.3053834140300751;0.710837185382843
191;4;2;9.708368789448038;0.9999430038894346;0.9935587644577026;0.996740460395813;0.10146106779575348;0.06984195113182068;0.01914358325302601;1.117848515510559;0.633979082107544;2.282547950744629
191;4;3;4.236500355883283;0.9799279966709697;0.9935587644577026;0.996740460395813;0.10146106779575348;0.06984195113182068;0.8807744979858398;2.075854539871216;-0.22696346044540405;1.1236467361450195
192;4;1;9.78391470767523;0.9999430038883972;0.9935587644577026;0.9967454075813293;0.10184331983327866;0.06977328658103943;0.2744104266166687;1.3845750093460083;-0.3057786226272583;0.7104212641716003
192;4;2;9.708811718991775;0.9999430038894097;0.9935587644577026;0.9967454075813293;0.10184331983327866;0.06977328658103943;0.019351689144968987;1.1185275316238403;0.6341650485992432;2.285169839859009
192;4;3;4.229921369426945;0.9756309655146715;0.9935587644577026;0.9967454075813293;0.10184331983327866;0.06977328658103943;0.8820692896842957;2.07738995552063;-0.22704029083251953;1.1237553358078003
193;4;1;9.786402458735964;0.9999430038888306;0.9935587644577026;0.99676513671875;0.1022460088133812;0.06970912963151932;0.27529388666152954;1.3852198123931885;-0.30625253915786743;0.7101653218269348
193;4;2;9.724069518387616;0.9999430038894026;0.9935587644577026;0.99676513671875;0.1022460088133812;0.06970912963151932;0.019572768360376358;1.1191914081573486;0.6343685984611511;2.2878010272979736
193;4;3;4.236539642622352;0.9760276716563023;0.9935587644577026;0.99676513671875;0.1022460088133812;0.06970912963151932;0.8832893371582031;2.078948736190796;-0.22714704275131226;1.1239063739776611
194;4;1;9.788662536539803;0.9999430038890154;0.9935587644577026;0.9967700839042664;0.10253001004457474;0.06964797526597977;0.2761863172054291;1.3858418464660645;-0.3067159354686737;0.7101250290870667
194;4;2;9.726413429658674;0.9999430038894133;0.9935587644577026;0.9967700839042664;0.10253001004457474;0.06964797526597977;0.019796038046479225;1.1198768615722656;0.6345620155334473;2.2903265953063965
194;4;3;4.234542830474137;0.9761385933448441;0.9935587644577026;0.9967700839042664;0.10253001004457474;0.06964797526597977;0.8844205737113953;2.0805370807647705;-0.2273012399673462;1.1241244077682495
195;4;1;9.787415496907208;0.9999430038889798;0.9935587644577026;0.9967997670173645;0.10261518508195877;0.06959017366170883;0.27716314792633057;1.3865777254104614;-0.3069895803928375;0.7102805972099304
195;4;2;9.695461401305863;0.9999430038894133;0.9935587644577026;0.9967997670173645;0.10261518508195877;0.06959017366170883;0.01992913894355297;1.120686411857605;0.6346150636672974;2.2924628257751465
195;4;3;4.232839367639436;0.9772152816519206;0.9935587644577026;0.9967997670173645;0.10261518508195877;0.06959017366170883;0.8854800462722778;2.0821497440338135;-0.22750020027160645;1.1244057416915894
196;4;1;9.78407899177919;0.9999430038890438;0.9935587644577026;0.9968045949935913;0.10237208008766174;0.06952762603759766;0.2781243920326233;1.3873568773269653;-0.30730894207954407;0.7102934718132019
196;4;2;9.690838942475892;0.999943003889431;0.9935587644577026;0.9968045949935913;0.10237208008766174;0.06952762603759766;0.020118126645684242;1.1215053796768188;0.6347315311431885;2.2945284843444824
196;4;3;4.2197157520466;0.9725232131860455;0.9935587644577026;0.9968045949935913;0.10237208008766174;0.06952762603759766;0.8865243792533875;2.083766222000122;-0.22771114110946655;1.1247040033340454
197;4;1;9.780854799812218;0.9999430038890438;0.9935587644577026;0.9968244433403015;0.10210171341896057;0.06947030127048492;0.2790296673774719;1.3881871700286865;-0.30778369307518005;0.7100182771682739
197;4;2;9.700587592850525;0.9999430037316159;0.9935587644577026;0.9968244433403015;0.10210171341896057;0.06947030127048492;0.02038153074681759;1.1223170757293701;0.6349425315856934;2.296576738357544
197;4;3;4.226550501663347;0.9771904522618602;0.9935587644577026;0.9968244433403015;0.10210171341896057;0.06947030127048492;0.8875896334648132;2.085373640060425;-0.22791224718093872;1.1249885559082031
198;4;1;9.778668263504102;0.9999430038890367;0.9935587644577026;0.9968293905258179;0.10187816619873047;0.06940615177154541;0.27987709641456604;1.3890594244003296;-0.30839741230010986;0.7094997763633728
198;4;2;9.705672211842561;0.9992712211084687;0.9935587644577026;0.9968293905258179;0.10187816619873047;0.06940615177154541;0.02071048505604267;1.1231215000152588;0.6352352499961853;2.2986114025115967
198;4;3;4.223836860279954;0.9785611443005369;0.9935587644577026;0.9968293905258179;0.10187816619873047;0.06940615177154541;0.888671875;2.0869717597961426;-0.228105366230011;1.1252615451812744
199;4;1;9.777241551476564;0.9999430038890651;0.9935587644577026;0.9968342781066895;0.10170263797044754;0.06934516876935959;0.28075072169303894;1.390041708946228;-0.30895325541496277;0.7089834213256836
199;4;2;9.70515983642234;0.9995651179353082;0.9935587644577026;0.9968342781066895;0.10170263797044754;0.06934516876935959;0.020973047241568565;1.1240148544311523;0.6354279518127441;2.3003687858581543
199;4;3;4.209854952256119;0.9765954703281388;0.9935587644577026;0.9968342781066895;0.10170263797044754;0.06934516876935959;0.8897348642349243;2.088571310043335;-0.2283114194869995;1.125553011894226
0;5;1;5.519208369554775;0.47764882335648906;0.39814814925193787;0.3733183741569519;0.7202938795089722;0.7069359421730042;-0.08786219358444214;0.34801843762397766;-0.4491669833660126;0.31899282336235046
0;5;2;1.183966470012841;0.13373935863931052;0.39814814925193787;0.3733183741569519;0.7202938795089722;0.7069359421730042;-0.06413129717111588;0.29794710874557495;-0.182944655418396;0.1465977430343628
0;5;3;0.7957344571737117;0.11180191039104415;0.39814814925193787;0.3733183741569519;0.7202938795089722;0.7069359421730042;-0.18686294555664062;0.3939373195171356;-0.1100466400384903;0.5912798047065735
1;5;1;5.51399869013602;0.4736799763316597;0.4259259104728699;0.3901345133781433;0.7186100482940674;0.7056429386138916;-0.08765768259763718;0.34722357988357544;-0.44993671774864197;0.31718555092811584
1;5;2;1.0413935186155996;0.11449748364267975;0.4259259104728699;0.3901345133781433;0.7186100482940674;0.7056429386138916;-0.06466158479452133;0.29705414175987244;-0.18633809685707092;0.14937499165534973
1;5;3;0.710946434679574;0.09665159683213886;0.4259259104728699;0.3901345133781433;0.7186100482940674;0.7056429386138916;-0.1870652735233307;0.3934910297393799;-0.12062327563762665;0.5763221383094788
2;5;1;5.4811576293296085;0.46527072365196886;0.4444444477558136;0.41143497824668884;0.7157220244407654;0.7034913897514343;-0.08738831430673599;0.3462039828300476;-0.45091137290000916;0.31487852334976196
2;5;2;0.8527685996924603;0.09192738938570955;0.4444444477558136;0.41143497824668884;0.7157220244407654;0.7034913897514343;-0.06532213091850281;0.29591986536979675;-0.1905490756034851;0.153548926115036
2;5;3;0.5685633173821429;0.07410287199566135;0.4444444477558136;0.41143497824668884;0.7157220244407654;0.7034913897514343;-0.18731270730495453;0.39294731616973877;-0.1351950764656067;0.5557145476341248
3;5;1;5.441222058171206;0.4531753429971843;0.46296295523643494;0.4428251087665558;0.7121389508247375;0.7009688019752502;-0.08709084242582321;0.34510472416877747;-0.45194682478904724;0.3123926520347595
3;5;2;0.5513743335484378;0.05621625023962906;0.46296295523643494;0.4428251087665558;0.7121389508247375;0.7009688019752502;-0.06595660746097565;0.2947236895561218;-0.194597527384758;0.1594255268573761
3;5;3;0.34974650727180645;0.04189333935642381;0.46296295523643494;0.4428251087665558;0.7121389508247375;0.7009688019752502;-0.18757101893424988;0.3923850357532501;-0.1528048813343048;0.530810534954071
4;5;1;5.426786829970958;0.4506040509857314;0.5925925970077515;0.5751121044158936;0.7082400918006897;0.6984572410583496;-0.08679892122745514;0.3440273106098175;-0.45294424891471863;0.3099495768547058
4;5;2;0.7771652215353342;0.10492652609592312;0.5925925970077515;0.5751121044158936;0.7082400918006897;0.6984572410583496;-0.06631683558225632;0.2936305105686188;-0.19666436314582825;0.16922815144062042
4;5;3;0.17659918882462478;0.01578814550675034;0.5925925970077515;0.5751121044158936;0.7082400918006897;0.6984572410583496;-0.1878255307674408;0.39185717701911926;-0.1724798083305359;0.502985954284668
5;5;1;5.3837933844111845;0.4542278321411999;0.6815620064735413;0.7237583994865417;0.703946053981781;0.6956520080566406;-0.08653640002012253;0.3430754542350769;-0.4538024961948395;0.3077590763568878
5;5;2;1.7536880290360664;0.23752811333218204;0.6815620064735413;0.7237583994865417;0.703946053981781;0.6956520080566406;-0.0663009062409401;0.2927713990211487;-0.19560717046260834;0.18392182886600494
5;5;3;0.5734983312056663;0.14114798005326534;0.6815620064735413;0.7237583994865417;0.703946053981781;0.6956520080566406;-0.18810121715068817;0.3914218842983246;-0.19324645400047302;0.4736174941062927
6;5;1;5.324937949197391;0.45146839217869683;0.761272132396698;0.8033943176269531;0.6989593505859375;0.6926921010017395;-0.0863083228468895;0.34230437874794006;-0.45447370409965515;0.30590876936912537
6;5;2;2.8363208055226465;0.34277933771735647;0.761272132396698;0.8033943176269531;0.6989593505859375;0.6926921010017395;-0.06593284010887146;0.29220208525657654;-0.19195447862148285;0.2020919770002365
6;5;3;1.4098748223652713;0.2930704707286047;0.761272132396698;0.8033943176269531;0.6989593505859375;0.6926921010017395;-0.18845605850219727;0.3911462724208832;-0.2140631526708603;0.4441782534122467
7;5;1;5.312026513992521;0.45126455321746306;0.7612720727920532;0.803362250328064;0.694061815738678;0.6900643110275269;-0.08606572449207306;0.34180694818496704;-0.4548817574977875;0.30441808700561523
7;5;2;3.2364891403372056;0.35804481331996385;0.7612720727920532;0.803362250328064;0.694061815738678;0.6900643110275269;-0.06526176631450653;0.29195231199264526;-0.18662109971046448;0.22204892337322235
7;5;3;1.7759654731374432;0.33155364960820144;0.7612720727920532;0.803362250328064;0.694061815738678;0.6900643110275269;-0.18894991278648376;0.3910902738571167;-0.2339138686656952;0.41610509157180786
8;5;1;5.285724994480908;0.45085019022884154;0.7564412355422974;0.8027399182319641;0.6899824142456055;0.6881803274154663;-0.08572500199079514;0.34172531962394714;-0.4549226760864258;0.30327871441841125
8;5;2;3.6526403823261084;0.3616595167864354;0.7564412355422974;0.8027399182319641;0.6899824142456055;0.6881803274154663;-0.06435459107160568;0.2920503616333008;-0.18068307638168335;0.24200677871704102
8;5;3;2.09661294787732;0.33642403600013715;0.7564412355422974;0.8027399182319641;0.6899824142456055;0.6881803274154663;-0.18961989879608154;0.39129045605659485;-0.25186845660209656;0.39071348309516907
9;5;1;5.302254676611959;0.45459436323043434;0.7564412355422974;0.8040141463279724;0.6870293021202087;0.687174916267395;-0.08520659059286118;0.34219157695770264;-0.45450925827026367;0.30249422788619995
9;5;2;3.993510827841213;0.3663261444009578;0.7564412355422974;0.8040141463279724;0.6870293021202087;0.687174916267395;-0.06327421963214874;0.29252782464027405;-0.17498672008514404;0.26059553027153015
9;5;3;2.387117401014347;0.3393768011238141;0.7564412355422974;0.8040141463279724;0.6870293021202087;0.687174916267395;-0.19047324359416962;0.3917525112628937;-0.26713547110557556;0.3691226541996002
10;5;1;5.366761962532138;0.45882686872180045;0.7516103386878967;0.8058537840843201;0.6848943829536438;0.6867679953575134;-0.08442103117704391;0.3433605134487152;-0.45355239510536194;0.3020736575126648
10;5;2;4.293824875861581;0.3735415111987379;0.7516103386878967;0.8058537840843201;0.6848943829536438;0.6867679953575134;-0.06208818405866623;0.29342585802078247;-0.17028221487998962;0.27661681175231934
10;5;3;2.613810653003899;0.3419185023796327;0.7516103386878967;0.8058537840843201;0.6848943829536438;0.6867679953575134;-0.1914983093738556;0.3924632966518402;-0.27910664677619934;0.35219284892082214
11;5;1;5.4883933344492135;0.464205009436057;0.7562398910522461;0.8062242269515991;0.6832862496376038;0.6865434050559998;-0.08335661143064499;0.34528017044067383;-0.4520285725593567;0.3020530641078949
11;5;2;4.532528565907128;0.382154316633482;0.7562398910522461;0.8062242269515991;0.6832862496376038;0.6865434050559998;-0.06083587184548378;0.29476845264434814;-0.16686776280403137;0.2896450459957123
11;5;3;2.819289772158232;0.34471775578825614;0.7562398910522461;0.8062242269515991;0.6832862496376038;0.6865434050559998;-0.19268092513084412;0.3934078514575958;-0.28738856315612793;0.3404804468154907
12;5;1;5.589857556916222;0.468718776712592;0.7608695030212402;0.8071823120117188;0.681875467300415;0.6860707998275757;-0.08201288431882858;0.34797877073287964;-0.4499270021915436;0.30248335003852844
12;5;2;4.724293699007951;0.3867857639225747;0.7608695030212402;0.8071823120117188;0.681875467300415;0.6860707998275757;-0.059547338634729385;0.29657819867134094;-0.16487547755241394;0.299533873796463
12;5;3;3.025633492680093;0.348383237211916;0.7608695030212402;0.8071823120117188;0.681875467300415;0.6860707998275757;-0.19401907920837402;0.39458590745925903;-0.2918086051940918;0.3342295289039612
13;5;1;5.798682378901084;0.4837435100232099;0.7576489448547363;0.804671049118042;0.6804422736167908;0.68505859375;-0.08041723072528839;0.35145053267478943;-0.44726258516311646;0.30342942476272583
13;5;2;4.961443464425134;0.40144680555023626;0.7576489448547363;0.804671049118042;0.6804422736167908;0.68505859375;-0.058243244886398315;0.2988770008087158;-0.16429388523101807;0.30637648701667786
13;5;3;3.2389643638255396;0.3533591736260622;0.7576489448547363;0.804671049118042;0.6804422736167908;0.68505859375;-0.19553083181381226;0.39602187275886536;-0.29240453243255615;0.3333868086338043
14;5;1;6.049541474528191;0.5127605746585715;0.761674702167511;0.8029671907424927;0.6788104176521301;0.6833372116088867;-0.0786108523607254;0.35567402839660645;-0.444049596786499;0.30497419834136963
14;5;2;5.205881085554758;0.4125112611725008;0.761674702167511;0.8029671907424927;0.6788104176521301;0.6833372116088867;-0.056933652609586716;0.3016856908798218;-0.16497783362865448;0.3104879558086395
14;5;3;3.463855519827476;0.3585526636616212;0.761674702167511;0.8029671907424927;0.6788104176521301;0.6833372116088867;-0.19725696742534637;0.397769570350647;-0.2894010841846466;0.3376343250274658
15;5;1;6.347944173032332;0.5214215268899096;0.7636876106262207;0.8000780344009399;0.6768695712089539;0.6808821558952332;-0.0766441747546196;0.3606220781803131;-0.4403063952922821;0.3071984052658081
15;5;2;5.52795990997339;0.4351321713446623;0.7636876106262207;0.8000780344009399;0.6768695712089539;0.6808821558952332;-0.05562068894505501;0.30502718687057495;-0.16669580340385437;0.3123242259025574
15;5;3;3.707483008876313;0.3666442897887947;0.7636876106262207;0.8000780344009399;0.6768695712089539;0.6808821558952332;-0.19925811886787415;0.3999117612838745;-0.2831782102584839;0.3464347720146179
16;5;1;6.672341632877654;0.5615699693187821;0.771336555480957;0.7975148558616638;0.6746276021003723;0.6778238415718079;-0.0746401697397232;0.3661485016345978;-0.4361172318458557;0.31017249822616577
16;5;2;5.713767369157374;0.4573583495857072;0.771336555480957;0.7975148558616638;0.6746276021003723;0.6778238415718079;-0.05426115542650223;0.3088892996311188;-0.16883832216262817;0.31297674775123596
16;5;3;3.9568489739186035;0.37722876147362605;0.771336555480957;0.7975148558616638;0.6746276021003723;0.6778238415718079;-0.20160642266273499;0.4025527834892273;-0.27422693371772766;0.3590938150882721
17;5;1;6.945913454894175;0.5662512861760973;0.7725443243980408;0.7925835847854614;0.6721552610397339;0.6743150949478149;-0.0727108046412468;0.37212100625038147;-0.4315780699253082;0.3139713704586029
17;5;2;5.887192857124244;0.4674601412651569;0.7725443243980408;0.7925835847854614;0.6721552610397339;0.6743150949478149;-0.052819978445768356;0.3132736086845398;-0.1708892583847046;0.31336894631385803
17;5;3;4.141041971434676;0.3869225264289753;0.7725443243980408;0.7925835847854614;0.6721552610397339;0.6743150949478149;-0.20437662303447723;0.4058108329772949;-0.2630947530269623;0.37483707070350647
18;5;1;7.274030910303914;0.6070015779157458;0.7745571732521057;0.7907587885856628;0.6697184443473816;0.6705645322799683;-0.07098058611154556;0.37837186455726624;-0.4267987906932831;0.31866034865379333
18;5;2;5.982866394984477;0.4912540012358626;0.7745571732521057;0.7907587885856628;0.6697184443473816;0.6705645322799683;-0.051237553358078;0.31816282868385315;-0.17217104136943817;0.3146892488002777
18;5;3;4.29812214306958;0.40723198612917777;0.7745571732521057;0.7907587885856628;0.6697184443473816;0.6705645322799683;-0.20763608813285828;0.4098074734210968;-0.2503322660923004;0.3928859829902649
19;5;1;7.477503984342299;0.6141528408541532;0.7842190265655518;0.7925268411636353;0.6669857501983643;0.6665009260177612;-0.06950036436319351;0.38484179973602295;-0.4218127429485321;0.3243047297000885
19;5;2;6.06150802255145;0.5213920091151714;0.7842190265655518;0.7925268411636353;0.6669857501983643;0.6665009260177612;-0.04947204142808914;0.3235647976398468;-0.17224399745464325;0.31771519780158997
19;5;3;4.461581383453357;0.4257543725534223;0.7842190265655518;0.7925268411636353;0.6669857501983643;0.6665009260177612;-0.21144549548625946;0.41466933488845825;-0.2364395558834076;0.4125332236289978
20;5;1;7.7434588724330595;0.6416979150235775;0.7862318754196167;0.7963098287582397;0.6637367010116577;0.6618569493293762;-0.06828049570322037;0.39156657457351685;-0.4165773391723633;0.3309818506240845
20;5;2;6.260609632804201;0.5464342562493627;0.7862318754196167;0.7963098287582397;0.6637367010116577;0.6618569493293762;-0.047495078295469284;0.3295133113861084;-0.1708686649799347;0.3228820264339447
20;5;3;4.626146365241462;0.4355524353642064;0.7862318754196167;0.7963098287582397;0.6637367010116577;0.6618569493293762;-0.21586517989635468;0.42053741216659546;-0.22182998061180115;0.43319427967071533
21;5;1;7.9511020984004475;0.6814122031526679;0.7926731109619141;0.7987322807312012;0.6595426797866821;0.6563901305198669;-0.06733657419681549;0.3985680341720581;-0.41108766198158264;0.3387894332408905
21;5;2;6.376086761376349;0.5600865658455803;0.7926731109619141;0.7987322807312012;0.6595426797866821;0.6563901305198669;-0.04527532681822777;0.3360506594181061;-0.1678432673215866;0.33056047558784485
21;5;3;4.806159893176133;0.43890387010640275;0.7926731109619141;0.7987322807312012;0.6595426797866821;0.6563901305198669;-0.2209566831588745;0.4275699853897095;-0.2068009376525879;0.45444855093955994
22;5;1;8.19507731804562;0.678015246940582;0.794685959815979;0.8038907051086426;0.6540656685829163;0.6497471928596497;-0.06664017587900162;0.40595659613609314;-0.4052483141422272;0.3478665351867676
22;5;2;6.592027682593635;0.5807680710762142;0.794685959815979;0.8038907051086426;0.6540656685829163;0.6497471928596497;-0.04279324412345886;0.3432445228099823;-0.16314879059791565;0.3408127427101135
22;5;3;5.04757716374548;0.45444978014483084;0.794685959815979;0.8038907051086426;0.6540656685829163;0.6497471928596497;-0.22678369283676147;0.4359445869922638;-0.19150741398334503;0.4760769009590149
23;5;1;8.307753737337393;0.7274510229472781;0.7979066371917725;0.8089725375175476;0.6468943357467651;0.6416452527046204;-0.06616326421499252;0.41385430097579956;-0.3990175724029541;0.3582969307899475
23;5;2;6.7338737219469955;0.6320108675416556;0.7979066371917725;0.8089725375175476;0.6468943357467651;0.6416452527046204;-0.04003452509641647;0.3511742055416107;-0.15686443448066711;0.3535352051258087
23;5;3;5.275237030919687;0.48144592914345274;0.7979066371917725;0.8089725375175476;0.6468943357467651;0.6416452527046204;-0.23340575397014618;0.44584882259368896;-0.175943523645401;0.4980875253677368
24;5;1;8.436741006861773;0.7265850161682508;0.7997181415557861;0.814081609249115;0.637824296951294;0.6318238377571106;-0.06584781408309937;0.4224427342414856;-0.39231762290000916;0.3701425790786743
24;5;2;6.919900467317877;0.6363537220300444;0.7997181415557861;0.814081609249115;0.637824296951294;0.6318238377571106;-0.03700023517012596;0.35993310809135437;-0.149248406291008;0.3683198094367981
24;5;3;5.4900850843592846;0.5010559272604507;0.7997181415557861;0.814081609249115;0.637824296951294;0.6318238377571106;-0.24086713790893555;0.45745983719825745;-0.15992867946624756;0.5207359790802002
25;5;1;8.581897114961663;0.7441497801369437;0.8087761402130127;0.8214402198791504;0.626514732837677;0.6201019883155823;-0.06559576094150543;0.4319067895412445;-0.3850792348384857;0.3834335207939148
25;5;2;7.142247802470873;0.6627765476680807;0.8087761402130127;0.8214402198791504;0.626514732837677;0.6201019883155823;-0.03369786590337753;0.36960119009017944;-0.14062753319740295;0.3846384584903717
25;5;3;5.733582887995469;0.5163189308194962;0.8087761402130127;0.8214402198791504;0.626514732837677;0.6201019883155823;-0.24918100237846375;0.4709114134311676;-0.1431036740541458;0.5445300936698914
26;5;1;8.71898476268646;0.7763220152658832;0.8188405632972717;0.8285444974899292;0.6128605604171753;0.6065200567245483;-0.0652574896812439;0.4424706697463989;-0.3772454857826233;0.39811035990715027
26;5;2;7.348829708385615;0.6820150795434827;0.8188405632972717;0.8285444974899292;0.6128605604171753;0.6065200567245483;-0.030165771022439003;0.3802510201931;-0.13157545030117035;0.401521772146225
26;5;3;5.989689470117517;0.5205351189886329;0.8188405632972717;0.8285444974899292;0.6128605604171753;0.6065200567245483;-0.2583063244819641;0.4862414002418518;-0.12493599951267242;0.5702230930328369
27;5;1;8.877697161100443;0.8004575648190908;0.8289049863815308;0.8373624682426453;0.5972164273262024;0.5912193059921265;-0.06470652669668198;0.4543341100215912;-0.3688514828681946;0.4139191210269928
27;5;2;7.606450303790798;0.7036340032831916;0.8289049863815308;0.8373624682426453;0.5972164273262024;0.5912193059921265;-0.026469316333532333;0.39190879464149475;-0.12281802296638489;0.4177405536174774
27;5;3;6.254093588416419;0.5363873483095745;0.8289049863815308;0.8373624682426453;0.5972164273262024;0.5912193059921265;-0.26812833547592163;0.5033376216888428;-0.10474909842014313;0.5987716913223267
28;5;1;8.921096912939745;0.80074876435269;0.8369565010070801;0.8446000814437866;0.5802767872810364;0.5747389793395996;-0.06390123814344406;0.4676107168197632;-0.36014845967292786;0.43023788928985596
28;5;2;7.725113684047116;0.7280404345918541;0.8369565010070801;0.8446000814437866;0.5802767872810364;0.5747389793395996;-0.02268669754266739;0.4045058488845825;-0.11508417129516602;0.43202969431877136
28;5;3;6.474181117978876;0.566651121470997;0.8369565010070801;0.8446000814437866;0.5802767872810364;0.5747389793395996;-0.27844229340553284;0.5218852758407593;-0.08179418742656708;0.6312347650527954
29;5;1;8.959897975287362;0.8194810771162722;0.8409823179244995;0.8523191809654236;0.5629591345787048;0.5576995015144348;-0.06267120689153671;0.4822235703468323;-0.3512899875640869;0.4466803967952728
29;5;2;7.769432707225246;0.7349976976421289;0.8409823179244995;0.8523191809654236;0.5629591345787048;0.5576995015144348;-0.018902448937296867;0.41784563660621643;-0.10902062058448792;0.4432644546031952
29;5;3;6.579715038079533;0.5705415416033386;0.8409823179244995;0.8523191809654236;0.5629591345787048;0.5576995015144348;-0.288957417011261;0.541353702545166;-0.0553482323884964;0.6686350703239441
30;5;1;9.113396969240348;0.8638827548242105;0.8474235534667969;0.8614261150360107;0.5451123714447021;0.540601909160614;-0.060930777341127396;0.49802955985069275;-0.34256184101104736;0.46253901720046997
30;5;2;7.88697264402796;0.7685950216824047;0.8474235534667969;0.8614261150360107;0.5451123714447021;0.540601909160614;-0.015216496773064137;0.4316290318965912;-0.10523836314678192;0.4503624737262726
30;5;3;6.724228158519562;0.6123540964068077;0.8474235534667969;0.8614261150360107;0.5451123714447021;0.540601909160614;-0.29932260513305664;0.5610349774360657;-0.024815633893013;0.7118147015571594
31;5;1;9.177793539407894;0.861149979378979;0.8562802076339722;0.8694810271263123;0.5276767015457153;0.5238843560218811;-0.058597076684236526;0.5147972702980042;-0.33432537317276;0.4769798815250397
31;5;2;7.966730099865007;0.785396370382422;0.8562802076339722;0.8694810271263123;0.5276767015457153;0.5238843560218811;-0.01173302810639143;0.44547027349472046;-0.10420188307762146;0.4525202214717865
31;5;3;6.813015355239527;0.6268065424775777;0.8562802076339722;0.8694810271263123;0.5276767015457153;0.5238843560218811;-0.30917197465896606;0.5801352858543396;0.010158896446228027;0.761276125907898
32;5;1;9.190344098909861;0.871565598327841;0.8647342920303345;0.8769186735153198;0.5111960768699646;0.5077357292175293;-0.05576859787106514;0.5321509838104248;-0.3271384835243225;0.48906654119491577
32;5;2;7.913063163556576;0.8189803996320606;0.8647342920303345;0.8769186735153198;0.5111960768699646;0.5077357292175293;-0.008516304194927216;0.4589143991470337;-0.1059713065624237;0.4496419429779053
32;5;3;6.7816299130323365;0.6579300407139108;0.8647342920303345;0.8769186735153198;0.5111960768699646;0.5077357292175293;-0.3181779682636261;0.5978983044624329;0.049606502056121826;0.8170634508132935
33;5;1;9.230082247853318;0.8731081057470718;0.8707729578018188;0.8836106061935425;0.495816171169281;0.49226558208465576;-0.05256735160946846;0.5495840907096863;-0.32157739996910095;0.49812665581703186
33;5;2;7.7838246661977095;0.8194038593142992;0.8707729578018188;0.8836106061935425;0.495816171169281;0.49226558208465576;-0.0055753313936293125;0.47149232029914856;-0.11014765501022339;0.4424355924129486
33;5;3;6.683122168599223;0.670810458980247;0.8707729578018188;0.8836106061935425;0.495816171169281;0.49226558208465576;-0.3260917365550995;0.6137093901634216;0.09322050213813782;0.8787428736686707
34;5;1;9.26991303012246;0.8902459017745556;0.8788244724273682;0.8906530737876892;0.4817041754722595;0.477183073759079;-0.04906029999256134;0.5666759014129639;-0.3180285394191742;0.5038464665412903
34;5;2;7.701694798320254;0.8277308684860785;0.8788244724273682;0.8906530737876892;0.4817041754722595;0.477183073759079;-0.0029225351754575968;0.48285260796546936;-0.11630326509475708;0.4316940903663635
34;5;3;6.571000335782248;0.6651262702625687;0.8788244724273682;0.8906530737876892;0.4817041754722595;0.477183073759079;-0.3327665328979492;0.6271654367446899;0.14041414856910706;0.9454848170280457
35;5;1;9.267865656979907;0.8913105180318581;0.8880836963653564;0.8962387442588806;0.46806052327156067;0.4622785747051239;-0.04537193477153778;0.5832611918449402;-0.3168007433414459;0.5058035850524902
35;5;2;7.56766700055751;0.8211607709206667;0.8880836963653564;0.8962387442588806;0.46806052327156067;0.4622785747051239;-0.0005710999248549342;0.49279776215553284;-0.12402646243572235;0.4181675612926483
35;5;3;6.450125672398688;0.6846388395674801;0.8880836963653564;0.8962387442588806;0.46806052327156067;0.4622785747051239;-0.3381633162498474;0.638100802898407;0.1903856098651886;1.0161551237106323
36;5;1;9.265758467918296;0.8803919089191368;0.8894927501678467;0.9005254507064819;0.45470789074897766;0.44749534130096436;-0.0415332056581974;0.5992178320884705;-0.3179187476634979;0.5040721297264099
36;5;2;7.42955816385361;0.8181502881898162;0.8894927501678467;0.9005254507064819;0.45470789074897766;0.44749534130096436;0.0014990012859925628;0.5012603402137756;-0.1327400505542755;0.4028743505477905
36;5;3;6.306267758160978;0.6998612521106846;0.8894927501678467;0.9005254507064819;0.45470789074897766;0.44749534130096436;-0.3423486649990082;0.6465888023376465;0.24218618869781494;1.0894122123718262
37;5;1;9.240257231524318;0.8967160688759961;0.897141695022583;0.9050887823104858;0.44160109758377075;0.4328273832798004;-0.037421297281980515;0.6143452525138855;-0.32106077671051025;0.4996415376663208
37;5;2;7.28749691693497;0.8356451425764106;0.897141695022583;0.9050887823104858;0.44160109758377075;0.4328273832798004;0.0033380489330738783;0.5082985758781433;-0.1417364478111267;0.38703933358192444
37;5;3;6.121096246796737;0.7191797644930027;0.897141695022583;0.9050887823104858;0.44160109758377075;0.4328273832798004;-0.34548068046569824;0.6529129147529602;0.294803261756897;1.1638239622116089
38;5;1;9.292432536827057;0.9218463689296144;0.8977455496788025;0.9096916317939758;0.42935842275619507;0.41837698221206665;-0.03282893821597099;0.6285933256149292;-0.3256952464580536;0.49373719096183777
38;5;2;7.18402425026645;0.8318606146732499;0.8977455496788025;0.9096916317939758;0.42935842275619507;0.41837698221206665;0.005008999723941088;0.514085590839386;-0.15034949779510498;0.37179121375083923
38;5;3;6.042815782565249;0.7213452035421781;0.8977455496788025;0.9096916317939758;0.42935842275619507;0.41837698221206665;-0.34777960181236267;0.6575024724006653;0.3472633361816406;1.238013744354248
39;5;1;9.240864969583647;0.9037970443652412;0.9017713069915771;0.9138598442077637;0.4171878695487976;0.40421509742736816;-0.02769162692129612;0.6421914100646973;-0.3314337730407715;0.4870550036430359
39;5;2;7.117719653858732;0.8177121816072699;0.9017713069915771;0.9138598442077637;0.4171878695487976;0.40421509742736816;0.006555613130331039;0.5188926458358765;-0.1582174003124237;0.357721745967865
39;5;3;5.981291099819757;0.7062339722806268;0.9017713069915771;0.9138598442077637;0.4171878695487976;0.40421509742736816;-0.3494952619075775;0.6608598828315735;0.3986970782279968;1.310752034187317
40;5;1;9.231984006197756;0.92603894141007;0.9015700817108154;0.9194084405899048;0.4058944284915924;0.39067578315734863;-0.021948644891381264;0.6552445292472839;-0.3377733528614044;0.480747252702713
40;5;2;6.999928719349214;0.8448400150872821;0.9015700817108154;0.9194084405899048;0.4058944284915924;0.39067578315734863;0.008042105473577976;0.5229813456535339;-0.16478495299816132;0.3457905352115631
40;5;3;5.8812993149547985;0.7272184157726205;0.9015700817108154;0.9194084405899048;0.4058944284915924;0.39067578315734863;-0.35087987780570984;0.6634989976882935;0.44838201999664307;1.3810172080993652
41;5;1;9.262741692110986;0.9108722685052513;0.9102254509925842;0.9243866205215454;0.3940868377685547;0.37759026885032654;-0.01549561321735382;0.6679912209510803;-0.34421342611312866;0.4756135642528534
41;5;2;6.971610307117622;0.8293280839783357;0.9102254509925842;0.9243866205215454;0.3940868377685547;0.37759026885032654;0.009516430087387562;0.5266138315200806;-0.16971628367900848;0.3365698754787445
41;5;3;5.859069695421926;0.7298347098792455;0.9102254509925842;0.9243866205215454;0.3940868377685547;0.37759026885032654;-0.3521585464477539;0.6658816933631897;0.4957960844039917;1.448070764541626
42;5;1;9.192693915606533;0.9071853494568103;0.9194847345352173;0.929648756980896;0.3820101022720337;0.3649885952472687;-0.008426097221672535;0.6806005239486694;-0.3504545986652374;0.47228795289993286
42;5;2;6.926980938741398;0.850188909810285;0.9194847345352173;0.929648756980896;0.3820101022720337;0.3649885952472687;0.011006426997482777;0.5300080180168152;-0.17287802696228027;0.33028462529182434
42;5;3;5.817731917405631;0.7480339899350401;0.9194847345352173;0.929648756980896;0.3820101022720337;0.3649885952472687;-0.35350239276885986;0.6683603525161743;0.5406337976455688;1.5114809274673462
43;5;1;9.199769826299992;0.9466392845480911;0.9261271953582764;0.9358764290809631;0.3685699999332428;0.3525346517562866;-0.000725242483895272;0.6932032704353333;-0.35607972741127014;0.47131383419036865
43;5;2;6.9971990396116155;0.8855768757051656;0.9261271953582764;0.9358764290809631;0.3685699999332428;0.3525346517562866;0.01252130139619112;0.5333108305931091;-0.17425785958766937;0.32693901658058167
43;5;3;5.858520427435343;0.7803366144261119;0.9261271953582764;0.9358764290809631;0.3685699999332428;0.3525346517562866;-0.3550160825252533;0.6711512207984924;0.5828122496604919;1.571130394935608
44;5;1;9.20147438251545;0.9173594661274862;0.9369968175888062;0.9407014846801758;0.35550254583358765;0.34061333537101746;0.007555368822067976;0.7059362530708313;-0.36085519194602966;0.4725083112716675
44;5;2;7.076428051306188;0.8829592281293159;0.9369968175888062;0.9407014846801758;0.35550254583358765;0.34061333537101746;0.014021488837897778;0.5365739464759827;-0.1741848587989807;0.32617270946502686
44;5;3;5.910141753771672;0.7761108605212144;0.9369968175888062;0.9407014846801758;0.35550254583358765;0.34061333537101746;-0.35671958327293396;0.674301266670227;0.6224620938301086;1.6272034645080566
45;5;1;9.111543893155911;0.9144416939170767;0.9432367086410522;0.9442030191421509;0.34216639399528503;0.33006250858306885;0.016176709905266762;0.7188165187835693;-0.36480405926704407;0.4753159284591675
45;5;2;7.17553144697419;0.8925737082996115;0.9432367086410522;0.9442030191421509;0.34216639399528503;0.33006250858306885;0.015458640642464161;0.539769172668457;-0.17317943274974823;0.3271319270133972
45;5;3;5.951038043008188;0.7916635703679322;0.9432367086410522;0.9442030191421509;0.34216639399528503;0.33006250858306885;-0.3585440516471863;0.6776783466339111;0.6598712801933289;1.6801081895828247
46;5;1;9.066221923669708;0.9177699673840252;0.9484702348709106;0.9492206573486328;0.3278855085372925;0.32067739963531494;0.025125566869974136;0.7315851449966431;-0.36754220724105835;0.48005709052085876
46;5;2;7.331986352352132;0.9161272373820744;0.9484702348709106;0.9492206573486328;0.3278855085372925;0.32067739963531494;0.016771625727415085;0.5427850484848022;-0.17174842953681946;0.3290981948375702
46;5;3;6.0445008921007;0.8077990782778723;0.9484702348709106;0.9492206573486328;0.3278855085372925;0.32067739963531494;-0.36036157608032227;0.6810296773910522;0.695436954498291;1.7304056882858276
47;5;1;9.091196189070033;0.9242961042719173;0.9504830837249756;0.9509294629096985;0.3155354857444763;0.31316813826560974;0.03405560180544853;0.7441377639770508;-0.3692304193973541;0.4857202172279358
47;5;2;7.474321186156345;0.9082396100676497;0.9504830837249756;0.9509294629096985;0.3155354857444763;0.31316813826560974;0.01788000762462616;0.5454636216163635;-0.17064623534679413;0.3308413028717041
47;5;3;6.167045373016213;0.8099013991647777;0.9504830837249756;0.9509294629096985;0.3155354857444763;0.31316813826560974;-0.36198243498802185;0.6839756965637207;0.7296719551086426;1.7788212299346924
48;5;1;9.13256202888001;0.9199703337492267;0.9545088410377502;0.952057957649231;0.3056489825248718;0.3089202344417572;0.04234207049012184;0.7563451528549194;-0.37035009264945984;0.4906681478023529
48;5;2;7.745710841740664;0.9281117072894247;0.9545088410377502;0.952057957649231;0.3056489825248718;0.3089202344417572;0.018691573292016983;0.5475945472717285;-0.17064319550991058;0.331114262342453
48;5;3;6.3038254286076825;0.8219685927105136;0.9545088410377502;0.952057957649231;0.3056489825248718;0.3089202344417572;-0.36317384243011475;0.6860426664352417;0.7631224393844604;1.8261274099349976
49;5;1;9.126041872656025;0.9265803380131743;0.9573268890380859;0.9512850046157837;0.299642950296402;0.3084811270236969;0.04936849698424339;0.7679615616798401;-0.3714192807674408;0.49348413944244385
49;5;2;7.861979730239767;0.9214426097845383;0.9573268890380859;0.9512850046157837;0.299642950296402;0.3084811270236969;0.019124047830700874;0.5489549040794373;-0.17226263880729675;0.3290952146053314
49;5;3;6.4231887041520785;0.8281332632929175;0.9573268890380859;0.9512850046157837;0.299642950296402;0.3084811270236969;-0.3637098968029022;0.686771035194397;0.7962237596511841;1.8729397058486938
50;5;1;9.190820059101604;0.9347495772243022;0.956119179725647;0.949776291847229;0.2967430055141449;0.3102048933506012;0.054760467261075974;0.778777003288269;-0.37263378500938416;0.4933982789516449
50;5;2;8.001392324196761;0.9367219366376673;0.956119179725647;0.949776291847229;0.2967430055141449;0.3102048933506012;0.019140534102916718;0.5494208335876465;-0.17569077014923096;0.32444387674331665
50;5;3;6.466778187594581;0.8130544086280675;0.956119179725647;0.949776291847229;0.2967430055141449;0.3102048933506012;-0.36346620321273804;0.6859087347984314;0.8291411399841309;1.9194918870925903
51;5;1;9.185235336928379;0.9290217488088999;0.9537036418914795;0.9481637477874756;0.29608413577079773;0.3117017447948456;0.05831862613558769;0.7886428236961365;-0.3738285005092621;0.4907841384410858
51;5;2;8.009803024638074;0.9205382438782905;0.9537036418914795;0.9481637477874756;0.29608413577079773;0.3117017447948456;0.018776440992951393;0.5490562915802002;-0.18062761425971985;0.3176095485687256
51;5;3;6.470574340910863;0.8034558577946882;0.9537036418914795;0.9481637477874756;0.29608413577079773;0.3117017447948456;-0.36250734329223633;0.6835926175117493;0.8616844415664673;1.96551513671875
52;5;1;9.209986902021853;0.9456713711888298;0.9533011317253113;0.9468204975128174;0.2966194450855255;0.3117251992225647;0.060176968574523926;0.7975901961326599;-0.37451645731925964;0.486859530210495
52;5;2;7.9979948409142985;0.94381814218222;0.9533011317253113;0.9468204975128174;0.2966194450855255;0.3117251992225647;0.018141452223062515;0.5481401085853577;-0.1863720417022705;0.30971434712409973
52;5;3;6.520271084408517;0.8132834770430293;0.9533011317253113;0.9468204975128174;0.2966194450855255;0.3117251992225647;-0.3611036241054535;0.6803814172744751;0.8933393955230713;2.010282039642334
53;5;1;9.216503884574053;0.9307647556970977;0.9537037014961243;0.946459949016571;0.2981358766555786;0.31055501103401184;0.06060688570141792;0.8058193922042847;-0.3741116225719452;0.48328208923339844
53;5;2;7.933380677873092;0.9149728142768154;0.9537037014961243;0.946459949016571;0.2981358766555786;0.31055501103401184;0.017406387254595757;0.5471106171607971;-0.191989466547966;0.3021467626094818
53;5;3;6.468181574518468;0.8093430355918674;0.9537037014961243;0.946459949016571;0.2981358766555786;0.31055501103401184;-0.35966312885284424;0.6771110892295837;0.9234023094177246;2.052797317504883
54;5;1;9.214783952159635;0.9340081179319881;0.9533011317253113;0.9465290307998657;0.3004951775074005;0.30906549096107483;0.05996255949139595;0.8136281967163086;-0.3720436096191406;0.48162367939949036
54;5;2;7.785366875147528;0.9215633052269574;0.9533011317253113;0.9465290307998657;0.3004951775074005;0.30906549096107483;0.016749143600463867;0.5464337468147278;-0.19658689200878143;0.29624542593955994
54;5;3;6.369271816507757;0.7941187890067258;0.9533011317253113;0.9465290307998657;0.3004951775074005;0.30906549096107483;-0.35861384868621826;0.6746509075164795;0.9511703252792358;2.092067241668701
55;5;1;9.198040765104722;0.9371692562456175;0.954508900642395;0.9473835229873657;0.30299437046051025;0.30764052271842957;0.05864856392145157;0.8212671279907227;-0.36794137954711914;0.48303255438804626
55;5;2;7.620655425674062;0.9188416267094723;0.954508900642395;0.9473835229873657;0.30299437046051025;0.30764052271842957;0.01631780155003071;0.5464698672294617;-0.1993836760520935;0.2931610345840454
55;5;3;6.32295419400754;0.8088672975392619;0.954508900642395;0.9473835229873657;0.30299437046051025;0.30764052271842957;-0.3582859933376312;0.6736669540405273;0.9761223793029785;2.127354621887207
56;5;1;9.200298955294727;0.9370805866240133;0.955716609954834;0.9480749368667603;0.3045312166213989;0.306009978055954;0.05697684362530708;0.8288296461105347;-0.36164456605911255;0.4882109463214874
56;5;2;7.515201877273665;0.916268429848067;0.955716609954834;0.9480749368667603;0.3045312166213989;0.306009978055954;0.016182351857423782;0.5473884344100952;-0.200080007314682;0.29334554076194763
56;5;3;6.241258840738848;0.7942875714948539;0.955716609954834;0.9480749368667603;0.3045312166213989;0.306009978055954;-0.3588295876979828;0.6744617223739624;0.9980400800704956;2.158350944519043
57;5;1;9.240765983634809;0.9387130520172349;0.9573268890380859;0.9481045603752136;0.3039659559726715;0.30372539162635803;0.05516742542386055;0.8362930417060852;-0.35326334834098816;0.49704062938690186
57;5;2;7.4459083133509445;0.9049852672186987;0.9573268890380859;0.9481045603752136;0.3039659559726715;0.30372539162635803;0.01632646657526493;0.5491353869438171;-0.19888083636760712;0.296478271484375
57;5;3;6.16200241478411;0.7957145129615721;0.9573268890380859;0.9481045603752136;0.3039659559726715;0.30372539162635803;-0.360185444355011;0.676919162273407;1.017045497894287;2.1852288246154785
58;5;1;9.295248757399143;0.9455057399111482;0.9573268294334412;0.9491515159606934;0.30117836594581604;0.3008376955986023;0.05337471887469292;0.8434712886810303;-0.3432541489601135;0.5088003873825073
58;5;2;7.469918302770438;0.9113722628529075;0.9573268294334412;0.9491515159606934;0.30117836594581604;0.3008376955986023;0.016666768118739128;0.5514476299285889;-0.19614098966121674;0.3020390570163727
58;5;3;6.139761600786388;0.8135016837571314;0.9573268294334412;0.9491515159606934;0.30117836594581604;0.3008376955986023;-0.36211133003234863;0.6805592179298401;1.0335495471954346;2.208569049835205
59;5;1;9.303122222138605;0.9636713295427981;0.9573268294334412;0.9496947526931763;0.29717695713043213;0.2979612350463867;0.05165421962738037;0.850084662437439;-0.33231037855148315;0.5223838686943054
59;5;2;7.471475655238937;0.9286082527707578;0.9573268294334412;0.9496947526931763;0.29717695713043213;0.2979612350463867;0.01706390269100666;0.5539238452911377;-0.1924603432416916;0.3092140853404999
59;5;3;6.060880931224016;0.8121324937432721;0.9573268294334412;0.9496947526931763;0.29717695713043213;0.2979612350463867;-0.3642430305480957;0.6846541166305542;1.0481466054916382;2.229212522506714
60;5;1;9.34320080942868;0.9576865498258158;0.9573268890380859;0.949655294418335;0.2932386100292206;0.2957499921321869;0.050026487559080124;0.8558832406997681;-0.32112547755241394;0.5364880561828613
60;5;2;7.492098860382157;0.9216203061271422;0.9573268890380859;0.949655294418335;0.2932386100292206;0.2957499921321869;0.017360780388116837;0.5561227202415466;-0.1885826587677002;0.31691330671310425
60;5;3;6.0261223067636145;0.8220929969103263;0.9573268890380859;0.949655294418335;0.2932386100292206;0.2957499921321869;-0.36617323756217957;0.688382625579834;1.0614900588989258;2.2480828762054443
61;5;1;9.381083328341724;0.9569001522326488;0.9573268890380859;0.9500380754470825;0.29018399119377136;0.2944773733615875;0.048542097210884094;0.8606523871421814;-0.3102029263973236;0.5500690937042236
61;5;2;7.510256469140334;0.9218755348692689;0.9573268890380859;0.9500380754470825;0.29018399119377136;0.2944773733615875;0.017425760626792908;0.5576449632644653;-0.18506935238838196;0.32425135374069214
61;5;3;5.966854841929262;0.8095647243889577;0.9573268890380859;0.9500380754470825;0.29018399119377136;0.2944773733615875;-0.3675326108932495;0.6909918189048767;1.0741736888885498;2.2660202980041504
62;5;1;9.473201527171959;0.9655754139959143;0.9569242596626282;0.9504207968711853;0.28805574774742126;0.2938733696937561;0.04715901240706444;0.8642599582672119;-0.3000772297382355;0.5622587203979492
62;5;2;7.532388534920901;0.91847513890146;0.9569242596626282;0.9504207968711853;0.28805574774742126;0.2938733696937561;0.017158176749944687;0.5581986904144287;-0.1823626011610031;0.33056265115737915
62;5;3;5.895728338575243;0.81533480426023;0.9569242596626282;0.9504207968711853;0.28805574774742126;0.2938733696937561;-0.36805015802383423;0.6919223666191101;1.0866518020629883;2.2836668491363525
63;5;1;9.476231052953999;0.9720181224470821;0.9573268890380859;0.9508801102638245;0.2866639792919159;0.2934785485267639;0.04586247727274895;0.8666827082633972;-0.2911176383495331;0.5725239515304565
63;5;2;7.571663686347044;0.9288135827973747;0.9573268890380859;0.9508801102638245;0.2866639792919159;0.2934785485267639;0.01651274412870407;0.5576446056365967;-0.1806885302066803;0.33546483516693115
63;5;3;5.872577819370401;0.8294296741583356;0.9573268890380859;0.9508801102638245;0.2866639792919159;0.2934785485267639;-0.3675900101661682;0.690889298915863;1.0991942882537842;2.3014047145843506
64;5;1;9.474109413286307;0.9671393579280547;0.9573268890380859;0.9512380957603455;0.28558340668678284;0.292743444442749;0.044653020799160004;0.8679696321487427;-0.2834433615207672;0.5808488726615906
64;5;2;7.539316930918957;0.92926478551637;0.9573268890380859;0.9512380957603455;0.28558340668678284;0.292743444442749;0.0155001450330019;0.556008517742157;-0.1800539195537567;0.33894121646881104
64;5;3;5.861606049817773;0.8315011810436914;0.9573268890380859;0.9512380957603455;0.28558340668678284;0.292743444442749;-0.366168349981308;0.6879186034202576;1.111873984336853;2.3193366527557373
65;5;1;9.484353175682962;0.9599263563445177;0.9557165503501892;0.9507664442062378;0.28468242287635803;0.2914314270019531;0.04358917102217674;0.8682780861854553;-0.27689823508262634;0.587576687335968
65;5;2;7.531383722853203;0.9187334584708218;0.9557165503501892;0.9507664442062378;0.28468242287635803;0.2914314270019531;0.014188566245138645;0.55348140001297;-0.1803319901227951;0.3411017954349518
65;5;3;5.855651341928626;0.8122585576567793;0.9557165503501892;0.9507664442062378;0.28468242287635803;0.2914314270019531;-0.36394307017326355;0.6833272576332092;1.1245883703231812;2.33731746673584
66;5;1;9.496628514179882;0.9653107433000088;0.955716609954834;0.9509393572807312;0.28401219844818115;0.28968438506126404;0.042716022580862045;0.8677935600280762;-0.2712225914001465;0.593370258808136
66;5;2;7.522307733104665;0.9219066542095078;0.955716609954834;0.9509393572807312;0.28401219844818115;0.28968438506126404;0.012686203233897686;0.5503641963005066;-0.18119852244853973;0.34244075417518616
66;5;3;5.882913358124426;0.8168659303846706;0.955716609954834;0.9509393572807312;0.28401219844818115;0.28968438506126404;-0.3611839711666107;0.6776602864265442;1.1371029615402222;2.355015754699707
67;5;1;9.49914735433012;0.9646545440530971;0.956119179725647;0.9511368870735168;0.2835478186607361;0.2878328561782837;0.04207541048526764;0.8667358160018921;-0.2660806179046631;0.5990293622016907
67;5;2;7.506656163174153;0.9184575821909604;0.956119179725647;0.9511368870735168;0.2835478186607361;0.2878328561782837;0.011135749518871307;0.5470279455184937;-0.1822327822446823;0.343545138835907
67;5;3;5.928205483687659;0.8154374883044682;0.956119179725647;0.9511368870735168;0.2835478186607361;0.2878328561782837;-0.35822594165802;0.6715916395187378;1.1491143703460693;2.372002363204956
68;5;1;9.492363907185855;0.9671798931003366;0.956924319267273;0.9514974355697632;0.2831941843032837;0.2861644923686981;0.041707854717969894;0.8653386831283569;-0.26114270091056824;0.6052871346473694
68;5;2;7.496764205804155;0.9238421501811409;0.956924319267273;0.9514974355697632;0.2831941843032837;0.2861644923686981;0.009678684175014496;0.5438476800918579;-0.18302306532859802;0.3450087606906891
68;5;3;5.992935929527153;0.814328596386332;0.956924319267273;0.9514974355697632;0.2831941843032837;0.2861644923686981;-0.3554133176803589;0.665808379650116;1.1603219509124756;2.387852191925049
69;5;1;9.512210911518387;0.976567329715202;0.9573268890380859;0.9516998529434204;0.28271055221557617;0.2847539782524109;0.04161088168621063;0.8638397455215454;-0.2561291754245758;0.6126489043235779
69;5;2;7.537989985319033;0.9284719527735241;0.9573268890380859;0.9516998529434204;0.28271055221557617;0.2847539782524109;0.008435873314738274;0.5411468148231506;-0.18327027559280396;0.3472285568714142
69;5;3;6.090507710223401;0.8359189447417936;0.9573268890380859;0.9516998529434204;0.28271055221557617;0.2847539782524109;-0.35304245352745056;0.660895586013794;1.1704972982406616;2.402242422103882
70;5;1;9.54032393408604;0.9778739018686053;0.9577295184135437;0.9530234336853027;0.28180375695228577;0.2833825945854187;0.0417972058057785;0.8623391389846802;-0.2507883906364441;0.6216676235198975
70;5;2;7.589053021633063;0.9290056286749184;0.9577295184135437;0.9530234336853027;0.28180375695228577;0.2833825945854187;0.007511630188673735;0.5391380786895752;-0.18263280391693115;0.3506106436252594
70;5;3;6.163892529509971;0.8236530623627072;0.9577295184135437;0.9530234336853027;0.28180375695228577;0.2833825945854187;-0.3513162136077881;0.657247006893158;1.1795387268066406;2.4150288105010986
71;5;1;9.491034124590577;0.9639448188948094;0.9581320881843567;0.9534777998924255;0.28005924820899963;0.2818565368652344;0.04219885170459747;0.8610035181045532;-0.2450796663761139;0.6321319937705994
71;5;2;7.622117788760701;0.9220850718744096;0.9581320881843567;0.9534777998924255;0.28005924820899963;0.2818565368652344;0.006922120228409767;0.5378960967063904;-0.181188702583313;0.3550277352333069
71;5;3;6.214615436283575;0.8151406663688352;0.9581320881843567;0.9534777998924255;0.28005924820899963;0.2818565368652344;-0.35030215978622437;0.6549854874610901;1.1875182390213013;2.426313638687134
72;5;1;9.537076796031037;0.9720330128815533;0.9589371681213379;0.9538630247116089;0.27749815583229065;0.2802334427833557;0.04272139444947243;0.8599539995193481;-0.23911893367767334;0.6434512734413147
72;5;2;7.703353090098929;0.9274087487900182;0.9589371681213379;0.9538630247116089;0.27749815583229065;0.2802334427833557;0.00663002161309123;0.5373539328575134;-0.17916785180568695;0.3600831627845764
72;5;3;6.288399108807898;0.8248547648338587;0.9589371681213379;0.9538630247116089;0.27749815583229065;0.2802334427833557;-0.3499314785003662;0.6539623141288757;1.1946690082550049;2.4364264011383057
73;5;1;9.5657971715967;0.9732350966979126;0.9593397378921509;0.9559446573257446;0.2745044529438019;0.27855825424194336;0.0432671420276165;0.8591053485870361;-0.23311877250671387;0.65523362159729
73;5;2;7.829517651283073;0.9494182251699854;0.9593397378921509;0.9559446573257446;0.2745044529438019;0.27855825424194336;0.006570677272975445;0.5373162031173706;-0.17671334743499756;0.36558595299720764
73;5;3;6.378916067326635;0.8457538181728168;0.9593397378921509;0.9559446573257446;0.2745044529438019;0.27855825424194336;-0.35003194212913513;0.6538240313529968;1.2013369798660278;2.4458563327789307
74;5;1;9.597503718841402;0.9747751915676801;0.9597423076629639;0.9563521146774292;0.27151602506637573;0.2770729660987854;0.043694429099559784;0.8584846258163452;-0.22741995751857758;0.6665846109390259
74;5;2;7.9271546114745135;0.9524884585891407;0.9597423076629639;0.9563521146774292;0.27151602506637573;0.2770729660987854;0.0066307308152318;0.5375474691390991;-0.17426817119121552;0.3708180785179138
74;5;3;6.414123643579416;0.8358081044367776;0.9597423076629639;0.9563521146774292;0.27151602506637573;0.2770729660987854;-0.35036706924438477;0.6540899872779846;1.2079265117645264;2.4551753997802734
75;5;1;9.619636898220556;0.9817913025167115;0.9605475068092346;0.9566657543182373;0.26896190643310547;0.27597683668136597;0.04391556233167648;0.8580646514892578;-0.2222442626953125;0.6768448948860168
75;5;2;8.028907800566746;0.9596378200504887;0.9605475068092346;0.9566657543182373;0.26896190643310547;0.27597683668136597;0.006691968999803066;0.537818968296051;-0.1722542643547058;0.3751336932182312
75;5;3;6.4711423149952605;0.8341247985972853;0.9605475068092346;0.9566657543182373;0.26896190643310547;0.27597683668136597;-0.35070616006851196;0.6542913317680359;1.214806318283081;2.46490478515625
76;5;1;9.63734812965091;0.9765830298871236;0.9613526463508606;0.9569768309593201;0.26741278171539307;0.2751605212688446;0.04385428875684738;0.8578826189041138;-0.21784456074237823;0.6853851079940796
76;5;2;8.112545823696824;0.9504581137363317;0.9613526463508606;0.9569768309593201;0.26741278171539307;0.2751605212688446;0.006668993271887302;0.5379785299301147;-0.17096976935863495;0.3780662417411804
76;5;3;6.580527067997062;0.8475656113609737;0.9613526463508606;0.9569768309593201;0.26741278171539307;0.2751605212688446;-0.3508880138397217;0.6541011929512024;1.2222321033477783;2.4754064083099365
77;5;1;9.65142384645673;0.9785123647917899;0.9613527059555054;0.9577596187591553;0.26648280024528503;0.2742328345775604;0.04352889582514763;0.8578597903251648;-0.2142191380262375;0.6923354268074036
77;5;2;8.21854483480994;0.9648840416488689;0.9613527059555054;0.9577596187591553;0.26648280024528503;0.2742328345775604;0.006542190443724394;0.5379910469055176;-0.17043724656105042;0.37959229946136475
77;5;3;6.64598874053128;0.849004190570346;0.9613527059555054;0.9577596187591553;0.26648280024528503;0.2742328345775604;-0.35087355971336365;0.6534390449523926;1.2302857637405396;2.4867961406707764
78;5;1;9.673589301607159;0.9679086092010181;0.9621578454971313;0.9582189321517944;0.2660100758075714;0.27308422327041626;0.042994823306798935;0.8580548763275146;-0.21131563186645508;0.6978164911270142
78;5;2;8.215869360672972;0.9435372275452849;0.9621578454971313;0.9582189321517944;0.2660100758075714;0.27308422327041626;0.0063378773629665375;0.5379496812820435;-0.17057618498802185;0.37984415888786316
78;5;3;6.651988337154947;0.8226780116772936;0.9621578454971313;0.9582189321517944;0.2660100758075714;0.27308422327041626;-0.3507424592971802;0.6524664759635925;1.238884687423706;2.4989566802978516
79;5;1;9.665022535274048;0.977963443257984;0.9621578454971313;0.9587374925613403;0.26596197485923767;0.271780788898468;0.04231582581996918;0.8585146069526672;-0.20905783772468567;0.7022411227226257
79;5;2;8.24102746631187;0.9601851109105155;0.9621578454971313;0.9587374925613403;0.26596197485923767;0.271780788898468;0.006128394976258278;0.5380381941795349;-0.1711648404598236;0.3791828155517578
79;5;3;6.692369253878239;0.8407343752837289;0.9621578454971313;0.9587374925613403;0.26596197485923767;0.271780788898468;-0.35066771507263184;0.6515329480171204;1.247815728187561;2.511587142944336
80;5;1;9.675657769046396;0.9828763414150146;0.9621578454971313;0.95912766456604;0.2662413418292999;0.27048635482788086;0.04159805551171303;0.8592936992645264;-0.2072378247976303;0.7061415910720825
80;5;2;8.252888260555974;0.9669766720619002;0.9621578454971313;0.95912766456604;0.2662413418292999;0.27048635482788086;0.006006058305501938;0.5384761095046997;-0.17190632224082947;0.3780737817287445
80;5;3;6.69663144183005;0.8496736421296998;0.9621578454971313;0.95912766456604;0.2662413418292999;0.27048635482788086;-0.3508623242378235;0.6510681509971619;1.2568025588989258;2.524296522140503
81;5;1;9.671065085851652;0.984988227968401;0.9629629850387573;0.9595128297805786;0.26665550470352173;0.26930904388427734;0.04093838855624199;0.8604242205619812;-0.20571191608905792;0.710011899471283
81;5;2;8.24696627196409;0.9671103403491657;0.9629629850387573;0.9595128297805786;0.26665550470352173;0.26930904388427734;0.006063529290258884;0.5394531488418579;-0.1725008338689804;0.37696734070777893
81;5;3;6.728607306511755;0.8475102406068853;0.9629629850387573;0.9595128297805786;0.26665550470352173;0.26930904388427734;-0.3515160083770752;0.6514553427696228;1.265584945678711;2.5367166996002197
82;5;1;9.685922921879673;0.9856379920750342;0.9629629850387573;0.9598190784454346;0.2669224739074707;0.268212229013443;0.04040955752134323;0.8619017601013184;-0.20436517894268036;0.7142061591148376
82;5;2;8.206423628658047;0.9724696805756992;0.9629629850387573;0.9598190784454346;0.2669224739074707;0.268212229013443;0.0063460650853812695;0.5410721898078918;-0.1727820336818695;0.37617775797843933
82;5;3;6.7159728381925525;0.8659223934611084;0.9629629850387573;0.9598190784454346;0.2669224739074707;0.268212229013443;-0.3527415692806244;0.6529242992401123;1.2739872932434082;2.5485994815826416
83;5;1;9.700808407829506;0.9897148340128226;0.9637681245803833;0.9601993560791016;0.2667767405509949;0.2670888900756836;0.04003223031759262;0.8636813163757324;-0.203269824385643;0.7188345193862915
83;5;2;8.19863280490306;0.9701526099477142;0.9637681245803833;0.9601993560791016;0.2667767405509949;0.2670888900756836;0.006851514335721731;0.5433251857757568;-0.1727156639099121;0.37582048773765564
83;5;3;6.701493793043767;0.8562426826837264;0.9637681245803833;0.9601993560791016;0.2667767405509949;0.2670888900756836;-0.35454511642456055;0.6554941534996033;1.2819575071334839;2.559870958328247
84;5;1;9.693924837834686;0.9920016321077867;0.9641706943511963;0.9605598449707031;0.26604923605918884;0.2658761143684387;0.03981897607445717;0.8657073974609375;-0.20255962014198303;0.7237393260002136
84;5;2;8.210985683157393;0.9722048052909358;0.9641706943511963;0.9605598449707031;0.26604923605918884;0.2658761143684387;0.007534361444413662;0.5461007952690125;-0.1723880022764206;0.37579548358917236
84;5;3;6.715962215251457;0.865693250742984;0.9641706943511963;0.9605598449707031;0.26604923605918884;0.2658761143684387;-0.3568289875984192;0.6589786410331726;1.2895679473876953;2.57063364982605
85;5;1;9.697375389848538;0.9868960854297839;0.9641706347465515;0.9609401226043701;0.26483219861984253;0.2645868957042694;0.039763983339071274;0.8678998351097107;-0.20239268243312836;0.7286363244056702
85;5;2;8.238301559184166;0.9753877138034355;0.9641706347465515;0.9609401226043701;0.26483219861984253;0.2645868957042694;0.008319740183651447;0.5492174029350281;-0.17196153104305267;0.375845342874527
85;5;3;6.713992686782042;0.8665836564265348;0.9641706347465515;0.9609401226043701;0.26483219861984253;0.2645868957042694;-0.3594224154949188;0.6630464792251587;1.2969810962677002;2.5811173915863037
86;5;1;9.690668758857392;0.9846456158691694;0.9645732641220093;0.9612561464309692;0.26334378123283386;0.26328444480895996;0.0398440882563591;0.8701827526092529;-0.20295177400112152;0.7331523299217224
86;5;2;8.218924653370486;0.9603873528238971;0.9645732641220093;0.9612561464309692;0.26334378123283386;0.26328444480895996;0.009111532010138035;0.5524680018424988;-0.17167453467845917;0.37563982605934143
86;5;3;6.6953294843330085;0.8645073701975985;0.9645732641220093;0.9612561464309692;0.26334378123283386;0.26328444480895996;-0.36212822794914246;0.6673112511634827;1.3043968677520752;2.5916049480438232
87;5;1;9.693204694160691;0.9894191193559152;0.9645732641220093;0.9615476131439209;0.261809766292572;0.2620145082473755;0.04004102200269699;0.8725082874298096;-0.20439739525318146;0.7368969917297363
87;5;2;8.251186496791359;0.9771913271872847;0.9645732641220093;0.9615476131439209;0.261809766292572;0.2620145082473755;0.00981153268367052;0.5556676387786865;-0.17176899313926697;0.3749040961265564
87;5;3;6.687174436791997;0.8654155874763667;0.9645732641220093;0.9615476131439209;0.261809766292572;0.2620145082473755;-0.3647715449333191;0.6714290976524353;1.311995029449463;2.6023504734039307
88;5;1;9.706919524124778;0.9858771972331013;0.9649758338928223;0.9619130492210388;0.26033535599708557;0.26072490215301514;0.04033590853214264;0.874829888343811;-0.2067912071943283;0.7396941781044006
88;5;2;8.26634296364918;0.9742064490422031;0.9649758338928223;0.9619130492210388;0.26033535599708557;0.26072490215301514;0.010365855880081654;0.5587032437324524;-0.17236873507499695;0.3734506666660309
88;5;3;6.684259975941506;0.8676513708688098;0.9649758338928223;0.9619130492210388;0.26033535599708557;0.26072490215301514;-0.3672407865524292;0.6751800179481506;1.3198870420455933;2.613511323928833
89;5;1;9.684605733926638;0.9853237210521542;0.9649758338928223;0.9623328447341919;0.2589487135410309;0.25933656096458435;0.040723349899053574;0.8771337270736694;-0.21015258133411407;0.7415050268173218
89;5;2;8.238138516628709;0.9679137137624174;0.9649758338928223;0.9623328447341919;0.2589487135410309;0.25933656096458435;0.010750258341431618;0.5615440011024475;-0.17352120578289032;0.37125831842422485
89;5;3;6.69361463953514;0.8669764062172813;0.9649758338928223;0.9623328447341919;0.2589487135410309;0.25933656096458435;-0.369506299495697;0.6785064339637756;1.3280943632125854;2.6251182556152344
90;5;1;9.684013852138747;0.9731797730860379;0.966183602809906;0.9628366231918335;0.25762930512428284;0.2578030228614807;0.04119839891791344;0.8794218301773071;-0.21439562737941742;0.742505669593811
90;5;2;8.220833649515335;0.9577665797429482;0.966183602809906;0.9628366231918335;0.25762930512428284;0.2578030228614807;0.010980610735714436;0.5642431974411011;-0.17516116797924042;0.36844825744628906
90;5;3;6.668788311520336;0.8496458686878618;0.966183602809906;0.9628366231918335;0.25762930512428284;0.2578030228614807;-0.3716188073158264;0.6815105676651001;1.3365498781204224;2.6370761394500732
91;5;1;9.69188600732177;0.9851749127048208;0.966988742351532;0.9633205533027649;0.25634607672691345;0.2561497986316681;0.041789814829826355;0.8817217946052551;-0.21931719779968262;0.7430120706558228
91;5;2;8.238288574632492;0.9670512234941491;0.966988742351532;0.9633205533027649;0.25634607672691345;0.2561497986316681;0.011113397777080536;0.5669162273406982;-0.1771223396062851;0.36523866653442383
91;5;3;6.682122273768952;0.8553399917024098;0.966988742351532;0.9633205533027649;0.25634607672691345;0.2561497986316681;-0.3736881613731384;0.6844115853309631;1.3451223373413086;2.6491994857788086
92;5;1;9.682606639747974;0.9830533162583066;0.9673913717269897;0.9639230966567993;0.2550482451915741;0.2544440031051636;0.042557261884212494;0.8841009736061096;-0.22460632026195526;0.7433446645736694
92;5;2;8.235673000241693;0.9692815054248918;0.9673913717269897;0.9639230966567993;0.2550482451915741;0.2544440031051636;0.01122428197413683;0.5697034597396851;-0.17918500304222107;0.36188703775405884
92;5;3;6.680996086315442;0.8701680941442689;0.9673913717269897;0.9639230966567993;0.2550482451915741;0.2544440031051636;-0.3758479058742523;0.6874765753746033;1.3536566495895386;2.661268711090088
93;5;1;9.675840922827561;0.9804729712417313;0.9681965112686157;0.9644564390182495;0.2536444067955017;0.25272655487060547;0.04353981465101242;0.8866358995437622;-0.23003582656383514;0.7437349557876587
93;5;2;8.239911374625205;0.9728095398876135;0.9681965112686157;0.9644564390182495;0.2536444067955017;0.25272655487060547;0.011375403963029385;0.5727274417877197;-0.1811753213405609;0.35862472653388977
93;5;3;6.686310894878623;0.8806200313219712;0.9681965112686157;0.9644564390182495;0.2536444067955017;0.25272655487060547;-0.3782181739807129;0.6909450888633728;1.3620160818099976;2.673090934753418
94;5;1;9.688471105659403;0.978258015334589;0.9681965112686157;0.9650293588638306;0.2520960867404938;0.25096866488456726;0.04472701996564865;0.8893551826477051;-0.23551011085510254;0.7443934679031372
94;5;2;8.252137206987431;0.968379684487747;0.9681965112686157;0.9650293588638306;0.2520960867404938;0.25096866488456726;0.011610981076955795;0.5760686993598938;-0.18296627700328827;0.3555956780910492
94;5;3;6.695836134397766;0.8632952064577335;0.9681965112686157;0.9650293588638306;0.2520960867404938;0.25096866488456726;-0.3808782696723938;0.6949761509895325;1.3701142072677612;2.6845433712005615
95;5;1;9.703016085357355;0.9805885409208699;0.9694042205810547;0.9655775427818298;0.2502070367336273;0.2491448074579239;0.046113256365060806;0.8922865390777588;-0.24091291427612305;0.7453802227973938
95;5;2;8.274821258238514;0.9687296536828853;0.9694042205810547;0.9655775427818298;0.2502070367336273;0.2491448074579239;0.011939057148993015;0.579748809337616;-0.18454015254974365;0.3528122901916504
95;5;3;6.723042810874805;0.878220082652156;0.9694042205810547;0.9655775427818298;0.2502070367336273;0.2491448074579239;-0.38385090231895447;0.6996161937713623;1.377933382987976;2.695601224899292
96;5;1;9.705372815710824;0.9815409934536206;0.9694042205810547;0.9661059379577637;0.24796786904335022;0.24725843966007233;0.04767978563904762;0.8954498767852783;-0.24622106552124023;0.7465739846229553
96;5;2;8.296044839091632;0.9710304647446257;0.9694042205810547;0.9661059379577637;0.24796786904335022;0.24725843966007233;0.012336532585322857;0.5837305188179016;-0.18595463037490845;0.35019412636756897
96;5;3;6.729867816834281;0.8716461461089597;0.9694042205810547;0.9661059379577637;0.24796786904335022;0.24725843966007233;-0.3871033787727356;0.7048006653785706;1.385522484779358;2.706333875656128
97;5;1;9.699973659006076;0.979705659642768;0.9698067903518677;0.966693639755249;0.24546079337596893;0.24530653655529022;0.04938666149973869;0.8988341689109802;-0.2514815926551819;0.7477936744689941
97;5;2;8.305968230247974;0.964071040594007;0.9698067903518677;0.966693639755249;0.24546079337596893;0.24530653655529022;0.01275627315044403;0.5879377722740173;-0.18733768165111542;0.3475826680660248
97;5;3;6.729129531649097;0.886243433948426;0.9698067903518677;0.966693639755249;0.24546079337596893;0.24530653655529022;-0.39056476950645447;0.7103893160820007;1.392974615097046;2.7168729305267334
98;5;1;9.706973950307422;0.983533971530008;0.9710144996643066;0.9672369956970215;0.24283747375011444;0.24332794547080994;0.051190782338380814;0.9024133086204529;-0.25674548745155334;0.7488616108894348
98;5;2;8.304599647803187;0.9663468381575342;0.9710144996643066;0.9672369956970215;0.24283747375011444;0.24332794547080994;0.013155373744666576;0.5922858119010925;-0.18878625333309174;0.3447882831096649
98;5;3;6.708007252472354;0.8663259247000745;0.9710144996643066;0.9672369956970215;0.24283747375011444;0.24332794547080994;-0.3941513001918793;0.7162150144577026;1.4003956317901611;2.727367639541626
99;5;1;9.704806100561136;0.9901790385102558;0.9714170694351196;0.9678443670272827;0.24022814631462097;0.2413274049758911;0.05307619646191597;0.9061903357505798;-0.26201826333999634;0.7495461702346802
99;5;2;8.31903747206475;0.967446598549099;0.9714170694351196;0.9678443670272827;0.24022814631462097;0.2413274049758911;0.013480930589139462;0.5966978073120117;-0.19044721126556396;0.3416646718978882
99;5;3;6.739489008072541;0.8810677359814694;0.9714170694351196;0.9678443670272827;0.24022814631462097;0.2413274049758911;-0.39779067039489746;0.7221335172653198;1.407873511314392;2.737943172454834
100;5;1;9.689282489488754;0.979586869214792;0.9718196392059326;0.9683876037597656;0.23778018355369568;0.23928718268871307;0.05502587556838989;0.9101392030715942;-0.26732251048088074;0.7497924566268921
100;5;2;8.326749817983995;0.972730998990631;0.9718196392059326;0.9683876037597656;0.23778018355369568;0.23928718268871307;0.013713408261537552;0.6011366844177246;-0.19235865771770477;0.3381292223930359
100;5;3;6.741164552532757;0.8843036350720439;0.9718196392059326;0.9683876037597656;0.23778018355369568;0.23928718268871307;-0.401443213224411;0.728066086769104;1.4154508113861084;2.7486588954925537
101;5;1;9.672414403583105;0.9669000458832429;0.9730273485183716;0.9689703583717346;0.23553770780563354;0.23718275129795074;0.05698719248175621;0.9142118096351624;-0.2727280557155609;0.7497103214263916
101;5;2;8.324066165971306;0.9606624060516715;0.9730273485183716;0.9689703583717346;0.23553770780563354;0.23718275129795074;0.013857834041118622;0.6056073904037476;-0.1944878101348877;0.3341936469078064
101;5;3;6.705721989060251;0.8750020177420161;0.9730273485183716;0.9689703583717346;0.23553770780563354;0.23718275129795074;-0.40510839223861694;0.7340133190155029;1.42311692237854;2.759500503540039
102;5;1;9.687191596628658;0.9836867377414578;0.9734299182891846;0.9695284366607666;0.23345133662223816;0.2350027710199356;0.058969177305698395;0.9183884859085083;-0.2782246768474579;0.7494503855705261
102;5;2;8.30829116261961;0.9716620450788618;0.9734299182891846;0.9695284366607666;0.23345133662223816;0.2350027710199356;0.013936846517026424;0.6101462244987488;-0.19676530361175537;0.32997167110443115
102;5;3;6.7040848554650925;0.886802421086438;0.9734299182891846;0.9695284366607666;0.23345133662223816;0.2350027710199356;-0.4088188409805298;0.740043044090271;1.4308170080184937;2.770390033721924
103;5;1;9.692536415593374;0.9750176032640354;0.9742350578308105;0.9701457619667053;0.23147018253803253;0.23277945816516876;0.06099524721503258;0.9226622581481934;-0.28363123536109924;0.7492616772651672
103;5;2;8.295129144513773;0.965696459486189;0.9742350578308105;0.9701457619667053;0.23147018253803253;0.23277945816516876;0.01398267038166523;0.6148056387901306;-0.1991058588027954;0.3256196081638336
103;5;3;6.687521001067477;0.8910145432381356;0.9742350578308105;0.9701457619667053;0.23147018253803253;0.23277945816516876;-0.4126242995262146;0.7462583780288696;1.438472867012024;2.781217098236084
104;5;1;9.697702487519777;0.9784645959865941;0.9746376276016235;0.970738410949707;0.22953227162361145;0.23053348064422607;0.06310069561004639;0.9270553588867188;-0.28886136412620544;0.7492677569389343
104;5;2;8.310433279262977;0.967161770522619;0.9746376276016235;0.970738410949707;0.22953227162361145;0.23053348064422607;0.014030886813998222;0.6196342706680298;-0.2014079988002777;0.3212733268737793
104;5;3;6.695018590072436;0.8825888048075399;0.9746376276016235;0.970738410949707;0.22953227162361145;0.23053348064422607;-0.41657012701034546;0.7527543306350708;1.4460108280181885;2.791877508163452
105;5;1;9.692201752591785;0.9902581052920638;0.9746376276016235;0.9713557958602905;0.2275543361902237;0.22823867201805115;0.06529839336872101;0.9315475821495056;-0.2939286530017853;0.7496086359024048
105;5;2;8.311391231181862;0.9823216808733761;0.9746376276016235;0.9713557958602905;0.2275543361902237;0.22823867201805115;0.01410190761089325;0.6246576905250549;-0.20361606776714325;0.31704461574554443
105;5;3;6.6934552228525295;0.8960850193209691;0.9746376276016235;0.9713557958602905;0.2275543361902237;0.22823867201805115;-0.42068326473236084;0.7595890760421753;1.453380823135376;2.802300214767456
106;5;1;9.69397499273478;0.9729727660834939;0.9754427671432495;0.9720076322555542;0.2254510074853897;0.22588390111923218;0.06759407371282578;0.9361189007759094;-0.2988767623901367;0.7503309845924377
106;5;2;8.317506568731886;0.9670262346925895;0.9754427671432495;0.9720076322555542;0.2254510074853897;0.22588390111923218;0.01419626921415329;0.62987220287323;-0.20571856200695038;0.3129749894142151
106;5;3;6.656166944782466;0.876301408281364;0.9754427671432495;0.9720076322555542;0.2254510074853897;0.22588390111923218;-0.4249635934829712;0.7667666673660278;1.4605695009231567;2.8124663829803467
107;5;1;9.687168893239722;0.9703540969285811;0.9758453369140625;0.9727286696434021;0.22315844893455505;0.22346065938472748;0.06998573988676071;0.9407434463500977;-0.30376991629600525;0.7514163255691528
107;5;2;8.300931813102835;0.9622460635919623;0.9758453369140625;0.9727286696434021;0.22315844893455505;0.22346065938472748;0.014306728728115559;0.6352490186691284;-0.2077232301235199;0.3090173900127411
107;5;3;6.648906301095991;0.877536128666561;0.9758453369140625;0.9727286696434021;0.22315844893455505;0.22346065938472748;-0.42938506603240967;0.7742382287979126;1.4676010608673096;2.8224105834960938
108;5;1;9.696059327608992;0.9802652463366286;0.9758453369140625;0.9733164310455322;0.22069324553012848;0.22097398340702057;0.07246643304824829;0.9453976154327393;-0.30869847536087036;0.7527499794960022
108;5;2;8.31994363246481;0.9702917003526075;0.9758453369140625;0.9733164310455322;0.22069324553012848;0.22097398340702057;0.014394093304872513;0.6407355666160583;-0.2097417563199997;0.30507704615592957
108;5;3;6.6605377374013734;0.8865195705871276;0.9758453369140625;0.9733164310455322;0.22069324553012848;0.22097398340702057;-0.4339030683040619;0.7819169163703918;1.474528431892395;2.832207441329956
109;5;1;9.702408427981858;0.9865335464708664;0.9758453369140625;0.9739633798599243;0.2181391417980194;0.21843011677265167;0.07502671331167221;0.950049638748169;-0.3137594759464264;0.754235565662384
109;5;2;8.327519496121361;0.972912029218346;0.9758453369140625;0.9739633798599243;0.2181391417980194;0.21843011677265167;0.014433297328650951;0.6462807655334473;-0.21183721721172333;0.3010258078575134
109;5;3;6.660420848663563;0.8978338890897142;0.9758453369140625;0.9739633798599243;0.2181391417980194;0.21843011677265167;-0.43846938014030457;0.7897072434425354;1.4814139604568481;2.841945171356201
110;5;1;9.688079249720545;0.979452081419609;0.9758453369140625;0.9746301174163818;0.21554885804653168;0.21582528948783875;0.07764797657728195;0.9546703696250916;-0.31906285881996155;0.7557850480079651
110;5;2;8.336307661399808;0.9675391747421216;0.9758453369140625;0.9746301174163818;0.21554885804653168;0.21582528948783875;0.014394903555512428;0.6518422961235046;-0.21409347653388977;0.29674607515335083
110;5;3;6.634697984863685;0.8862533780294584;0.9758453369140625;0.9746301174163818;0.21554885804653168;0.21582528948783875;-0.44304484128952026;0.797531247138977;1.4883126020431519;2.851701021194458
111;5;1;9.671742707886935;0.9723260188109464;0.9782608151435852;0.9753758311271667;0.2129923701286316;0.21316128969192505;0.08032888174057007;0.9592528939247131;-0.324658066034317;0.7573315501213074
111;5;2;8.354053618166812;0.9693853934712422;0.9782608151435852;0.9753758311271667;0.2129923701286316;0.21316128969192505;0.014258528128266335;0.6573994159698486;-0.2165621966123581;0.2921687662601471
111;5;3;6.6462310693998585;0.9012861288182918;0.9782608151435852;0.9753758311271667;0.2129923701286316;0.21316128969192505;-0.4476095139980316;0.8053491115570068;1.4952572584152222;2.8615221977233887
112;5;1;9.682356686228715;0.983129637679589;0.979066014289856;0.9761166572570801;0.21050983667373657;0.21044647693634033;0.08308830112218857;0.9638363718986511;-0.3304937779903412;0.7588121891021729
112;5;2;8.363271431168137;0.9716670549210633;0.979066014289856;0.9761166572570801;0.21050983667373657;0.21044647693634033;0.0140373595058918;0.6629605293273926;-0.2192041128873825;0.28728151321411133
112;5;3;6.658846162725201;0.9060726638358059;0.979066014289856;0.9761166572570801;0.21050983667373657;0.21044647693634033;-0.4521673321723938;0.8131676316261292;1.502252221107483;2.87141489982605
113;5;1;9.689593549591386;0.9918121499573331;0.979066014289856;0.9767684936523438;0.20811019837856293;0.20769992470741272;0.08598363399505615;0.9685003161430359;-0.3364494740962982;0.7601306438446045
113;5;2;8.36417262579047;0.9830748321966993;0.979066014289856;0.9767684936523438;0.20811019837856293;0.20769992470741272;0.013740095309913158;0.6685531735420227;-0.22198566794395447;0.2821360230445862
113;5;3;6.660610679164172;0.9114418307776972;0.979066014289856;0.9767684936523438;0.20811019837856293;0.20769992470741272;-0.45674294233322144;0.8210350275039673;1.5092735290527344;2.8813443183898926
114;5;1;9.67721091079428;0.9855209041930806;0.9790660738945007;0.9773315191268921;0.20580314099788666;0.204922154545784;0.08902256935834885;0.973247230052948;-0.34250640869140625;0.7614182233810425
114;5;2;8.370994332243718;0.972848161389269;0.9790660738945007;0.9773315191268921;0.20580314099788666;0.204922154545784;0.013395298272371292;0.6742199063301086;-0.22483621537685394;0.2768411338329315
114;5;3;6.660485377959812;0.9143923563272338;0.9790660738945007;0.9773315191268921;0.20580314099788666;0.204922154545784;-0.46137577295303345;0.8290291428565979;1.51627516746521;2.8912460803985596
115;5;1;9.658410269811519;0.9830267057298059;0.9790660738945007;0.9780575037002563;0.20352493226528168;0.20211012661457062;0.09226515889167786;0.9781366586685181;-0.3485439419746399;0.7627061605453491
115;5;2;8.346986794224772;0.9754461505228704;0.9790660738945007;0.9780575037002563;0.20352493226528168;0.20211012661457062;0.013042470440268517;0.6800082325935364;-0.2276337742805481;0.2715013027191162
115;5;3;6.615480815529871;0.901995052309438;0.9790660738945007;0.9780575037002563;0.20352493226528168;0.20211012661457062;-0.4661071002483368;0.8372316360473633;1.5232064723968506;2.901048421859741
116;5;1;9.651279480183248;0.9846584837944405;0.9802737236022949;0.9787390828132629;0.20120589435100555;0.1992444545030594;0.09572722762823105;0.9831788539886475;-0.35457155108451843;0.7640633583068848
116;5;2;8.33654431154093;0.9837364171705012;0.9802737236022949;0.9787390828132629;0.20120589435100555;0.1992444545030594;0.012708405964076519;0.6859503984451294;-0.23030373454093933;0.26620709896087646
116;5;3;6.630919507041662;0.9117721621969643;0.9802737236022949;0.9787390828132629;0.20120589435100555;0.1992444545030594;-0.4709678590297699;0.8457030653953552;1.5300285816192627;2.910696506500244
117;5;1;9.635202958956597;0.9801337876410017;0.9806762933731079;0.9795242547988892;0.19876480102539062;0.19632121920585632;0.09944718331098557;0.9884386658668518;-0.3604901432991028;0.7653836011886597
117;5;2;8.29584908805312;0.9695130079641174;0.9806762933731079;0.9795242547988892;0.19876480102539062;0.19632121920585632;0.012403802946209908;0.6920551061630249;-0.2328338325023651;0.2610042095184326
117;5;3;6.598230679014735;0.9028499319421144;0.9806762933731079;0.9795242547988892;0.19876480102539062;0.19632121920585632;-0.47597044706344604;0.8544661402702332;1.5367273092269897;2.9201698303222656
118;5;1;9.64976806354585;0.97428556960039;0.9818840026855469;0.9802601337432861;0.1961936205625534;0.19337838888168335;0.10340612381696701;0.993890643119812;-0.3663398325443268;0.766687273979187
118;5;2;8.30658991462425;0.9579562721815229;0.9818840026855469;0.9802601337432861;0.1961936205625534;0.19337838888168335;0.01212378405034542;0.6983092427253723;-0.23524677753448486;0.255887895822525
118;5;3;6.568343543987304;0.891020378183061;0.9818840026855469;0.9802601337432861;0.1961936205625534;0.19337838888168335;-0.4811079502105713;0.8635053634643555;1.5433120727539062;2.9294819831848145
119;5;1;9.646332264494774;0.9859033017149557;0.9826892018318176;0.9809713363647461;0.19344434142112732;0.19039788842201233;0.10756676644086838;0.9995088577270508;-0.3722519874572754;0.7678865790367126
119;5;2;8.335486943940996;0.9802944933010735;0.9826892018318176;0.9809713363647461;0.19344434142112732;0.19039788842201233;0.011844492517411709;0.7046821117401123;-0.2376086413860321;0.25080665946006775
119;5;3;6.579678752257074;0.9191968346991963;0.9826892018318176;0.9809713363647461;0.19344434142112732;0.19039788842201233;-0.48635780811309814;0.8727742433547974;1.5498123168945312;2.9386749267578125
120;5;1;9.639490607398557;0.981243241321053;0.9826892018318176;0.9816874265670776;0.19049720466136932;0.18738970160484314;0.11187467724084854;1.0052247047424316;-0.37833622097969055;0.7690107822418213
120;5;2;8.3259661546576;0.9805482491845829;0.9826892018318176;0.9816874265670776;0.19049720466136932;0.18738970160484314;0.01153644360601902;0.7111362814903259;-0.24000763893127441;0.2456982433795929
120;5;3;6.522134085423989;0.9225159884968868;0.9826892018318176;0.9816874265670776;0.19049720466136932;0.18738970160484314;-0.49169135093688965;0.8822153210639954;1.556264877319336;2.9478001594543457
121;5;1;9.659383075299282;0.983838575662837;0.9826892018318176;0.9823195934295654;0.18745751678943634;0.18434593081474304;0.11632182449102402;1.0110269784927368;-0.3846588134765625;0.769944429397583
121;5;2;8.355231624966905;0.978497520752768;0.9826892018318176;0.9823195934295654;0.18745751678943634;0.18434593081474304;0.011181283742189407;0.717639684677124;-0.24250023066997528;0.24049125611782074
121;5;3;6.519555324207129;0.9219781372993943;0.9826892018318176;0.9823195934295654;0.18745751678943634;0.18434593081474304;-0.4970817565917969;0.8917750716209412;1.562704086303711;2.95690655708313
122;5;1;9.641854864910243;0.9857349067175321;0.9834943413734436;0.9829245805740356;0.18441444635391235;0.18126308917999268;0.12090935558080673;1.0168923139572144;-0.3911920487880707;0.7706899642944336
122;5;2;8.279186138129205;0.9780732189084596;0.9834943413734436;0.9829245805740356;0.18441444635391235;0.18126308917999268;0.010762731544673443;0.7241694331169128;-0.2451528012752533;0.2351599931716919
122;5;3;6.4996398950636;0.9249260553832013;0.9834943413734436;0.9829245805740356;0.18441444635391235;0.18126308917999268;-0.5025119185447693;0.9014192223548889;1.5691508054733276;2.9660234451293945
123;5;1;9.636755785795742;0.9851427449927499;0.9838969707489014;0.9837122559547424;0.18144574761390686;0.17815802991390228;0.12559008598327637;1.0227668285369873;-0.39799267053604126;0.771354079246521
123;5;2;8.176420674541166;0.977136988727338;0.9838969707489014;0.9837122559547424;0.18144574761390686;0.17815802991390228;0.010279723443090916;0.7307168841362;-0.24794453382492065;0.22976703941822052
123;5;3;6.483042627363286;0.9194761317468725;0.9838969707489014;0.9837122559547424;0.18144574761390686;0.17815802991390228;-0.5079755783081055;0.9111360311508179;1.5756101608276367;2.975158452987671
124;5;1;9.64380165804046;0.9885451113582207;0.9851046800613403;0.9842950105667114;0.17850609123706818;0.17504499852657318;0.13033448159694672;1.0286312103271484;-0.4050617814064026;0.7720040678977966
124;5;2;8.257927576165343;0.9882796835055494;0.9851046800613403;0.9842950105667114;0.17850609123706818;0.17504499852657318;0.00973537378013134;0.7372835278511047;-0.25088781118392944;0.22432193160057068
124;5;3;6.45772419843642;0.9393444618540521;0.9851046800613403;0.9842950105667114;0.17850609123706818;0.17504499852657318;-0.5134745836257935;0.9209296107292175;1.5820763111114502;2.9843029975891113
125;5;1;9.613332190227794;0.9791990561242869;0.9859098196029663;0.9849469661712646;0.17556144297122955;0.1719367504119873;0.135110542178154;1.0344653129577637;-0.41238489747047424;0.7727496027946472
125;5;2;8.248531718821091;0.9754427763590847;0.9859098196029663;0.9849469661712646;0.17556144297122955;0.1719367504119873;0.009151042439043522;0.7438794374465942;-0.25394901633262634;0.21886229515075684
125;5;3;6.431940521328151;0.9247164171195141;0.9859098196029663;0.9849469661712646;0.17556144297122955;0.1719367504119873;-0.5190171599388123;0.930816650390625;1.5885355472564697;2.9934377670288086
126;5;1;9.638322121156087;0.9889359166113962;0.9859098196029663;0.9856137037277222;0.17258377373218536;0.1688600480556488;0.13989710807800293;1.040271282196045;-0.41987863183021545;0.7736662030220032
126;5;2;8.275485782221967;0.9884019305451943;0.9859098196029663;0.9856137037277222;0.17258377373218536;0.1688600480556488;0.008532294072210789;0.7505123019218445;-0.2571277618408203;0.21341396868228912
126;5;3;6.456926919510721;0.9307102540689733;0.9859098196029663;0.9856137037277222;0.17258377373218536;0.1688600480556488;-0.5246109366416931;0.9408118724822998;1.5949769020080566;3.002547264099121
127;5;1;9.670748225864294;0.9902685122915926;0.9867149591445923;0.9862655401229858;0.1693749725818634;0.16580705344676971;0.14469383656978607;1.0460659265518188;-0.4274992048740387;0.7747416496276855
127;5;2;8.31287944035109;0.9919479009560881;0.9867149591445923;0.9862655401229858;0.1693749725818634;0.16580705344676971;0.007887526415288448;0.7571877241134644;-0.2604050636291504;0.207989901304245
127;5;3;6.43307186114717;0.9319334414143068;0.9867149591445923;0.9862655401229858;0.1693749725818634;0.16580705344676971;-0.5302599668502808;0.9509234428405762;1.6013951301574707;3.0116238594055176
128;5;1;9.628777492349734;0.9794198740962656;0.9875200986862183;0.9868878126144409;0.16620251536369324;0.1627628058195114;0.14953747391700745;1.0518981218338013;-0.43519327044487;0.7758427858352661
128;5;2;8.278552325861977;0.978636133773108;0.9875200986862183;0.9868878126144409;0.16620251536369324;0.1627628058195114;0.0072249057702720165;0.7639076709747314;-0.2637624740600586;0.20260168612003326
128;5;3;6.40677741614709;0.9311718625148657;0.9875200986862183;0.9868878126144409;0.16620251536369324;0.1627628058195114;-0.5359650254249573;0.9611523151397705;1.607790231704712;3.0206680297851562
129;5;1;9.671007688905107;0.9859900256220655;0.990338146686554;0.9875397682189941;0.16306471824645996;0.15971559286117554;0.15441885590553284;1.0577706098556519;-0.44293466210365295;0.7769563794136047
129;5;2;8.32646412609833;0.9881592855171846;0.990338146686554;0.9875397682189941;0.16306471824645996;0.15971559286117554;0.00653943233191967;0.770668625831604;-0.2672240734100342;0.19725380837917328
129;5;3;6.393199141928854;0.934048225195399;0.990338146686554;0.9875397682189941;0.16306471824645996;0.15971559286117554;-0.5417238473892212;0.9714946746826172;1.6141644716262817;3.0296826362609863
130;5;1;9.66526973438392;0.9834250988722602;0.990338146686554;0.9881274700164795;0.15990538895130157;0.15671078860759735;0.15933869779109955;1.0636903047561646;-0.4506896138191223;0.7780616283416748
130;5;2;8.335232170625016;0.9844954449841232;0.990338146686554;0.9881274700164795;0.15990538895130157;0.15671078860759735;0.005830872338265181;0.777468204498291;-0.27079468965530396;0.1919652670621872
130;5;3;6.400133928692252;0.9314774574652223;0.990338146686554;0.9881274700164795;0.15990538895130157;0.15671078860759735;-0.547534704208374;0.9819473028182983;1.6205170154571533;3.0386664867401123
131;5;1;9.6563203219374;0.9907096077235451;0.9911432862281799;0.988641083240509;0.15683044493198395;0.15372157096862793;0.1643119603395462;1.0696725845336914;-0.45845142006874084;0.7790836691856384
131;5;2;8.330561924025798;0.9919162909072057;0.9911432862281799;0.988641083240509;0.15683044493198395;0.15372157096862793;0.005101768299937248;0.7843030691146851;-0.27448099851608276;0.1867446005344391
131;5;3;6.357746547621634;0.9403766965912776;0.9911432862281799;0.988641083240509;0.15683044493198395;0.15372157096862793;-0.5533944368362427;0.9925047755241394;1.6268460750579834;3.047616958618164
132;5;1;9.650893444895779;0.9884840874280982;0.9919484853744507;0.9891399145126343;0.15386734902858734;0.15073728561401367;0.16933222115039825;1.0756893157958984;-0.4662347733974457;0.7800847887992859
132;5;2;8.33664667568772;0.9894618560740369;0.9919484853744507;0.9891399145126343;0.15386734902858734;0.15073728561401367;0.00436983909457922;0.7911721467971802;-0.27824604511260986;0.18162813782691956
132;5;3;6.324974962391925;0.9446793782890417;0.9919484853744507;0.9891399145126343;0.15386734902858734;0.15073728561401367;-0.5593003630638123;1.003161907196045;1.6331466436386108;3.0565271377563477
133;5;1;9.643910481511675;0.9878041856279012;0.9919484257698059;0.9896435737609863;0.15098313987255096;0.147785484790802;0.1744007170200348;1.0817434787750244;-0.47399044036865234;0.7810667157173157
133;5;2;8.347793699303946;0.9878380223437269;0.9919484257698059;0.9896435737609863;0.15098313987255096;0.147785484790802;0.00363768357783556;0.7980719804763794;-0.2820740044116974;0.17664125561714172
133;5;3;6.281129314720285;0.9436481104423713;0.9919484257698059;0.9896435737609863;0.15098313987255096;0.147785484790802;-0.5652483105659485;1.0139104127883911;1.6394147872924805;3.065391778945923
134;5;1;9.62985788787141;0.9878533544403325;0.9919484853744507;0.990162193775177;0.1481960117816925;0.14489611983299255;0.17951488494873047;1.0878312587738037;-0.4816824495792389;0.782039225101471
134;5;2;8.357622755595433;0.9891499624961888;0.9919484853744507;0.990162193775177;0.1481960117816925;0.14489611983299255;0.002913673873990774;0.8049977421760559;-0.2859364151954651;0.17181935906410217
134;5;3;6.275419560358861;0.9434004193085226;0.9919484853744507;0.990162193775177;0.1481960117816925;0.14489611983299255;-0.5712324976921082;1.0247392654418945;1.6456471681594849;3.0742061138153076
135;5;1;9.613717352513945;0.9829646323711856;0.9919484257698059;0.9906017184257507;0.14548051357269287;0.14205113053321838;0.1847030371427536;1.0939635038375854;-0.48928722739219666;0.7829170227050781
135;5;2;8.382203352055129;0.9835449864114807;0.9919484257698059;0.9906017184257507;0.14548051357269287;0.14205113053321838;0.002198608824983239;0.8119384050369263;-0.2898405194282532;0.16718541085720062
135;5;3;6.256577000753609;0.9433646056421257;0.9919484257698059;0.9906017184257507;0.14548051357269287;0.14205113053321838;-0.5772436857223511;1.0356303453445435;1.6518439054489136;3.0829691886901855
136;5;1;9.62241001694467;0.9891376554964353;0.9923510551452637;0.9910215139389038;0.14283373951911926;0.13925667107105255;0.18993298709392548;1.1000781059265137;-0.49684545397758484;0.7838290333747864
136;5;2;8.38642623548499;0.990306758969318;0.9923510551452637;0.9910215139389038;0.14283373951911926;0.13925667107105255;0.0014980952255427837;0.8188821077346802;-0.29377779364585876;0.16277195513248444
136;5;3;6.218526342291572;0.9488164060458839;0.9923510551452637;0.9910215139389038;0.14283373951911926;0.13925667107105255;-0.5832710266113281;1.046562910079956;1.658004879951477;3.0916824340820312
137;5;1;9.636114762643786;0.9931685269876098;0.9923510551452637;0.9913771152496338;0.14019674062728882;0.13652868568897247;0.19522222876548767;1.1061874628067017;-0.5042967796325684;0.7847018837928772
137;5;2;8.430769549785786;0.9939842244538646;0.9923510551452637;0.9913771152496338;0.14019674062728882;0.13652868568897247;0.0008138895500451326;0.8258122801780701;-0.29776495695114136;0.15858496725559235
137;5;3;6.191036251760529;0.9593865525090077;0.9923510551452637;0.9913771152496338;0.14019674062728882;0.13652868568897247;-0.5893005728721619;1.0575106143951416;1.6641348600387573;3.100351333618164
138;5;1;9.609087396100406;0.9940160616197957;0.9923510551452637;0.991722822189331;0.13762019574642181;0.13386757671833038;0.20054017007350922;1.1122686862945557;-0.5117441415786743;0.7854630947113037
138;5;2;8.427471873310413;0.9944541884895521;0.9923510551452637;0.991722822189331;0.13762019574642181;0.13386757671833038;0.00015043417806737125;0.8327102065086365;-0.30181097984313965;0.15463826060295105
138;5;3;6.1326869528621035;0.9744941958094131;0.9923510551452637;0.991722822189331;0.13762019574642181;0.13386757671833038;-0.5953161120414734;1.068442940711975;1.6702419519424438;3.1089882850646973
139;5;1;9.621775955076622;0.9882208637724545;0.9927536249160767;0.9920339584350586;0.13508354127407074;0.1313011795282364;0.20587173104286194;1.118298053741455;-0.5191917419433594;0.7861118316650391
139;5;2;8.42274984145934;0.9900322923075251;0.9927536249160767;0.9920339584350586;0.13508354127407074;0.1313011795282364;-0.0004951794981025159;0.8395565748214722;-0.30593180656433105;0.1509387344121933
139;5;3;6.100176530748856;0.9504344349323954;0.9927536249160767;0.9920339584350586;0.13508354127407074;0.1313011795282364;-0.6013011336326599;1.0793287754058838;1.6763347387313843;3.1176044940948486
140;5;1;9.616129154659923;0.9953109764969099;0.9931561946868896;0.9924389123916626;0.13260029256343842;0.12881773710250854;0.2111774981021881;1.124232530593872;-0.5267382264137268;0.7866523861885071
140;5;2;8.43142958628448;0.9961196176558644;0.9931561946868896;0.9924389123916626;0.13260029256343842;0.12881773710250854;-0.0011277199955657125;0.8463342189788818;-0.3101443648338318;0.14749443531036377
140;5;3;6.0586943117429914;0.9621275506060858;0.9931561946868896;0.9924389123916626;0.13260029256343842;0.12881773710250854;-0.6072410345077515;1.0901415348052979;1.6824196577072144;3.1262097358703613
141;5;1;9.5949344092528;0.9929367355875343;0.9935587644577026;0.9927154779434204;0.13016277551651;0.12642809748649597;0.2164517492055893;1.1300755739212036;-0.5343322157859802;0.7870617508888245
141;5;2;8.439711773444095;0.9941303428992327;0.9935587644577026;0.9927154779434204;0.13016277551651;0.12642809748649597;-0.001757983467541635;0.8530312180519104;-0.3144545555114746;0.1443232297897339
141;5;3;6.034196074717396;0.9674897688778117;0.9935587644577026;0.9927154779434204;0.13016277551651;0.12642809748649597;-0.613125205039978;1.1008609533309937;1.6884981393814087;3.1348063945770264
142;5;1;9.598925083309545;0.9945254902423528;0.9943639039993286;0.9929031729698181;0.12780192494392395;0.1241367980837822;0.22168664634227753;1.1358290910720825;-0.5419183373451233;0.7873567342758179
142;5;2;8.46385977882754;0.9959805798557326;0.9943639039993286;0.9929031729698181;0.12780192494392395;0.1241367980837822;-0.0023819527123123407;0.8596431612968445;-0.31885212659835815;0.14145173132419586
142;5;3;5.996909445276561;0.9606630931755671;0.9943639039993286;0.9929031729698181;0.12780192494392395;0.1241367980837822;-0.6189483404159546;1.1114779710769653;1.694563388824463;3.143383741378784
143;5;1;9.60040092292089;0.9879476203131787;0.9947664737701416;0.9931204319000244;0.12552939355373383;0.12194836139678955;0.22686579823493958;1.1414848566055298;-0.5494585037231445;0.7875992655754089
143;5;2;8.50262827041416;0.9892621091110563;0.9947664737701416;0.9931204319000244;0.12552939355373383;0.12194836139678955;-0.0029914856422692537;0.86617112159729;-0.3233095109462738;0.13891510665416718
143;5;3;5.9828263823233225;0.958233685980538;0.9947664737701416;0.9931204319000244;0.12552939355373383;0.12194836139678955;-0.6247092485427856;1.1219905614852905;1.7006027698516846;3.1519246101379395
144;5;1;9.582440207011793;0.9897140867950824;0.9951690435409546;0.9933229088783264;0.12334798276424408;0.11985765397548676;0.23197244107723236;1.1470307111740112;-0.5568855404853821;0.7878965139389038
144;5;2;8.48916404414646;0.990746300177765;0.9951690435409546;0.9933229088783264;0.12334798276424408;0.11985765397548676;-0.0035803080536425114;0.8726169466972351;-0.327796995639801;0.13674193620681763
144;5;3;5.927758371319232;0.9597796429794165;0.9951690435409546;0.9933229088783264;0.12334798276424408;0.11985765397548676;-0.6304070949554443;1.1323972940444946;1.7066030502319336;3.1604104042053223
145;5;1;9.583276488940143;0.9956048114618525;0.9951690435409546;0.9936339855194092;0.12123054265975952;0.11787449568510056;0.23694825172424316;1.1523650884628296;-0.5642808675765991;0.7885421514511108
145;5;2;8.472529287609674;0.9961997700593912;0.9951690435409546;0.9936339855194092;0.12123054265975952;0.11787449568510056;-0.0041416967287659645;0.8789795637130737;-0.3322891891002655;0.1349470019340515
145;5;3;5.907471586702005;0.9646745754184742;0.9951690435409546;0.9936339855194092;0.12123054265975952;0.11787449568510056;-0.6360387802124023;1.1426925659179688;1.7125556468963623;3.1688287258148193
146;5;1;9.581717358337087;0.9935352341391948;0.9951690435409546;0.9938464164733887;0.11909129470586777;0.1159667819738388;0.24183285236358643;1.1575274467468262;-0.5715320706367493;0.7894271016120911
146;5;2;8.481160680981894;0.9942346227298025;0.9951690435409546;0.9938464164733887;0.11909129470586777;0.1159667819738388;-0.004697664640843868;0.8852461576461792;-0.33680641651153564;0.13351556658744812
146;5;3;5.85984589497949;0.9732920919094905;0.9951690435409546;0.9938464164733887;0.11909129470586777;0.1159667819738388;-0.641593337059021;1.1528575420379639;1.7184675931930542;3.177189350128174
147;5;1;9.56731957392143;0.9915456376997227;0.9951690435409546;0.9939945936203003;0.11692728102207184;0.11412759125232697;0.24664874374866486;1.1625628471374512;-0.5785648226737976;0.7903924584388733
147;5;2;8.440781130381271;0.9940060152998029;0.9951690435409546;0.9939945936203003;0.11692728102207184;0.11412759125232697;-0.005272654816508293;0.8914012312889099;-0.34136486053466797;0.13243457674980164
147;5;3;5.80383920484546;0.9628664995191603;0.9951690435409546;0.9939945936203003;0.11692728102207184;0.11412759125232697;-0.6470577120780945;1.1628689765930176;1.724350929260254;3.18550968170166
148;5;1;9.557529434294104;0.9839248853481948;0.9955717325210571;0.9941921830177307;0.11492719501256943;0.11238624155521393;0.2514073848724365;1.16749906539917;-0.5853404402732849;0.7913398146629333
148;5;2;8.413635868549083;0.9866222614782316;0.9955717325210571;0.9941921830177307;0.11492719501256943;0.11238624155521393;-0.005879923235625029;0.8974361419677734;-0.34596747159957886;0.1317012906074524
148;5;3;5.737611599747641;0.9563974598081;0.9955717325210571;0.9941921830177307;0.11492719501256943;0.11238624155521393;-0.6524240374565125;1.1727124452590942;1.7302085161209106;3.193793773651123
149;5;1;9.525304124458629;0.9927166350388035;0.9955717325210571;0.9943057298660278;0.113175168633461;0.11071854084730148;0.2561294734477997;1.1723438501358032;-0.5917932391166687;0.7922974824905396
149;5;2;8.393231691381555;0.9942509992017143;0.9955717325210571;0.9943057298660278;0.113175168633461;0.11071854084730148;-0.006514708511531353;0.9033534526824951;-0.3505856394767761;0.13132403790950775
149;5;3;5.681949218554658;0.9679656489409538;0.9955717325210571;0.9943057298660278;0.113175168633461;0.11071854084730148;-0.6576926112174988;1.1823880672454834;1.7360280752182007;3.202023506164551
150;5;1;9.547588421607315;0.9931352878693076;0.9959743022918701;0.9944143295288086;0.11166036128997803;0.10910604149103165;0.26084089279174805;1.1771060228347778;-0.5977635979652405;0.7934158444404602
150;5;2;8.362267216981838;0.9943241147670747;0.9959743022918701;0.9944143295288086;0.11166036128997803;0.10910604149103165;-0.007154961582273245;0.9091649651527405;-0.35515743494033813;0.13130009174346924
150;5;3;5.6326678070792475;0.9676558878569406;0.9959743022918701;0.9944143295288086;0.11166036128997803;0.10910604149103165;-0.6628693342208862;1.19190514087677;1.741787075996399;3.2101683616638184
151;5;1;9.515324465702236;0.9881731207060866;0.9959743022918701;0.9945774078369141;0.11028777807950974;0.107553631067276;0.2655820846557617;1.1818634271621704;-0.6031849384307861;0.7945055961608887
151;5;2;8.311129974739764;0.9893884904412147;0.9959743022918701;0.9945774078369141;0.11028777807950974;0.107553631067276;-0.007770864758640528;0.9148790836334229;-0.35962486267089844;0.13161568343639374
151;5;3;5.5662769365064655;0.968509444963269;0.9959743022918701;0.9945774078369141;0.11028777807950974;0.107553631067276;-0.6679576635360718;1.201268196105957;1.7474662065505981;3.2181999683380127
152;5;1;9.543428196644534;0.9964944470414991;0.9959743022918701;0.9946662783622742;0.10901785641908646;0.10606842488050461;0.2703215777873993;1.186567783355713;-0.6081121563911438;0.7957223057746887
152;5;2;8.28703102761305;0.9974526242822961;0.9959743022918701;0.9946662783622742;0.10901785641908646;0.10606842488050461;-0.008332439698278904;0.9204995632171631;-0.36393600702285767;0.13223007321357727
152;5;3;5.50648511532324;0.973390219260537;0.9959743022918701;0.9946662783622742;0.10901785641908646;0.10606842488050461;-0.6729568243026733;1.2104742527008057;1.7530533075332642;3.2261011600494385
153;5;1;9.516232864607929;0.9954824179099688;0.9963767528533936;0.9947403073310852;0.10770770162343979;0.10467002540826797;0.2750190794467926;1.1911629438400269;-0.6126742959022522;0.7971100211143494
153;5;2;8.262438044252065;0.9974055892749796;0.9963767528533936;0.9947403073310852;0.10770770162343979;0.10467002540826797;-0.008830646984279156;0.9260116815567017;-0.368108332157135;0.1330990344285965
153;5;3;5.432988431226644;0.9762629256071342;0.9963767528533936;0.9947403073310852;0.10770770162343979;0.10467002540826797;-0.6778560876846313;1.2195006608963013;1.7585557699203491;3.2338826656341553
154;5;1;9.50073359788123;0.9933961196285637;0.9963767528533936;0.994839072227478;0.1062953919172287;0.10334239155054092;0.27966293692588806;1.195609211921692;-0.6169959902763367;0.7985706329345703
154;5;2;8.23559312772539;0.9941725959743977;0.9963767528533936;0.994839072227478;0.1062953919172287;0.10334239155054092;-0.009285450913012028;0.9313839673995972;-0.372211217880249;0.13418737053871155
154;5;3;5.356575351934357;0.9727587948940712;0.9963767528533936;0.994839072227478;0.1062953919172287;0.10334239155054092;-0.6826335787773132;1.2283059358596802;1.7640024423599243;3.2415857315063477
155;5;1;9.497409442291314;0.9838914600982989;0.9963767528533936;0.9949674606323242;0.10484281182289124;0.10208144038915634;0.28423818945884705;1.1998791694641113;-0.6211697459220886;0.7999738454818726
155;5;2;8.140962866153032;0.9857175169695864;0.9963767528533936;0.9949674606323242;0.10484281182289124;0.10208144038915634;-0.009728054516017437;0.9365789890289307;-0.37633106112480164;0.13548016548156738
155;5;3;5.275153725641903;0.9583261419815443;0.9963767528533936;0.9949674606323242;0.10484281182289124;0.10208144038915634;-0.6872645616531372;1.2368428707122803;1.7694319486618042;3.2492637634277344
156;5;1;9.49359451319146;0.9901121057814777;0.9963767528533936;0.9950267672538757;0.10346822440624237;0.1008952185511589;0.28872743248939514;1.2039426565170288;-0.6253030300140381;0.8012113571166992
156;5;2;8.112891567552769;0.9925642901674188;0.9963767528533936;0.9950267672538757;0.10346822440624237;0.1008952185511589;-0.010186501778662205;0.9415656924247742;-0.3805409371852875;0.13698643445968628
156;5;3;5.2033009493196705;0.967921034180323;0.9963767528533936;0.9950267672538757;0.10346822440624237;0.1008952185511589;-0.6917287111282349;1.2450734376907349;1.7748759984970093;3.256962776184082
157;5;1;9.480004596743939;0.990617315751507;0.9963767528533936;0.995120644569397;0.10226580500602722;0.0997774749994278;0.29311561584472656;1.2077782154083252;-0.6294726133346558;0.8022371530532837
157;5;2;8.0599358620984;0.9916681175150934;0.9963767528533936;0.995120644569397;0.10226580500602722;0.0997774749994278;-0.010665206238627434;0.94632887840271;-0.3848749101161957;0.13871844112873077
157;5;3;5.142037611359086;0.9718908477569652;0.9963767528533936;0.995120644569397;0.10226580500602722;0.0997774749994278;-0.6960164308547974;1.2529786825180054;1.7803503274917603;3.264704942703247
158;5;1;9.485633693367994;0.9948042619874258;0.9963768124580383;0.995169997215271;0.10124735534191132;0.0987342968583107;0.2973773181438446;1.2113837003707886;-0.6337716579437256;0.8030008673667908
158;5;2;7.9694484671605395;0.9946375479569198;0.9963768124580383;0.995169997215271;0.10124735534191132;0.0987342968583107;-0.011161677539348602;0.9508707523345947;-0.3893232047557831;0.14067760109901428
158;5;3;5.066478202137834;0.9719459339924867;0.9963768124580383;0.995169997215271;0.10124735534191132;0.0987342968583107;-0.7001292705535889;1.2605605125427246;1.7858530282974243;3.272486925125122
159;5;1;9.47764646166776;0.9956441681261552;0.9963767528533936;0.9952341914176941;0.10039176046848297;0.09774889051914215;0.3015308678150177;1.2147678136825562;-0.6381463408470154;0.8035820126533508
159;5;2;7.897297401942296;0.9969769331379013;0.9963767528533936;0.9952341914176941;0.10039176046848297;0.09774889051914215;-0.011662631295621395;0.9552088379859924;-0.3938356339931488;0.1428535133600235
159;5;3;5.0101844984287;0.9723525778784143;0.9963767528533936;0.9952341914176941;0.10039176046848297;0.09774889051914215;-0.7040784358978271;1.2678395509719849;1.791366696357727;3.2802844047546387
160;5;1;9.459731028495412;0.9963770214286072;0.9963768124580383;0.9953033328056335;0.09964583069086075;0.09680382907390594;0.30557557940483093;1.2179474830627441;-0.6425834894180298;0.8040403127670288
160;5;2;7.83918461949375;0.9979703782548803;0.9963768124580383;0.9953033328056335;0.09964583069086075;0.09680382907390594;-0.012154178693890572;0.9593678712844849;-0.39835450053215027;0.1452215313911438
160;5;3;4.962305228005508;0.9809051283678087;0.9963768124580383;0.9953033328056335;0.09964583069086075;0.09680382907390594;-0.7078800201416016;1.2748454809188843;1.7968672513961792;3.2880632877349854
161;5;1;9.459551644678307;0.9971656287099862;0.9967793822288513;0.9953773617744446;0.09897328913211823;0.0958976075053215;0.3095434606075287;1.2209506034851074;-0.6469598412513733;0.8044893741607666
161;5;2;7.7818519142337195;0.9980746951398203;0.9967793822288513;0.9953773617744446;0.09897328913211823;0.0958976075053215;-0.01261791493743658;0.9633755087852478;-0.40280789136886597;0.14775022864341736
161;5;3;4.901941202843098;0.9787934630100708;0.9967793822288513;0.9953773617744446;0.09897328913211823;0.0958976075053215;-0.711551308631897;1.2816108465194702;1.8023301362991333;3.2957892417907715
162;5;1;9.464335983422146;0.9939914816372521;0.9967793822288513;0.9954614043235779;0.0982976034283638;0.09501998126506805;0.3134523332118988;1.2238212823867798;-0.6512084007263184;0.8049163222312927
162;5;2;7.690948673856248;0.9964301002569229;0.9967793822288513;0.9954614043235779;0.0982976034283638;0.09501998126506805;-0.013052010908722878;0.9672518372535706;-0.4071541726589203;0.1504029482603073
162;5;3;4.833289060056934;0.9740262984278534;0.9967793822288513;0.9954614043235779;0.0982976034283638;0.09501998126506805;-0.7151052951812744;1.2881604433059692;1.8077398538589478;3.3034396171569824
163;5;1;9.464754295422942;0.9939171823807769;0.9971819519996643;0.9955551624298096;0.09761636704206467;0.09418556094169617;0.317316472530365;1.2266037464141846;-0.6552640795707703;0.8052805066108704
163;5;2;7.615200986190992;0.9957301244791701;0.9971819519996643;0.9955551624298096;0.09761636704206467;0.09418556094169617;-0.013463056646287441;0.9710100293159485;-0.4113718867301941;0.1531469076871872
163;5;3;4.78878122761974;0.9708417672016143;0.9971819519996643;0.9955551624298096;0.09761636704206467;0.09418556094169617;-0.7185510396957397;1.2945117950439453;1.8130885362625122;3.3110039234161377
164;5;1;9.468335983054125;0.993070423050213;0.9971819519996643;0.9956095218658447;0.09716150164604187;0.0933903157711029;0.3211691379547119;1.2293342351913452;-0.6590209603309631;0.8055756092071533
164;5;2;7.605380170323951;0.9942576489471939;0.9971819519996643;0.9956095218658447;0.09716150164604187;0.0933903157711029;-0.013860258273780346;0.974659264087677;-0.4154515862464905;0.1559603363275528
164;5;3;4.744669884063745;0.9742489176389029;0.9971819519996643;0.9956095218658447;0.09716150164604187;0.0933903157711029;-0.7218953371047974;1.3006781339645386;1.8183728456497192;3.318476915359497
165;5;1;9.461999460228498;0.9960903608463951;0.9971819519996643;0.9956786632537842;0.09685248881578445;0.09260119497776031;0.32503387331962585;1.232032299041748;-0.6624462008476257;0.8057754635810852
165;5;2;7.555497164864327;0.9981527066129701;0.9971819519996643;0.9956786632537842;0.09685248881578445;0.09260119497776031;-0.014250954613089561;0.9782053232192993;-0.41938647627830505;0.15882806479930878
165;5;3;4.71155010275322;0.9796092585499636;0.9971819519996643;0.9956786632537842;0.09685248881578445;0.09260119497776031;-0.7251425981521606;1.3066678047180176;1.8235923051834106;3.3258583545684814
166;5;1;9.470186405717953;0.9994569484431608;0.9963768124580383;0.9957280158996582;0.09655201435089111;0.09182504564523697;0.32889997959136963;1.2346965074539185;-0.6655522584915161;0.8059130311012268
166;5;2;7.492114949257854;0.9998530573824098;0.9963768124580383;0.9957280158996582;0.09655201435089111;0.09182504564523697;-0.014629889279603958;0.9816535115242004;-0.4231736361980438;0.161733940243721
166;5;3;4.6627442598336675;0.9805091080856361;0.9963768124580383;0.9957280158996582;0.09655201435089111;0.09182504564523697;-0.7282971143722534;1.3124890327453613;1.8287450075149536;3.3331453800201416
167;5;1;9.459697983428136;0.9971056169202583;0.9967793822288513;0.9958070516586304;0.09630078822374344;0.09112238883972168;0.3327098786830902;1.2372995615005493;-0.6684006452560425;0.8061004281044006
167;5;2;7.452077301877782;0.9984703413055378;0.9967793822288513;0.9958070516586304;0.09630078822374344;0.09112238883972168;-0.01499180868268013;0.9850082993507385;-0.42680925130844116;0.16466358304023743
167;5;3;4.62394565896639;0.9817670485964047;0.9967793822288513;0.9958070516586304;0.09630078822374344;0.09112238883972168;-0.731362521648407;1.3181476593017578;1.8338288068771362;3.34033465385437
168;5;1;9.434254582613995;0.9936428855610799;0.9967793822288513;0.9958268404006958;0.0960431769490242;0.09048984199762344;0.3364374339580536;1.2398236989974976;-0.6710752844810486;0.8063421249389648
168;5;2;7.395943600333613;0.9947502347033819;0.9967793822288513;0.9958268404006958;0.0960431769490242;0.09048984199762344;-0.015335099771618843;0.9882702827453613;-0.43029507994651794;0.16759967803955078
168;5;3;4.566839663286778;0.9706801512390051;0.9967793822288513;0.9958268404006958;0.0960431769490242;0.09048984199762344;-0.7343394756317139;1.3236452341079712;1.8388465642929077;3.347430944442749
169;5;1;9.443734645336335;0.9990107572687421;0.9967793822288513;0.9958466291427612;0.09577096998691559;0.0898999348282814;0.34008070826530457;1.242242693901062;-0.6735830307006836;0.8067075610160828
169;5;2;7.338110011516456;0.9985277281251044;0.9967793822288513;0.9958466291427612;0.09577096998691559;0.0898999348282814;-0.015660319477319717;0.9914353489875793;-0.4336507320404053;0.17054328322410583
169;5;3;4.557114613655267;0.9799299785826285;0.9967793822288513;0.9958466291427612;0.09577096998691559;0.0898999348282814;-0.737226665019989;1.3289783000946045;1.8438054323196411;3.3544440269470215
170;5;1;9.452897994477553;0.9998283043456127;0.9967793822288513;0.9958860874176025;0.09548242390155792;0.08933525532484055;0.3435911536216736;1.2444539070129395;-0.6760534644126892;0.8074370622634888
170;5;2;7.30179594515765;0.999889556263934;0.9967793822288513;0.9958860874176025;0.09548242390155792;0.08933525532484055;-0.015974674373865128;0.9944947957992554;-0.43690985441207886;0.1735093891620636
170;5;3;4.497809867255805;0.981596661555594;0.9967793822288513;0.9958860874176025;0.09548242390155792;0.08933525532484055;-0.7400202751159668;1.3341392278671265;1.848718285560608;3.361392021179199
171;5;1;9.432804028960597;0.9974513444364632;0.9967793822288513;0.9959601163864136;0.09501238912343979;0.08878251910209656;0.34699398279190063;1.2464642524719238;-0.6784348487854004;0.8084633350372314
171;5;2;7.258225713652063;0.9985049990740364;0.9967793822288513;0.9959601163864136;0.09501238912343979;0.08878251910209656;-0.01630198210477829;0.9974300861358643;-0.440140962600708;0.1765425205230713
171;5;3;4.477713703841619;0.9766225974960232;0.9967793822288513;0.9959601163864136;0.09501238912343979;0.08878251910209656;-0.742712140083313;1.339112401008606;1.8536080121994019;3.3683066368103027
172;5;1;9.433661050693075;0.9917413003727731;0.9967793822288513;0.9959750175476074;0.09453608095645905;0.08818993717432022;0.35030397772789;1.248289704322815;-0.6807892322540283;0.8095777630805969
172;5;2;7.244959985304625;0.9936248033605999;0.9967793822288513;0.9959750175476074;0.09453608095645905;0.08818993717432022;-0.01666921004652977;1.0002213716506958;-0.4434147775173187;0.17969006299972534
172;5;3;4.456725955639662;0.9759472503930198;0.9967793822288513;0.9959750175476074;0.09453608095645905;0.08818993717432022;-0.7452934980392456;1.343880534172058;1.858500361442566;3.37522554397583
173;5;1;9.462838649394513;0.9990054420483361;0.9967793822288513;0.9959996938705444;0.09428638219833374;0.08760695904493332;0.3535151183605194;1.2499488592147827;-0.6831604838371277;0.8106580376625061
173;5;2;7.256466079514308;0.9978231980562811;0.9967793822288513;0.9959996938705444;0.09428638219833374;0.08760695904493332;-0.017088763415813446;1.0028624534606934;-0.44676703214645386;0.18298107385635376
173;5;3;4.434112208254703;0.9795656299441404;0.9967793822288513;0.9959996938705444;0.09428638219833374;0.08760695904493332;-0.74776291847229;1.3484408855438232;1.8634063005447388;3.3821640014648438
174;5;1;9.435151428853267;0.9976820756761455;0.9967793822288513;0.9960786700248718;0.09434137493371964;0.08704140782356262;0.3566264808177948;1.2514593601226807;-0.6855570673942566;0.8117039203643799
174;5;2;7.191902375106164;0.9976879331854107;0.9967793822288513;0.9960786700248718;0.09434137493371964;0.08704140782356262;-0.01755036599934101;1.0053672790527344;-0.4501701295375824;0.18639196455478668
174;5;3;4.399891701943687;0.9762518406512282;0.9967793822288513;0.9960786700248718;0.09434137493371964;0.08704140782356262;-0.7501299381256104;1.3528109788894653;1.86831533908844;3.389106273651123
175;5;1;9.442737804540037;0.9957272180374872;0.9967793822288513;0.9961429238319397;0.09465803951025009;0.08649899065494537;0.35964155197143555;1.2528384923934937;-0.6879636645317078;0.8127974271774292
175;5;2;7.2059810029942355;0.9968745535935319;0.9967793822288513;0.9961429238319397;0.09465803951025009;0.08649899065494537;-0.018026646226644516;1.007765293121338;-0.45355337858200073;0.18986324965953827
175;5;3;4.382939811639117;0.9752322715298547;0.9967793822288513;0.9961429238319397;0.09465803951025009;0.08649899065494537;-0.7524112462997437;1.3570222854614258;1.8732019662857056;3.396017074584961
176;5;1;9.443304823073873;0.9945051863684213;0.9967793822288513;0.9961626529693604;0.09509816020727158;0.08597550541162491;0.36257368326187134;1.2541050910949707;-0.6903673410415649;0.8140073418617249
176;5;2;7.166859882168122;0.9941070526898663;0.9967793822288513;0.9961626529693604;0.09509816020727158;0.08597550541162491;-0.018487725406885147;1.0100878477096558;-0.4568440318107605;0.19333310425281525
176;5;3;4.3738072657350155;0.9839595389103195;0.9967793822288513;0.9961626529693604;0.09509816020727158;0.08597550541162491;-0.7546248435974121;1.3611091375350952;1.8780385255813599;3.4028568267822266
177;5;1;9.426036313852016;0.9956957599269174;0.9967793822288513;0.9961774945259094;0.09553283452987671;0.08547438681125641;0.36543408036231995;1.2552860975265503;-0.6927362084388733;0.815368115901947
177;5;2;7.112748825005557;0.9974098319472056;0.9967793822288513;0.9961774945259094;0.09553283452987671;0.08547438681125641;-0.01891392096877098;1.0123591423034668;-0.45998796820640564;0.19674454629421234
177;5;3;4.348139798009139;0.9888162525059023;0.9967793822288513;0.9961774945259094;0.09553283452987671;0.08547438681125641;-0.7567847967147827;1.3650978803634644;1.8828054666519165;3.4095983505249023
178;5;1;9.428385208608226;0.9969039224266893;0.9967793822288513;0.9962219595909119;0.0958632230758667;0.08497723191976547;0.3682821989059448;1.2564157247543335;-0.6949226260185242;0.8168919682502747
178;5;2;7.11259072251481;0.9989326977788835;0.9967793822288513;0.9962219595909119;0.0958632230758667;0.08497723191976547;-0.019309569150209427;1.0145883560180664;-0.4629818797111511;0.20008409023284912
178;5;3;4.313696913312068;0.9781208460256945;0.9967793822288513;0.9962219595909119;0.0958632230758667;0.08497723191976547;-0.7588977813720703;1.3690016269683838;1.8874987363815308;3.4162354469299316
179;5;1;9.408840235434376;0.996667912151274;0.9963768124580383;0.9962663650512695;0.09610120207071304;0.08447436988353729;0.37113186717033386;1.2575335502624512;-0.6969139575958252;0.8184276819229126
179;5;2;7.105543064788115;0.9966215409224333;0.9963768124580383;0.9962663650512695;0.09610120207071304;0.08447436988353729;-0.01969112642109394;1.0167717933654785;-0.46585309505462646;0.20336738228797913
179;5;3;4.297296247601562;0.9838160779207943;0.9963768124580383;0.9962663650512695;0.09610120207071304;0.08447436988353729;-0.7609636783599854;1.3728199005126953;1.8921281099319458;3.4227826595306396
180;5;1;9.429801800866251;0.9972331967931751;0.9963768124580383;0.996286153793335;0.09633677452802658;0.0839967131614685;0.37398600578308105;1.2586669921875;-0.6987223625183105;0.8198398351669312
180;5;2;7.088063088019336;0.9968762167061058;0.9963768124580383;0.996286153793335;0.09633677452802658;0.0839967131614685;-0.020074209198355675;1.0189027786254883;-0.4686359763145447;0.20661009848117828
180;5;3;4.271035473220227;0.9817126212199625;0.9963768124580383;0.996286153793335;0.09633677452802658;0.0839967131614685;-0.762980580329895;1.3765488862991333;1.8967057466506958;3.4292564392089844
181;5;1;9.432101313839055;0.9976949158837343;0.9963768124580383;0.996310830116272;0.09665296226739883;0.0835309848189354;0.3768649995326996;1.2598212957382202;-0.7003247141838074;0.8211005926132202
181;5;2;7.071870608950277;0.9976375466321024;0.9963768124580383;0.996310830116272;0.09665296226739883;0.0835309848189354;-0.02046486735343933;1.0209790468215942;-0.4713532626628876;0.20982538163661957
181;5;3;4.256092471566557;0.9802276792435904;0.9963768124580383;0.996310830116272;0.09665296226739883;0.0835309848189354;-0.7649483680725098;1.38018798828125;1.9012383222579956;3.435666084289551
182;5;1;9.426435374411028;0.999205270668277;0.9963768124580383;0.9963651299476624;0.09707953035831451;0.08303970843553543;0.3797832429409027;1.2609821557998657;-0.701685905456543;0.8222944140434265
182;5;2;7.04370382278028;0.9996384119734358;0.9963768124580383;0.9963651299476624;0.09707953035831451;0.08303970843553543;-0.02085668407380581;1.0230029821395874;-0.4740036725997925;0.21300934255123138
182;5;3;4.247089724926914;0.9844175395037489;0.9963768124580383;0.9963651299476624;0.09707953035831451;0.08303970843553543;-0.7668692469596863;1.3837412595748901;1.9057265520095825;3.442013740539551
183;5;1;9.415186704795858;0.9948040502866178;0.9955716729164124;0.9963997006416321;0.09758361428976059;0.0825652927160263;0.382720023393631;1.2621221542358398;-0.7026816010475159;0.8236884474754333
183;5;2;7.00077861455458;0.9962585741781922;0.9955716729164124;0.9963997006416321;0.09758361428976059;0.0825652927160263;-0.021235577762126923;1.024978518486023;-0.4765803813934326;0.21615447103977203
183;5;3;4.22148909790306;0.9817507130647769;0.9955716729164124;0.9963997006416321;0.09758361428976059;0.0825652927160263;-0.7687451839447021;1.3872119188308716;1.9101694822311401;3.4482967853546143
184;5;1;9.426000856439487;0.990317405468943;0.9955716729164124;0.9964342713356018;0.09795046597719193;0.08216436207294464;0.3856329619884491;1.2632073163986206;-0.7034552693367004;0.825245201587677
184;5;2;6.992548728162955;0.9904067655336917;0.9955716729164124;0.9964342713356018;0.09795046597719193;0.08216436207294464;-0.02160038985311985;1.0268954038619995;-0.4791167676448822;0.21929435431957245
184;5;3;4.195048345250683;0.9774760664090287;0.9955716729164124;0.9964342713356018;0.09795046597719193;0.08216436207294464;-0.7705714702606201;1.3905906677246094;1.9145773649215698;3.4545302391052246
185;5;1;9.426657093511736;0.991741952622192;0.9955716729164124;0.9964737892150879;0.09818479418754578;0.08181343227624893;0.3884233236312866;1.2642136812210083;-0.7043160796165466;0.8267461061477661
185;5;2;6.985253886134039;0.9932001941346158;0.9955716729164124;0.9964737892150879;0.09818479418754578;0.08181343227624893;-0.021960100159049034;1.0287346839904785;-0.481670618057251;0.22247958183288574
185;5;3;4.188345634850009;0.9839557165134973;0.9955716729164124;0.9964737892150879;0.09818479418754578;0.08181343227624893;-0.7723390460014343;1.3938597440719604;1.918969750404358;3.460742473602295
186;5;1;9.41857507463584;0.9935916286317834;0.9955716729164124;0.9964787364006042;0.09833568334579468;0.0815383642911911;0.3910646140575409;1.2651199102401733;-0.7053582072257996;0.8281116485595703
186;5;2;6.999927996789754;0.9950193489840125;0.9955716729164124;0.9964787364006042;0.09833568334579468;0.0815383642911911;-0.022328171879053116;1.0304784774780273;-0.48429781198501587;0.22575992345809937
186;5;3;4.148725975048098;0.9844593882653179;0.9955716729164124;0.9964787364006042;0.09833568334579468;0.0815383642911911;-0.7740394473075867;1.3970028162002563;1.9233652353286743;3.466958522796631
187;5;1;9.426655601099107;0.9934908058755809;0.9955716729164124;0.9965182542800903;0.09848909080028534;0.0812624990940094;0.39356720447540283;1.2659128904342651;-0.7065696120262146;0.8293445706367493
187;5;2;6.998747627127472;0.9956552437334558;0.9955716729164124;0.9965182542800903;0.09848909080028534;0.0812624990940094;-0.022713344544172287;1.0321173667907715;-0.4870328903198242;0.2291700839996338
187;5;3;4.114273815655048;0.9782689292528666;0.9955716729164124;0.9965182542800903;0.09848909080028534;0.0812624990940094;-0.7756690979003906;1.4000128507614136;1.9277740716934204;3.473193645477295
188;5;1;9.435599567881695;0.9920420232856486;0.9955716729164124;0.9965478181838989;0.09861531853675842;0.08098693937063217;0.3959225118160248;1.2665982246398926;-0.7079631090164185;0.8304306864738464
188;5;2;6.999893558496829;0.9935528396433071;0.9955716729164124;0.9965478181838989;0.09861531853675842;0.08098693937063217;-0.023117145523428917;1.033653736114502;-0.4898808002471924;0.23270750045776367
188;5;3;4.119737143651818;0.9795472042555691;0.9955716729164124;0.9965478181838989;0.09861531853675842;0.08098693937063217;-0.7772303819656372;1.4028940200805664;1.9321962594985962;3.479447603225708
189;5;1;9.44479456064974;0.9931604737825381;0.9955716729164124;0.9965627193450928;0.09869203716516495;0.08071867376565933;0.3981408178806305;1.267207384109497;-0.7094823122024536;0.8313736319541931
189;5;2;6.997905427779269;0.9946019240290767;0.9955716729164124;0.9965627193450928;0.09869203716516495;0.08071867376565933;-0.023531310260295868;1.035102128982544;-0.4928100109100342;0.2363428920507431
189;5;3;4.12494881150589;0.9819874966103725;0.9955716729164124;0.9965627193450928;0.09869203716516495;0.08071867376565933;-0.7787317037582397;1.4056626558303833;1.9366203546524048;3.485704183578491
190;5;1;9.444192604333104;0.9971221185802577;0.9955716729164124;0.9965676665306091;0.0986788347363472;0.08045722544193268;0.40022706985473633;1.267755389213562;-0.7110753059387207;0.8322768211364746
190;5;2;6.988562636745279;0.9977065719235938;0.9955716729164124;0.9965676665306091;0.0986788347363472;0.08045722544193268;-0.023937130346894264;1.036487102508545;-0.4957599341869354;0.24001474678516388
190;5;3;4.115219863136197;0.9825111543720002;0.9955716729164124;0.9965676665306091;0.0986788347363472;0.08045722544193268;-0.7801858186721802;1.4083430767059326;1.9410263299942017;3.4919352531433105
191;5;1;9.461290110409756;0.9956326225183929;0.9955716133117676;0.9965873956680298;0.09872201830148697;0.08021043241024017;0.40219220519065857;1.2682682275772095;-0.71267169713974;0.8332201838493347
191;5;2;6.987926920898921;0.9973796101069894;0.9955716133117676;0.9965873956680298;0.09872201830148697;0.08021043241024017;-0.024317821487784386;1.0378329753875732;-0.49867090582847595;0.24366599321365356
191;5;3;4.114791894578897;0.983289602233441;0.9955716133117676;0.9965873956680298;0.09872201830148697;0.08021043241024017;-0.7816056609153748;1.410960078239441;1.9453946352005005;3.498112916946411
192;5;1;9.453034269171866;0.9923402244401061;0.9955716133117676;0.9966021776199341;0.09873992949724197;0.07998023927211761;0.40405359864234924;1.2687804698944092;-0.7141944169998169;0.8342263102531433
192;5;2;6.951848818648735;0.9942909664626605;0.9955716133117676;0.9966021776199341;0.09873992949724197;0.07998023927211761;-0.02466925047338009;1.0391579866409302;-0.5015039443969727;0.24725274741649628
192;5;3;4.100886464202798;0.9764284022303826;0.9955716133117676;0.9966021776199341;0.09873992949724197;0.07998023927211761;-0.7830013632774353;1.4135328531265259;1.9497116804122925;3.5042176246643066
193;5;1;9.468286694535337;0.9954592426624131;0.9959741830825806;0.9966120719909668;0.09870083630084991;0.07976798713207245;0.4058256149291992;1.2693241834640503;-0.715579092502594;0.8352869153022766
193;5;2;6.9621992035412354;0.9970601348739301;0.9959741830825806;0.9966120719909668;0.09870083630084991;0.07976798713207245;-0.024992745369672775;1.0404728651046753;-0.5042381882667542;0.250746488571167
193;5;3;4.087812217213241;0.975875827742323;0.9959741830825806;0.9966120719909668;0.09870083630084991;0.07976798713207245;-0.7843791246414185;1.4160736799240112;1.953971266746521;3.510241746902466
194;5;1;9.469660675259291;0.9906323525478058;0.9959741830825806;0.9966070652008057;0.09860251098871231;0.07957246899604797;0.4075202941894531;1.2699267864227295;-0.7167816162109375;0.8363614678382874
194;5;2;6.975674268145667;0.9909832048439817;0.9959741830825806;0.9966070652008057;0.09860251098871231;0.07957246899604797;-0.025296157225966454;1.0417815446853638;-0.5068735480308533;0.25414204597473145
194;5;3;4.097520692606036;0.9766590843995431;0.9959741830825806;0.9966070652008057;0.09860251098871231;0.07957246899604797;-0.7857422232627869;1.4185887575149536;1.9581724405288696;3.516183376312256
195;5;1;9.472256404853347;0.9970826645066779;0.9959741830825806;0.9966318011283875;0.09848096966743469;0.07938100397586823;0.4091859757900238;1.270589828491211;-0.7176723480224609;0.8375380039215088
195;5;2;6.984337876125579;0.9986609542855227;0.9959741830825806;0.9966318011283875;0.09848096966743469;0.07938100397586823;-0.025584539398550987;1.0430865287780762;-0.5094102621078491;0.25742998719215393
195;5;3;4.100111359096548;0.9816982626003377;0.9959741830825806;0.9966318011283875;0.09848096966743469;0.07938100397586823;-0.7870924472808838;1.42108154296875;1.9623156785964966;3.522042989730835
196;5;1;9.476655507170435;0.9974296287166027;0.9959741830825806;0.9966515302658081;0.09828456491231918;0.07918503880500793;0.41081029176712036;1.2713102102279663;-0.7182864546775818;0.8388000130653381
196;5;2;6.996554576810187;0.9992002712377186;0.9959741830825806;0.9966515302658081;0.09828456491231918;0.07918503880500793;-0.025861041620373726;1.0443854331970215;-0.5118618011474609;0.2606150805950165
196;5;3;4.1096220908370995;0.9870908730329084;0.9959741830825806;0.9966515302658081;0.09828456491231918;0.07918503880500793;-0.7884293794631958;1.4235507249832153;1.9664043188095093;3.527824640274048
197;5;1;9.483905655144945;0.9974690868408231;0.9959741830825806;0.9966663122177124;0.09803929924964905;0.07899152487516403;0.41237249970436096;1.2720671892166138;-0.7186926603317261;0.8401575088500977
197;5;2;6.994762800896858;0.998997397897071;0.9959741830825806;0.9966663122177124;0.09803929924964905;0.07899152487516403;-0.026123858988285065;1.0456750392913818;-0.5142399668693542;0.26370710134506226
197;5;3;4.109148557287723;0.988664560518659;0.9959741830825806;0.9966663122177124;0.09803929924964905;0.07899152487516403;-0.7897515296936035;1.425993800163269;1.9704419374465942;3.5335350036621094
198;5;1;9.464034732992324;0.9956892713702246;0.9959741830825806;0.9966713190078735;0.09775520116090775;0.07880362123250961;0.41384610533714294;1.272829294204712;-0.7189756631851196;0.8416436910629272
198;5;2;6.977184674255938;0.9959215546294686;0.9959741830825806;0.9966713190078735;0.09775520116090775;0.07880362123250961;-0.026366790756583214;1.0469510555267334;-0.5165551900863647;0.2667163908481598
198;5;3;4.08956747942679;0.9819489657276996;0.9959741830825806;0.9966713190078735;0.09775520116090775;0.07880362123250961;-0.7910565733909607;1.4284058809280396;1.9744330644607544;3.539179563522339
199;5;1;9.469892444992816;0.9957178578603134;0.9959741830825806;0.9966811537742615;0.09735167026519775;0.07862501591444016;0.4152090549468994;1.2735681533813477;-0.7192215323448181;0.8432551026344299
199;5;2;6.965850136807717;0.9963380969201658;0.9959741830825806;0.9966811537742615;0.09735167026519775;0.07862501591444016;-0.026590468361973763;1.048204779624939;-0.5188289880752563;0.2696690261363983
199;5;3;4.065709071975386;0.9811792062127207;0.9959741830825806;0.9966811537742615;0.09735167026519775;0.07862501591444016;-0.7923403978347778;1.4307790994644165;1.978385329246521;3.5447683334350586
0;6;1;9.76266975414022;0.9980269481219253;0.05314009636640549;0.04991258680820465;0.7646551132202148;0.7408953309059143;-0.07432317733764648;0.4344424605369568;0.10210442543029785;0.32614824175834656
0;6;2;9.285288665641556;0.9689422305561592;0.05314009636640549;0.04991258680820465;0.7646551132202148;0.7408953309059143;-0.03495063632726669;0.2347123622894287;0.1267157644033432;0.3615162670612335
0;6;3;3.4330904973099035;0.6071406329418512;0.05314009636640549;0.04991258680820465;0.7646551132202148;0.7408953309059143;0.17118346691131592;0.32222622632980347;0.13239458203315735;0.4166847765445709
1;6;1;9.76050519792215;0.9980003227682275;0.053542669862508774;0.049927398562431335;0.759354293346405;0.7366434335708618;-0.0743473693728447;0.4336021840572357;0.10240111500024796;0.3272489905357361
1;6;2;9.258573897603657;0.9673098504046784;0.053542669862508774;0.049927398562431335;0.759354293346405;0.7366434335708618;-0.03553725406527519;0.23414523899555206;0.12146046757698059;0.35683631896972656
1;6;3;3.312676677787266;0.6052265112476523;0.053542669862508774;0.049927398562431335;0.759354293346405;0.7366434335708618;0.1661091446876526;0.32124629616737366;0.11452681571245193;0.39141592383384705
2;6;1;9.755841133934553;0.9979356176376157;0.05314009636640549;0.049989134073257446;0.7500991821289062;0.7293163537979126;-0.0743798241019249;0.432515412569046;0.10282067209482193;0.32864975929260254
2;6;2;9.198670254662446;0.9635392118658359;0.05314009636640549;0.049989134073257446;0.7500991821289062;0.7293163537979126;-0.03629125654697418;0.23346567153930664;0.11447503417730331;0.35064154863357544
2;6;3;3.0660847063548466;0.600964529189854;0.05314009636640549;0.049989134073257446;0.7500991821289062;0.7293163537979126;0.15920817852020264;0.3203083276748657;0.09004446119070053;0.3567926287651062
3;6;1;9.747050487432354;0.9977087984916935;0.05314009636640549;0.05004839599132538;0.7385992407798767;0.7204234600067139;-0.07441715151071548;0.4313128888607025;0.10334348678588867;0.3301647901535034
3;6;2;9.08896950602761;0.9553088340805154;0.05314009636640549;0.05004839599132538;0.7385992407798767;0.7204234600067139;-0.03711850196123123;0.23280534148216248;0.10642676055431366;0.3435460031032562
3;6;3;2.6648909772039477;0.5908695028383679;0.05314009636640549;0.05004839599132538;0.7385992407798767;0.7204234600067139;0.15101198852062225;0.31980252265930176;0.060698263347148895;0.3152908384799957
4;6;1;9.729562326208026;0.9970902818356038;0.05394525080919266;0.05080895125865936;0.7265327572822571;0.7114349007606506;-0.07445530593395233;0.4301133155822754;0.1039467602968216;0.3316337466239929
4;6;2;8.854716145150078;0.9307969015480886;0.05394525080919266;0.05080895125865936;0.7265327572822571;0.7114349007606506;-0.03793588653206825;0.23228295147418976;0.0979316458106041;0.3361120820045471
4;6;3;2.0647228937588196;0.5539016766015372;0.05394525080919266;0.05080895125865936;0.7265327572822571;0.7114349007606506;0.14204514026641846;0.3200339376926422;0.028271980583667755;0.2694331705570221
5;6;1;9.692864579161963;0.9929798807764598;0.13526569306850433;0.12445921450853348;0.7152630686759949;0.703515350818634;-0.07448981702327728;0.4290110766887665;0.10460441559553146;0.33294278383255005
5;6;2;8.36640838593776;0.8403920949867008;0.13526569306850433;0.12445921450853348;0.7152630686759949;0.703515350818634;-0.03868163749575615;0.2319905012845993;0.089494988322258;0.32879337668418884
5;6;3;1.4562633805368677;0.46759758512597394;0.13526569306850433;0.12445921450853348;0.7152630686759949;0.703515350818634;0.13279563188552856;0.3211737871170044;-0.00550466775894165;0.22166576981544495
6;6;1;9.568798628429064;0.9377703818455458;0.3083735704421997;0.3160422444343567;0.705696165561676;0.6973932981491089;-0.07451645284891129;0.428068608045578;0.10528723150491714;0.33403530716896057
6;6;2;8.449391351594233;0.8045362578121491;0.3083735704421997;0.3160422444343567;0.705696165561676;0.6973932981491089;-0.03931731358170509;0.23198577761650085;0.08148695528507233;0.3219059705734253
6;6;3;1.0258492499126266;0.09169573878909887;0.3083735704421997;0.3160422444343567;0.705696165561676;0.6973932981491089;0.12369513511657715;0.3232502043247223;-0.03903021290898323;0.17425349354743958
7;6;1;9.660755855078598;0.984640235127749;0.6300321817398071;0.6401987075805664;0.6982795596122742;0.6933460831642151;-0.07453066110610962;0.42732033133506775;0.10596572607755661;0.3349069356918335
7;6;2;8.517866131255374;0.8188759414598579;0.6300321817398071;0.6401987075805664;0.6982795596122742;0.6933460831642151;-0.03983296826481819;0.23229411244392395;0.07412325590848923;0.3156162202358246
7;6;3;1.1265092886694994;0.10412489694763316;0.6300321817398071;0.6401987075805664;0.6982795596122742;0.6933460831642151;0.11510872840881348;0.3261709213256836;-0.07089024782180786;0.12919658422470093
8;6;1;9.706359419217748;0.9947677429892323;0.7463768124580383;0.7511581182479858;0.6930161118507385;0.6912649869918823;-0.07453025877475739;0.42676857113838196;0.106608085334301;0.3356071710586548
8;6;2;8.529810995694007;0.8606219224112124;0.7463768124580383;0.7511581182479858;0.6930161118507385;0.6912649869918823;-0.04023025184869766;0.23291045427322388;0.06751997768878937;0.3099716305732727
8;6;3;1.3815913038390946;0.2877962456953078;0.7463768124580383;0.7511581182479858;0.6930161118507385;0.6912649869918823;0.10733049362897873;0.32976582646369934;-0.09989996254444122;0.08817066252231598
9;6;1;9.721448721621293;0.9957540306221517;0.7882447838783264;0.7872918248176575;0.6896198987960815;0.6907635927200317;-0.07451339066028595;0.42639580368995667;0.10718435049057007;0.33622267842292786
9;6;2;8.417705673817398;0.859542857442424;0.7882447838783264;0.7872918248176575;0.6896198987960815;0.6907635927200317;-0.040519461035728455;0.23381122946739197;0.061709411442279816;0.30492356419563293
9;6;3;1.5378927489374732;0.3588740859245423;0.7882447838783264;0.7872918248176575;0.6896198987960815;0.6907635927200317;0.10058055818080902;0.3338368833065033;-0.12513183057308197;0.052487414330244064
10;6;1;9.724015859907034;0.9955746853326914;0.8152173757553101;0.8053697943687439;0.6876235008239746;0.6912640929222107;-0.07447829097509384;0.4261772036552429;0.10766773670911789;0.3368616998195648
10;6;2;8.187162170908955;0.8887916361916766;0.8152173757553101;0.8053697943687439;0.6876235008239746;0.6912640929222107;-0.04071737453341484;0.23496904969215393;0.05666437745094299;0.30036023259162903
10;6;3;1.6525224638015459;0.3832121912493065;0.8152173757553101;0.8053697943687439;0.6876235008239746;0.6912640929222107;0.09500818699598312;0.33820465207099915;-0.14592891931533813;0.0230758935213089
11;6;1;9.712785893552002;0.9947071682209483;0.8377617001533508;0.825892448425293;0.6864817142486572;0.6921149492263794;-0.07442132383584976;0.4260959327220917;0.10804026573896408;0.33763572573661804
11;6;2;7.824571930995564;0.8503672239904674;0.8377617001533508;0.825892448425293;0.6864817142486572;0.6921149492263794;-0.04084423556923866;0.23636919260025024;0.05231514573097229;0.29614126682281494
11;6;3;1.7651973031973327;0.3965353875587141;0.8377617001533508;0.825892448425293;0.6864817142486572;0.6921149492263794;0.09069707244634628;0.34274691343307495;-0.16190630197525024;0.00048045298899523914
12;6;1;9.66575139164216;0.9866303645443395;0.8590981960296631;0.8590555191040039;0.6855965852737427;0.6926765441894531;-0.0743318572640419;0.42615365982055664;0.10830318182706833;0.33864548802375793
12;6;2;7.263409411546867;0.7690587813653913;0.8590981960296631;0.8590555191040039;0.6855965852737427;0.6926765441894531;-0.04091627523303032;0.23802277445793152;0.048587627708911896;0.29214081168174744
12;6;3;1.9022988826504594;0.41321118210867525;0.8590981960296631;0.8590555191040039;0.6855965852737427;0.6926765441894531;0.08767279237508774;0.34742721915245056;-0.17294269800186157;0.015127357095479965
13;6;1;9.611180880703564;0.9625665295982486;0.8808373808860779;0.8839488625526428;0.6844474077224731;0.6923909783363342;-0.07419559359550476;0.4263770282268524;0.10847447067499161;0.3399805724620819
13;6;2;7.095972001929027;0.7769799639914439;0.8808373808860779;0.8839488625526428;0.6844474077224731;0.6923909783363342;-0.040939342230558395;0.23997777700424194;0.04543148726224899;0.2882847785949707
13;6;3;2.0983171072726137;0.4405396459870641;0.8808373808860779;0.8839488625526428;0.6844474077224731;0.6923909783363342;0.08590961992740631;0.3523149788379669;-0.17916461825370789;0.023926490917801857
14;6;1;9.730708778518064;0.9947437631548084;0.9090176820755005;0.9124424457550049;0.6826197504997253;0.6908155679702759;-0.07398992031812668;0.4268208146095276;0.1085941419005394;0.341722697019577
14;6;2;7.454894139157176;0.8623104585330381;0.9090176820755005;0.9124424457550049;0.6826197504997253;0.6908155679702759;-0.040902189910411835;0.24232560396194458;0.04285137355327606;0.2845856547355652
14;6;3;2.412530123991843;0.4859446490122554;0.9090176820755005;0.9124424457550049;0.6826197504997253;0.6908155679702759;0.08533702790737152;0.35759758949279785;-0.1809256672859192;0.02641698159277439
15;6;1;9.764551621314432;0.9964451232845732;0.9351851940155029;0.931792140007019;0.67983078956604;0.6876505613327026;-0.07374479621648788;0.4275515079498291;0.10864678770303726;0.34373870491981506
15;6;2;8.02832495286755;0.932529025065584;0.9351851940155029;0.931792140007019;0.67983078956604;0.6876505613327026;-0.040646713227033615;0.24512161314487457;0.04132332652807236;0.2816546559333801
15;6;3;2.82583065026472;0.5375726334088355;0.9351851940155029;0.931792140007019;0.67983078956604;0.6876505613327026;0.08585131168365479;0.3635817766189575;-0.17878128588199615;0.023384377360343933
16;6;1;9.778054033239911;0.9976760651473171;0.9460547566413879;0.9448722004890442;0.6770485043525696;0.6839837431907654;-0.07354902476072311;0.4286287724971771;0.10849969834089279;0.34504085779190063
16;6;2;7.424559417310874;0.8640046948883153;0.9460547566413879;0.9448722004890442;0.6770485043525696;0.6839837431907654;-0.03955535590648651;0.24814800918102264;0.042792633175849915;0.2817632257938385
16;6;3;2.8870347090722177;0.5620875828949163;0.9460547566413879;0.9448722004890442;0.6770485043525696;0.6839837431907654;0.08745010942220688;0.3705439567565918;-0.1734028458595276;0.015778126195073128
17;6;1;9.784652410252775;0.9985101181651999;0.9464573860168457;0.9484798908233643;0.6735395193099976;0.6792857646942139;-0.07336542755365372;0.43014901876449585;0.10819969326257706;0.34554746747016907
17;6;2;7.52103670002985;0.8301640381943756;0.9464573860168457;0.9484798908233643;0.6735395193099976;0.6792857646942139;-0.03755028545856476;0.25149551033973694;0.04747642204165459;0.28505945205688477
17;6;3;3.2590549391896424;0.6013555700442765;0.9464573860168457;0.9484798908233643;0.6735395193099976;0.6792857646942139;0.090157151222229;0.37878796458244324;-0.16551867127418518;0.004628219176083803
18;6;1;9.789303261709001;0.999004669813516;0.9472625255584717;0.9494726061820984;0.6685722470283508;0.672728419303894;-0.07313749939203262;0.43224772810935974;0.10784800350666046;0.34526899456977844
18;6;2;7.710097263392388;0.8391918765074138;0.9472625255584717;0.9494726061820984;0.6685722470283508;0.672728419303894;-0.03460880368947983;0.25532931089401245;0.05539347231388092;0.2914913296699524
18;6;3;3.7294211632888015;0.6195639672276272;0.9472625255584717;0.9494726061820984;0.6685722470283508;0.672728419303894;0.09395240247249603;0.388719379901886;-0.15591982007026672;0.008946605958044529
19;6;1;9.792760365704801;0.9993158466805099;0.9472624659538269;0.9495614767074585;0.6618093848228455;0.6640010476112366;-0.07281572371721268;0.43509745597839355;0.10759172588586807;0.344228595495224
19;6;2;7.960438662558985;0.8739136186785323;0.9472624659538269;0.9495614767074585;0.6618093848228455;0.6640010476112366;-0.030716655775904655;0.2598641812801361;0.0665241926908493;0.30099958181381226
19;6;3;4.209863942506685;0.625982065896526;0.9472624659538269;0.9495614767074585;0.6618093848228455;0.6640010476112366;0.09876911342144012;0.40084362030029297;-0.1454414427280426;0.023765278980135918
20;6;1;9.795353371446154;0.9995478187188027;0.9468598961830139;0.9493688344955444;0.6529111862182617;0.6527609825134277;-0.07233747094869614;0.43892374634742737;0.10762989521026611;0.34247714281082153
20;6;2;8.181258568319677;0.8829846264244097;0.9468598961830139;0.9493688344955444;0.6529111862182617;0.6527609825134277;-0.025883978232741356;0.26537609100341797;0.08073253929615021;0.3134453296661377
20;6;3;4.680527298454095;0.6337814367434031;0.9468598961830139;0.9493688344955444;0.6529111862182617;0.6527609825134277;0.10449409484863281;0.4157480001449585;-0.13494160771369934;0.03861429914832115
21;6;1;9.797120953525706;0.9997246497605232;0.9420289993286133;0.9486255645751953;0.6414525508880615;0.638607382774353;-0.07163330167531967;0.4439907968044281;0.10819088667631149;0.34011557698249817
21;6;2;8.425761060309618;0.9264586277617788;0.9420289993286133;0.9486255645751953;0.6414525508880615;0.638607382774353;-0.0201374851167202;0.2721845805644989;0.09783058613538742;0.3286648690700531
21;6;3;5.133084244664497;0.6491082003861166;0.9420289993286133;0.9486255645751953;0.6414525508880615;0.638607382774353;0.11096879094839096;0.4340668320655823;-0.12527912855148315;0.05227908864617348
22;6;1;9.79883467682938;0.9998425590277265;0.9412238597869873;0.9482526779174805;0.6268107891082764;0.6209665536880493;-0.0706346407532692;0.4505922794342041;0.10949919372797012;0.33721473813056946
22;6;2;8.648968946774264;0.9551381097358096;0.9412238597869873;0.9482526779174805;0.6268107891082764;0.6209665536880493;-0.013481657020747662;0.28060299158096313;0.11773108690977097;0.34664395451545715
22;6;3;5.57863915396001;0.6491983643050965;0.9412238597869873;0.9482526779174805;0.6268107891082764;0.6209665536880493;0.117987260222435;0.45643797516822815;-0.11729036271572113;0.06357691437005997
23;6;1;9.800292888526734;0.9999057381469001;0.9412238597869873;0.9483218789100647;0.6081986427307129;0.5993264317512512;-0.06924635916948318;0.459102988243103;0.11189939826726913;0.3341824412345886
23;6;2;8.983315134181392;0.9808331859830588;0.9412238597869873;0.9483218789100647;0.6081986427307129;0.5993264317512512;-0.006113004870712757;0.29110008478164673;0.1396905779838562;0.36668094992637634
23;6;3;5.99738671312136;0.6612643545018528;0.9412238597869873;0.9483218789100647;0.6081986427307129;0.5993264317512512;0.1253025233745575;0.48343560099601746;-0.11175423860549927;0.07140618562698364
24;6;1;9.80156137754551;0.9999318476662964;0.9412238597869873;0.9484946727752686;0.5851331353187561;0.5734285712242126;-0.06735821813344955;0.46987098455429077;0.11570165306329727;0.33154234290122986
24;6;2;9.201097960995082;0.9895463618344849;0.9412238597869873;0.9484946727752686;0.5851331353187561;0.5734285712242126;0.0017826319672167301;0.3040887117385864;0.16305361688137054;0.3881242275238037
24;6;3;6.36750920314851;0.6772225226255131;0.9412238597869873;0.9484946727752686;0.5851331353187561;0.5734285712242126;0.13264021277427673;0.5154721140861511;-0.10937267541885376;0.07477422058582306
25;6;1;9.802560676585024;0.9999390801510089;0.9416264295578003;0.948336660861969;0.5574404001235962;0.543075442314148;-0.06485263258218765;0.48318368196487427;0.12122490257024765;0.32976090908050537
25;6;2;9.315696589954605;0.9917330317631894;0.9416264295578003;0.948336660861969;0.5574404001235962;0.543075442314148;0.010007310658693314;0.31984853744506836;0.18723392486572266;0.4104255735874176
25;6;3;6.673002397663238;0.6996176736493354;0.9416264295578003;0.948336660861969;0.5574404001235962;0.543075442314148;0.13968123495578766;0.5527064204216003;-0.11076647788286209;0.0728030875325203
26;6;1;9.804158562139499;0.9999396213168339;0.9424315690994263;0.9481589198112488;0.5248934626579285;0.508188009262085;-0.06175057217478752;0.4990960955619812;0.12861767411231995;0.32899948954582214
26;6;2;9.339878874258211;0.985106032497086;0.9424315690994263;0.9481589198112488;0.5248934626579285;0.508188009262085;0.018521882593631744;0.33830979466438293;0.21209633350372314;0.4336542785167694
26;6;3;6.953181794205992;0.7294826497382836;0.9424315690994263;0.9481589198112488;0.5248934626579285;0.508188009262085;0.14603108167648315;0.5949620008468628;-0.11645643413066864;0.06475627422332764
27;6;1;9.805709329955;0.9999385298834866;0.9428341388702393;0.948134183883667;0.48839065432548523;0.46986913681030273;-0.058233339339494705;0.5173388719558716;0.13782814145088196;0.3294636607170105
27;6;2;9.359809815612255;0.9925115332702319;0.9428341388702393;0.948134183883667;0.48839065432548523;0.46986913681030273;0.027312368154525757;0.35910728573799133;0.23762810230255127;0.4579809308052063
27;6;3;7.180807404621268;0.7457276751666928;0.9428341388702393;0.948134183883667;0.48839065432548523;0.46986913681030273;0.1512330174446106;0.6416499614715576;-0.1267378032207489;0.05021621286869049
28;6;1;9.806996544149861;0.9999368215576112;0.9440418481826782;0.948134183883667;0.4496622383594513;0.43039557337760925;-0.054610203951597214;0.5373635292053223;0.14840221405029297;0.3312869668006897
28;6;2;9.334515831118143;0.9571755706722769;0.9440418481826782;0.948134183883667;0.4496622383594513;0.43039557337760925;0.036378972232341766;0.38158395886421204;0.26390135288238525;0.48357269167900085
28;6;3;7.315054660922897;0.7691374134760132;0.9440418481826782;0.948134183883667;0.4496622383594513;0.43039557337760925;0.1548505425453186;0.6917547583580017;-0.1414927840232849;0.029349537566304207
29;6;1;9.807382007591784;0.9999342764272896;0.9444444179534912;0.9482477307319641;0.4108221232891083;0.39251378178596497;-0.05117693543434143;0.5583173036575317;0.15988261997699738;0.334843248128891
29;6;2;9.496765722397772;0.9924391666838552;0.9444444179534912;0.9482477307319641;0.4108221232891083;0.39251378178596497;0.045691389590501785;0.40490955114364624;0.29096874594688416;0.5103632211685181
29;6;3;7.40462981479647;0.7913975161464197;0.9444444179534912;0.9482477307319641;0.4108221232891083;0.39251378178596497;0.15660962462425232;0.7439187169075012;-0.16002324223518372;0.0031435121782124043
30;6;1;9.808146404562855;0.9999430038889088;0.9440418481826782;0.9483909606933594;0.3756502568721771;0.35933172702789307;-0.048177942633628845;0.5793185830116272;0.17180542647838593;0.3404952585697174
30;6;2;9.557193858246599;0.9922403227193115;0.9440418481826782;0.9483909606933594;0.3756502568721771;0.35933172702789307;0.05512559041380882;0.4282798767089844;0.31850090622901917;0.5378371477127075
30;6;3;7.438903299193985;0.7943209348282796;0.9440418481826782;0.9483909606933594;0.3756502568721771;0.35933172702789307;0.1565423309803009;0.7965758442878723;-0.18104466795921326;0.026585273444652557
31;6;1;9.80863941520981;0.9999430038891077;0.945249617099762;0.9488848447799683;0.34691885113716125;0.33297616243362427;-0.04576163366436958;0.5995834469795227;0.18376712501049042;0.34846165776252747
31;6;2;9.643892803920746;0.9884991991762497;0.945249617099762;0.9488848447799683;0.34691885113716125;0.33297616243362427;0.06449906527996063;0.45100656151771545;0.3459315299987793;0.5650179386138916
31;6;3;7.421616452373597;0.8201332138282424;0.945249617099762;0.9488848447799683;0.34691885113716125;0.33297616243362427;0.1550699919462204;0.8481138348579407;-0.20285235345363617;0.05742600932717323
32;6;1;9.80900610925547;0.9999430038890722;0.9464573264122009;0.9495416879653931;0.32576510310173035;0.3158855736255646;-0.043980877846479416;0.6185463070869446;0.19546394050121307;0.35853490233421326
32;6;2;9.718141355523493;0.9902917876779362;0.9464573264122009;0.9495416879653931;0.32576510310173035;0.3158855736255646;0.07355161011219025;0.47257235646247864;0.3723849654197693;0.5906144976615906
32;6;3;7.343570875810771;0.8177884246807743;0.9464573264122009;0.9495416879653931;0.32576510310173035;0.3158855736255646;0.15294533967971802;0.8969961404800415;-0.2236388921737671;0.08682262152433395
33;6;1;9.809092419511238;0.9999430038890722;0.9468598961830139;0.9500108957290649;0.31388676166534424;0.3084906041622162;-0.0427752248942852;0.6357535123825073;0.2067716419696808;0.37020254135131836
33;6;2;9.746323710761192;0.9971376389079722;0.9468598961830139;0.9500108957290649;0.31388676166534424;0.3084906041622162;0.08202622085809708;0.49256715178489685;0.3969880938529968;0.6134635806083679
33;6;3;7.1779059630411535;0.8047979080695882;0.9468598961830139;0.9500108957290649;0.31388676166534424;0.3084906041622162;0.15110370516777039;0.9419006109237671;-0.2418149709701538;0.11252745985984802
34;6;1;9.808475129703567;0.9999430038890722;0.9492753744125366;0.9504356384277344;0.3098941445350647;0.3095524311065674;-0.04201316833496094;0.6508004665374756;0.21763446927070618;0.3827913701534271
34;6;2;9.754188801988096;0.9988385186074531;0.9492753744125366;0.9504356384277344;0.3098941445350647;0.3095524311065674;0.08980271220207214;0.5106136798858643;0.41936206817626953;0.6325433254241943
34;6;3;7.034995766038401;0.8202930350498381;0.9492753744125366;0.9504356384277344;0.3098941445350647;0.3095524311065674;0.15040698647499084;0.9817995429039001;-0.256276935338974;0.13297978043556213
35;6;1;9.808942149202302;0.9999430038890438;0.9508857131004333;0.9506381154060364;0.31089285016059875;0.31497251987457275;-0.04158119857311249;0.6633607149124146;0.22794993221759796;0.39572176337242126
35;6;2;9.764566054090249;0.9987955956973948;0.9508857131004333;0.9506381154060364;0.31089285016059875;0.31497251987457275;0.09680989384651184;0.5263999700546265;0.43930619955062866;0.6474218368530273
35;6;3;6.854363703116672;0.8194284044770317;0.9508857131004333;0.9506381154060364;0.31089285016059875;0.31497251987457275;0.15138840675354004;1.016028881072998;-0.2665747106075287;0.1475430130958557
36;6;1;9.808335313666227;0.999943003889058;0.9520934224128723;0.9509393572807312;0.3127899169921875;0.3196519613265991;-0.04144832491874695;0.6731237769126892;0.23758171498775482;0.40900230407714844
36;6;2;9.761109283062506;0.9979419116443289;0.9520934224128723;0.9509393572807312;0.3127899169921875;0.3196519613265991;0.10299871861934662;0.5397000908851624;0.45670509338378906;0.658423662185669
36;6;3;6.640650072942002;0.8062764637022664;0.9520934224128723;0.9509393572807312;0.3127899169921875;0.3196519613265991;0.1540866494178772;1.0443196296691895;-0.2729448676109314;0.1565518081188202
37;6;1;9.80833098847689;0.9999430038890509;0.9533011317253113;0.9511665105819702;0.3134670555591583;0.32121744751930237;-0.04168517142534256;0.6798766255378723;0.24634619057178497;0.42287641763687134
37;6;2;9.770575105105944;0.9978473146221702;0.9533011317253113;0.9511665105819702;0.3134670555591583;0.32121744751930237;0.10833599418401718;0.5503660440444946;0.47152766585350037;0.6664573550224304
37;6;3;6.446191463985617;0.805275199523658;0.9533011317253113;0.9511665105819702;0.3134670555591583;0.32121744751930237;0.15804067254066467;1.0667437314987183;-0.27618131041526794;0.16112880408763885
38;6;1;9.80794961861276;0.9999430038890296;0.9533011317253113;0.9514480233192444;0.3123660683631897;0.32058975100517273;-0.04239451512694359;0.6833974719047546;0.2541532516479492;0.43756234645843506
38;6;2;9.78514256031946;0.9999429332765075;0.9533011317253113;0.9514480233192444;0.3123660683631897;0.32058975100517273;0.11289169639348984;0.5582191348075867;0.4841184616088867;0.6727966070175171
38;6;3;6.268007594942468;0.8030831004390695;0.9533011317253113;0.9514480233192444;0.3123660683631897;0.32058975100517273;0.16247043013572693;1.083601713180542;-0.27736976742744446;0.16280953586101532
39;6;1;9.808083205469828;0.9999430038890722;0.9533011317253113;0.9519467949867249;0.31019487977027893;0.31890425086021423;-0.043656837195158005;0.6836910247802734;0.2608928382396698;0.4528156816959381
39;6;2;9.78505577419611;0.9999429857242532;0.9533011317253113;0.9519467949867249;0.31019487977027893;0.31890425086021423;0.11676278710365295;0.5631611347198486;0.49490636587142944;0.6785743832588196
39;6;3;6.160834337926133;0.8134860696271424;0.9533011317253113;0.9519467949867249;0.31019487977027893;0.31890425086021423;0.16651378571987152;1.095341682434082;-0.2776359021663666;0.16318590939044952
40;6;1;9.80704837845677;0.9999430038890225;0.9549114108085632;0.9520653486251831;0.30856624245643616;0.3171716332435608;-0.04546622186899185;0.6812774538993835;0.26637718081474304;0.4674927890300751
40;6;2;9.786228789273924;0.999942907178017;0.9549114108085632;0.9520653486251831;0.30856624245643616;0.3171716332435608;0.11998758465051651;0.5653116703033447;0.5040611028671265;0.6843542456626892
40;6;3;6.1412127033856265;0.8239001082347936;0.9549114108085632;0.9520653486251831;0.30856624245643616;0.3171716332435608;0.16944581270217896;1.1025012731552124;-0.27792924642562866;0.16360075771808624
41;6;1;9.808165741444363;0.9999430038890438;0.9561191201210022;0.952381432056427;0.3063214123249054;0.3147948384284973;-0.047555871307849884;0.676466703414917;0.2708759307861328;0.48095130920410156
41;6;2;9.78174254878595;0.9999428995238588;0.9561191201210022;0.952381432056427;0.3063214123249054;0.3147948384284973;0.12274874001741409;0.5647919178009033;0.5121752023696899;0.6905781626701355
41;6;3;6.147950833555422;0.8221900050869557;0.9561191201210022;0.952381432056427;0.3063214123249054;0.3147948384284973;0.17088507115840912;1.1056945323944092;-0.27883782982826233;0.16488568484783173
42;6;1;9.810265944010482;0.9999430038890438;0.956924319267273;0.9516751766204834;0.30310413241386414;0.31197336316108704;-0.0496475026011467;0.6699072122573853;0.2745184004306793;0.49249985814094543
42;6;2;9.795227784200922;0.9999429992281677;0.956924319267273;0.9516751766204834;0.30310413241386414;0.31197336316108704;0.1251053363084793;0.5620157718658447;0.5193489789962769;0.6972063779830933
42;6;3;6.249256006555447;0.8255070237006041;0.956924319267273;0.9516751766204834;0.30310413241386414;0.31197336316108704;0.17082057893276215;1.1055796146392822;-0.2805744409561157;0.16734163463115692
43;6;1;9.810512369939666;0.9999430038890438;0.954106330871582;0.9502133727073669;0.29930469393730164;0.30968478322029114;-0.05126536637544632;0.6621848940849304;0.27747011184692383;0.5018342137336731
43;6;2;9.799894486976626;0.9999430036215315;0.954106330871582;0.9502133727073669;0.29930469393730164;0.30968478322029114;0.12713205814361572;0.5574784874916077;0.5256642699241638;0.7040168046951294
43;6;3;6.40199655972987;0.8227132390943854;0.954106330871582;0.9502133727073669;0.29930469393730164;0.30968478322029114;0.16958551108837128;1.102805733680725;-0.2830043137073517;0.17077800631523132
44;6;1;9.810737151680478;0.9999430038890509;0.955716609954834;0.9486428499221802;0.2960267663002014;0.30839332938194275;-0.05201844498515129;0.6535975337028503;0.2801424562931061;0.5091812610626221
44;6;2;9.799637004066156;0.9999010367061523;0.955716609954834;0.9486428499221802;0.2960267663002014;0.30839332938194275;0.12892286479473114;0.5516512989997864;0.53126060962677;0.710777997970581
44;6;3;6.5359467289362225;0.815667708938653;0.955716609954834;0.9486428499221802;0.2960267663002014;0.30839332938194275;0.16768978536128998;1.0979623794555664;-0.28580451011657715;0.1747380644083023
45;6;1;9.810902580579906;0.9999430038890722;0.9545088410377502;0.947472333908081;0.29286155104637146;0.30655068159103394;-0.05173090845346451;0.644336998462677;0.28293848037719727;0.5148841738700867
45;6;2;9.799584323695157;0.9999430038893529;0.9545088410377502;0.947472333908081;0.29286155104637146;0.30655068159103394;0.13059361279010773;0.5449238419532776;0.5364013910293579;0.7173442840576172
45;6;3;6.6653260534669485;0.8268246073876799;0.9545088410377502;0.947472333908081;0.29286155104637146;0.30655068159103394;0.16553781926631927;1.091597318649292;-0.2887249290943146;0.17886818945407867
46;6;1;9.811004672753732;0.9999430038890509;0.9541062712669373;0.9475266933441162;0.28940021991729736;0.3021894097328186;-0.05052375793457031;0.6348775625228882;0.28592005372047424;0.5189246535301208
46;6;2;9.800360077427069;0.9999430038893209;0.9541062712669373;0.9475266933441162;0.28940021991729736;0.3021894097328186;0.13216182589530945;0.5376920104026794;0.5411238670349121;0.7237030267715454
46;6;3;6.8072237928803645;0.8243215922923888;0.9541062712669373;0.9475266933441162;0.28940021991729736;0.3021894097328186;0.16319212317466736;1.084252953529358;-0.29179099202156067;0.18320421874523163
47;6;1;9.811051609585093;0.9999430038890367;0.955716609954834;0.9487268328666687;0.2856401801109314;0.2953874170780182;-0.04874802753329277;0.6258883476257324;0.28885704278945923;0.5210269093513489
47;6;2;9.799080280336483;0.9999430038893387;0.955716609954834;0.9487268328666687;0.2856401801109314;0.2953874170780182;0.13360115885734558;0.5303125977516174;0.5454052686691284;0.7299159169197083
47;6;3;6.899880181930259;0.8206809004106734;0.955716609954834;0.9487268328666687;0.2856401801109314;0.2953874170780182;0.16038969159126282;1.076456904411316;-0.2952706813812256;0.18812523782253265
48;6;1;9.811088473012646;0.9999430038890367;0.956924319267273;0.9509195685386658;0.2821253538131714;0.2881776690483093;-0.04681685194373131;0.6179463863372803;0.2914641499519348;0.5210468769073486
48;6;2;9.799336775910682;0.999943003889296;0.956924319267273;0.9509195685386658;0.2821253538131714;0.2881776690483093;0.13487307727336884;0.5230795741081238;0.5492126941680908;0.7360936403274536
48;6;3;7.024641141012516;0.8347339799804523;0.956924319267273;0.9509195685386658;0.2821253538131714;0.2881776690483093;0.15680824220180511;1.0686715841293335;-0.2994349002838135;0.19401434063911438
49;6;1;9.811116469628864;0.9999430038890438;0.956924319267273;0.9528852105140686;0.27847206592559814;0.28194379806518555;-0.04508212208747864;0.6113049983978271;0.29369401931762695;0.5193237066268921
49;6;2;9.800899475183094;0.9999430038877826;0.956924319267273;0.9528852105140686;0.27847206592559814;0.28194379806518555;0.13598701357841492;0.5162389278411865;0.5525996088981628;0.742259681224823
49;6;3;7.075783799924144;0.8320745919160313;0.956924319267273;0.9528852105140686;0.27847206592559814;0.28194379806518555;0.1523859202861786;1.061272382736206;-0.3042932450771332;0.20088507235050201
50;6;1;9.811165208485484;0.9999430038890296;0.9577294588088989;0.9543865323066711;0.2749602496623993;0.2770642042160034;-0.043717075139284134;0.6059526205062866;0.295698881149292;0.5166752934455872
50;6;2;9.795569884641132;0.9999430038833452;0.9577294588088989;0.9543865323066711;0.2749602496623993;0.2770642042160034;0.13699214160442352;0.510037362575531;0.5557141900062561;0.7482542395591736
50;6;3;7.176101068243964;0.8417251076544581;0.9577294588088989;0.9543865323066711;0.2749602496623993;0.2770642042160034;0.14747250080108643;1.0545614957809448;-0.3094913065433502;0.2082362323999405
51;6;1;9.811233223715298;0.9999430038890083;0.9589371681213379;0.9552162289619446;0.2725186049938202;0.27398988604545593;-0.042760323733091354;0.6017228960990906;0.2976798117160797;0.5142121315002441
51;6;2;9.798280764663104;0.9999430038851393;0.9589371681213379;0.9552162289619446;0.2725186049938202;0.27398988604545593;0.13794244825839996;0.5047215223312378;0.5586888790130615;0.7538255453109741
51;6;3;7.232927170385409;0.8430678644915268;0.9589371681213379;0.9552162289619446;0.2725186049938202;0.27398988604545593;0.14273136854171753;1.048768162727356;-0.31441938877105713;0.21520563960075378
52;6;1;9.81131291963878;0.9999430038890438;0.9581320285797119;0.9557347893714905;0.2722224295139313;0.27312836050987244;-0.04216451570391655;0.598490834236145;0.299772709608078;0.5127869844436646
52;6;2;9.798099952065048;0.999943003888351;0.9581320285797119;0.9557347893714905;0.2722224295139313;0.27312836050987244;0.1388927400112152;0.5004907846450806;0.5616453886032104;0.7586008906364441
52;6;3;7.26859133566103;0.8550113976802756;0.9581320285797119;0.9557347893714905;0.2722224295139313;0.27312836050987244;0.13884755969047546;1.0440312623977661;-0.31847354769706726;0.220939040184021
53;6;1;9.811399056564461;0.9999430038890367;0.95652174949646;0.9556705951690674;0.274032860994339;0.2736944556236267;-0.04190944507718086;0.5961937308311462;0.30202552676200867;0.5127522945404053
53;6;2;9.796792117367211;0.9999430038892285;0.95652174949646;0.9556705951690674;0.274032860994339;0.2736944556236267;0.13986511528491974;0.49744197726249695;0.5646333694458008;0.7623295783996582
53;6;3;7.313684471055437;0.8421079150787456;0.95652174949646;0.9556705951690674;0.274032860994339;0.2736944556236267;0.13620391488075256;1.0404068231582642;-0.3213230073451996;0.2249687910079956
54;6;1;9.811486367989637;0.9999430038890367;0.956119179725647;0.9556705951690674;0.27706068754196167;0.27453452348709106;-0.04205641150474548;0.594783365726471;0.30435386300086975;0.5140197277069092
54;6;2;9.797935305116123;0.9999430038893529;0.956119179725647;0.9556705951690674;0.27706068754196167;0.27453452348709106;0.14084890484809875;0.4955393373966217;0.567636251449585;0.7650371193885803
54;6;3;7.325289971120178;0.8281276001381421;0.956119179725647;0.9556705951690674;0.27706068754196167;0.27453452348709106;0.1347109079360962;1.037888765335083;-0.3230370283126831;0.22739282250404358
55;6;1;9.81156917644956;0.999943003889058;0.956119179725647;0.9554927945137024;0.28058186173439026;0.27526816725730896;-0.042724158614873886;0.5941990613937378;0.30654674768447876;0.5162359476089478
55;6;2;9.797585662338577;0.9999430038893422;0.956119179725647;0.9554927945137024;0.28058186173439026;0.27526816725730896;0.14181135594844818;0.49463820457458496;0.5705944895744324;0.7669915556907654
55;6;3;7.36030027844167;0.8387549007422503;0.956119179725647;0.9554927945137024;0.28058186173439026;0.27526816725730896;0.1339004933834076;1.0364285707473755;-0.3239980936050415;0.22875192761421204
56;6;1;9.811640455384499;0.9999430038890296;0.9549114108085632;0.955295205116272;0.283956915140152;0.2759969234466553;-0.04402473196387291;0.5943807363510132;0.3083875775337219;0.5189675092697144
56;6;2;9.80286237665317;0.9999430038893351;0.9549114108085632;0.955295205116272;0.283956915140152;0.2759969234466553;0.14272059500217438;0.4945582449436188;0.5734500885009766;0.7685168981552124
56;6;3;7.370782975555956;0.8367261531287564;0.9549114108085632;0.955295205116272;0.283956915140152;0.2759969234466553;0.13321712613105774;1.035961389541626;-0.324663370847702;0.22969277203083038
57;6;1;9.811694640794386;0.9999430038890154;0.9549114108085632;0.9551964998245239;0.2861347496509552;0.2764368951320648;-0.04599649831652641;0.5953028798103333;0.30974817276000977;0.5219285488128662
57;6;2;9.803456784746398;0.99994300388936;0.9549114108085632;0.9551964998245239;0.2861347496509552;0.2764368951320648;0.14355769753456116;0.49518242478370667;0.5761638879776001;0.7698192000389099
57;6;3;7.40642894582259;0.8505250739387797;0.9549114108085632;0.9551964998245239;0.2861347496509552;0.2764368951320648;0.13232335448265076;1.0364452600479126;-0.3253230154514313;0.23062565922737122
58;6;1;9.811730580992197;0.9999430038890651;0.9549114108085632;0.9554532766342163;0.28622427582740784;0.2761223614215851;-0.048567116260528564;0.5969830751419067;0.3106546401977539;0.5250938534736633
58;6;2;9.802304864959495;0.9999430038893387;0.9549114108085632;0.9554532766342163;0.28622427582740784;0.2761223614215851;0.14432933926582336;0.4965052902698517;0.5787410140037537;0.7709147930145264
58;6;3;7.423000330213846;0.8307903423796255;0.9549114108085632;0.9554532766342163;0.28622427582740784;0.2761223614215851;0.13125520944595337;1.0378891229629517;-0.32598039507865906;0.23155532777309418
59;6;1;9.811752105038565;0.9999430038890438;0.9541062712669373;0.955917477607727;0.2844150960445404;0.2751260995864868;-0.051552534103393555;0.5994843244552612;0.3113543689250946;0.528527021408081
59;6;2;9.799152326346377;0.9999430038893458;0.9541062712669373;0.955917477607727;0.2844150960445404;0.2751260995864868;0.14506563544273376;0.4986053705215454;0.5812299251556396;0.7716571092605591
59;6;3;7.459498699619109;0.8387060509917337;0.9541062712669373;0.955917477607727;0.2844150960445404;0.2751260995864868;0.13035881519317627;1.0403350591659546;-0.3264041543006897;0.23215466737747192
60;6;1;9.811766901472197;0.9999430038890296;0.9573268890380859;0.9565447568893433;0.2817254960536957;0.27387845516204834;-0.05476124957203865;0.6028356552124023;0.3121083974838257;0.5323739051818848
60;6;2;9.800617695949;0.999943003889328;0.9573268890380859;0.9565447568893433;0.2817254960536957;0.27387845516204834;0.14579741656780243;0.5015609264373779;0.5836783647537231;0.7718851566314697
60;6;3;7.51617123326943;0.8596045334231022;0.9573268890380859;0.9565447568893433;0.2817254960536957;0.27387845516204834;0.13005004823207855;1.0438092947006226;-0.32631370425224304;0.23202669620513916
61;6;1;9.811781246378189;0.9999430038890296;0.9577294588088989;0.957033634185791;0.2789912223815918;0.27244269847869873;-0.058055151253938675;0.6070112586021423;0.3130517899990082;0.5366955995559692
61;6;2;9.79898553274447;0.9999430038893422;0.9577294588088989;0.957033634185791;0.2789912223815918;0.27244269847869873;0.14654099941253662;0.5053688883781433;0.5861095786094666;0.7715627551078796
61;6;3;7.505512788193723;0.8698433356202493;0.9577294588088989;0.957033634185791;0.2789912223815918;0.27244269847869873;0.13052743673324585;1.0482842922210693;-0.32559505105018616;0.23101037740707397
62;6;1;9.811798419597153;0.9999430038890296;0.9585345983505249;0.9573793411254883;0.2765471339225769;0.27068570256233215;-0.06139668822288513;0.6119521856307983;0.3141830861568451;0.5413012504577637
62;6;2;9.79662375023872;0.9999430038893173;0.9585345983505249;0.9573793411254883;0.2765471339225769;0.27068570256233215;0.14729367196559906;0.5099170804023743;0.5885142087936401;0.7708247303962708
62;6;3;7.489962749099275;0.8453663987023354;0.9585345983505249;0.9573793411254883;0.2765471339225769;0.27068570256233215;0.13162413239479065;1.053667664527893;-0.3244079351425171;0.2293315827846527
63;6;1;9.811819028702864;0.9999430038890154;0.9605474472045898;0.9578534364700317;0.27451980113983154;0.2687793970108032;-0.06482139974832535;0.6175807118415833;0.31534814834594727;0.5458395481109619
63;6;2;9.797060504907147;0.9999430038893209;0.9605474472045898;0.9578534364700317;0.27451980113983154;0.2687793970108032;0.14803597331047058;0.5150140523910522;0.5908564925193787;0.7699154019355774
63;6;3;7.486241940088979;0.8515228050046986;0.9605474472045898;0.9578534364700317;0.27451980113983154;0.2687793970108032;0.13290219008922577;1.0598130226135254;-0.32310962677001953;0.2274954468011856
64;6;1;9.81184288490271;0.9999430038890651;0.9609500765800476;0.9581893086433411;0.27272501587867737;0.26705798506736755;-0.06836944073438644;0.6238231062889099;0.31640008091926575;0.549889862537384
64;6;2;9.800559750037717;0.9999430038893315;0.9609500765800476;0.9581893086433411;0.27272501587867737;0.26705798506736755;0.14874903857707977;0.5204561948776245;0.593103289604187;0.7690301537513733
64;6;3;7.466418991419744;0.8478347336402656;0.9609500765800476;0.9581893086433411;0.27272501587867737;0.26705798506736755;0.13391530513763428;1.0665453672409058;-0.32205450534820557;0.22600333392620087
65;6;1;9.811870304472315;0.9999430038890438;0.9609500169754028;0.9583473205566406;0.2705852687358856;0.26555272936820984;-0.07200652360916138;0.6306002140045166;0.3173891603946686;0.5530794858932495
65;6;2;9.803536753246135;0.9999430038893351;0.9609500169754028;0.9583473205566406;0.2705852687358856;0.26555272936820984;0.14942334592342377;0.526087760925293;0.5952365398406982;0.7682499289512634
65;6;3;7.447535719937552;0.8571379568744124;0.9609500169754028;0.9583473205566406;0.2705852687358856;0.26555272936820984;0.13445332646369934;1.0736926794052124;-0.3214106559753418;0.2250927835702896
66;6;1;9.811901328898735;0.9999430038890296;0.9601448774337769;0.9584954977035522;0.26775458455085754;0.2641253173351288;-0.07562285661697388;0.6377803683280945;0.31830117106437683;0.5554620027542114
66;6;2;9.804154243096079;0.9999430038893244;0.9601448774337769;0.9584954977035522;0.26775458455085754;0.2641253173351288;0.15006884932518005;0.5318167209625244;0.5972732901573181;0.7675231099128723
66;6;3;7.412960048111321;0.8547284917579265;0.9601448774337769;0.9584954977035522;0.26775458455085754;0.2641253173351288;0.13461941480636597;1.0811012983322144;-0.32110273838043213;0.22465728223323822
67;6;1;9.8119366914149;0.9999430038890509;0.9613527059555054;0.9584460258483887;0.2646179497241974;0.2629011571407318;-0.0790942832827568;0.6451618671417236;0.31923413276672363;0.5573165416717529
67;6;2;9.806137844717757;0.9999430038893209;0.9613527059555054;0.9584460258483887;0.2646179497241974;0.2629011571407318;0.15071478486061096;0.537582516670227;0.599266529083252;0.7667081356048584
67;6;3;7.370976242470201;0.8395453638665344;0.9613527059555054;0.9584460258483887;0.2646179497241974;0.2629011571407318;0.1347055286169052;1.0886274576187134;-0.32090815901756287;0.22438211739063263
68;6;1;9.811973838658147;0.9999430038890438;0.9629629850387573;0.9584708213806152;0.2618946135044098;0.26199740171432495;-0.08232796937227249;0.6525097489356995;0.3202729821205139;0.5589518547058105
68;6;2;9.806195619786099;0.9999430038893209;0.9629629850387573;0.9584708213806152;0.2618946135044098;0.26199740171432495;0.1513661891222;0.5433133840560913;0.6012317538261414;0.7657491564750671
68;6;3;7.331046372067206;0.8484740385110001;0.9629629850387573;0.9584708213806152;0.2618946135044098;0.26199740171432495;0.13496696949005127;1.096120834350586;-0.3206273019313812;0.22398492693901062
69;6;1;9.812009274345797;0.9999430038890225;0.9633655548095703;0.9585794806480408;0.25998860597610474;0.261284738779068;-0.0852976143360138;0.6596257090568542;0.3214116394519806;0.5604948997497559
69;6;2;9.804273030621538;0.9999430038893209;0.9633655548095703;0.9585794806480408;0.25998860597610474;0.261284738779068;0.15199758112430573;0.5489034652709961;0.6031197905540466;0.7647362351417542
69;6;3;7.2686971457106715;0.8499568268294979;0.9633655548095703;0.9585794806480408;0.25998860597610474;0.261284738779068;0.13544228672981262;1.1034224033355713;-0.3202185034751892;0.22340679168701172
70;6;1;9.812040780733255;0.999943003889058;0.9637681245803833;0.9586881399154663;0.25901472568511963;0.2606455683708191;-0.08805053681135178;0.6663886308670044;0.32254743576049805;0.5618427991867065
70;6;2;9.806685001192402;0.9999430038893209;0.9637681245803833;0.9586881399154663;0.25901472568511963;0.2606455683708191;0.15260009467601776;0.5542159676551819;0.604921281337738;0.7637327909469604
70;6;3;7.227119207232782;0.8632732413830535;0.9637681245803833;0.9586881399154663;0.25901472568511963;0.2606455683708191;0.1359368860721588;1.1103748083114624;-0.3198094367980957;0.22282832860946655
71;6;1;9.812068639575358;0.9999430038890225;0.9633655548095703;0.9587819576263428;0.25872910022735596;0.260152131319046;-0.090668223798275;0.6727224588394165;0.32354193925857544;0.5627999901771545
71;6;2;9.807307190520724;0.9999430038893315;0.9633655548095703;0.9587819576263428;0.25872910022735596;0.260152131319046;0.15315775573253632;0.55911785364151;0.6066153049468994;0.762831449508667
71;6;3;7.149477865113031;0.8522527637927553;0.9633655548095703;0.9587819576263428;0.25872910022735596;0.260152131319046;0.13617190718650818;1.1168370246887207;-0.31958746910095215;0.22251437604427338
72;6;1;9.812094179502239;0.9999430038890154;0.9637681245803833;0.9588263630867004;0.2585703432559967;0.259809285402298;-0.09321390092372894;0.6785644888877869;0.32429081201553345;0.5632650256156921
72;6;2;9.802740761729574;0.9999430038893315;0.9637681245803833;0.9588263630867004;0.2585703432559967;0.259809285402298;0.15365999937057495;0.5635169148445129;0.6081874370574951;0.7620863318443298
72;6;3;7.089512020655533;0.8493205294474713;0.9637681245803833;0.9588263630867004;0.2585703432559967;0.259809285402298;0.13597357273101807;1.1227020025253296;-0.3196620047092438;0.22261981666088104
73;6;1;9.812119194318605;0.9999430038890083;0.9637681245803833;0.9589201807975769;0.2580264210700989;0.2594820261001587;-0.09569668769836426;0.6838366985321045;0.3247750699520111;0.5633587837219238
73;6;2;9.8067851197405;0.9999430038893244;0.9637681245803833;0.9589201807975769;0.2580264210700989;0.2594820261001587;0.1541079431772232;0.5673809051513672;0.6096429824829102;0.7614886164665222
73;6;3;7.052205056689948;0.8515753398973498;0.9637681245803833;0.9589201807975769;0.2580264210700989;0.2594820261001587;0.13537715375423431;1.127908706665039;-0.31999117136001587;0.22308532893657684
74;6;1;9.812143780019227;0.9999430038890296;0.9637681245803833;0.9589646458625793;0.2570381164550781;0.25912371277809143;-0.0980762466788292;0.6884515285491943;0.32505133748054504;0.5633884072303772
74;6;2;9.803812499940804;0.9999429140790603;0.9637681245803833;0.9589646458625793;0.2570381164550781;0.25912371277809143;0.15450513362884521;0.5707310438156128;0.6109827160835266;0.7610106468200684
74;6;3;7.019770806997201;0.8602227091391494;0.9637681245803833;0.9589646458625793;0.2570381164550781;0.25912371277809143;0.13459163904190063;1.1324400901794434;-0.3204096853733063;0.2236771583557129
75;6;1;9.81216728069635;0.9999430038890154;0.9633655548095703;0.9589498043060303;0.25601208209991455;0.25879108905792236;-0.1003020778298378;0.6923501491546631;0.3251942992210388;0.5636828541755676
75;6;2;9.799341388725491;0.9999430038893244;0.9633655548095703;0.9589498043060303;0.25601208209991455;0.25879108905792236;0.1548711210489273;0.5736123919487;0.6122441291809082;0.7605572938919067
75;6;3;6.99722078403625;0.8667690726634216;0.9633655548095703;0.9589498043060303;0.25601208209991455;0.25879108905792236;0.13386301696300507;1.1363097429275513;-0.3207303583621979;0.22413070499897003
76;6;1;9.812188560633388;0.9999430038890367;0.9633655548095703;0.9590239524841309;0.2553453743457794;0.2584509253501892;-0.10235544294118881;0.6955249309539795;0.32523366808891296;0.5644452571868896
76;6;2;9.804700047008797;0.999943003889328;0.9633655548095703;0.9590239524841309;0.2553453743457794;0.2584509253501892;0.15522025525569916;0.5760688781738281;0.613455057144165;0.7600627541542053
76;6;3;6.974569777000422;0.8705053100885092;0.9633655548095703;0.9590239524841309;0.2553453743457794;0.2584509253501892;0.13332870602607727;1.139549970626831;-0.32084959745407104;0.2242993265390396
77;6;1;9.812207170712448;0.9999430038890367;0.9637681245803833;0.9591572284698486;0.2551635503768921;0.2580278515815735;-0.10426447540521622;0.6980236172676086;0.32513827085494995;0.5656796097755432
77;6;2;9.796470227218865;0.9999430038893387;0.9637681245803833;0.9591572284698486;0.2551635503768921;0.2580278515815735;0.15553481876850128;0.5781342387199402;0.6145949363708496;0.7595753073692322
77;6;3;6.951151962939754;0.8642244430826764;0.9637681245803833;0.9591572284698486;0.2551635503768921;0.2580278515815735;0.1329541653394699;1.1422052383422852;-0.32079291343688965;0.22421912848949432
78;6;1;9.81222372747714;0.9999430038890438;0.9633655548095703;0.9593104124069214;0.2553582787513733;0.25753745436668396;-0.10609223693609238;0.6999448537826538;0.3248301148414612;0.5672329068183899
78;6;2;9.79879403523168;0.9999429969889313;0.9633655548095703;0.9593104124069214;0.2553582787513733;0.25753745436668396;0.1558113396167755;0.5798298120498657;0.6156610250473022;0.7591392397880554
78;6;3;6.956442337623157;0.8642886036310635;0.9633655548095703;0.9593104124069214;0.2553582787513733;0.25753745436668396;0.13257941603660583;1.1443318128585815;-0.3206799328327179;0.22405938804149628
79;6;1;9.81223947727645;0.9999430038890083;0.9629629850387573;0.9594634175300598;0.255606085062027;0.2570396363735199;-0.10789736360311508;0.7014074325561523;0.32423830032348633;0.5689260363578796
79;6;2;9.793371927711348;0.9998626416147509;0.9629629850387573;0.9594634175300598;0.255606085062027;0.2570396363735199;0.15604783594608307;0.5811878442764282;0.6166507005691528;0.7587882280349731
79;6;3;6.960396036647538;0.8705537004796522;0.9629629850387573;0.9594634175300598;0.255606085062027;0.2570396363735199;0.1320430338382721;1.1460005044937134;-0.3206344544887543;0.22399502992630005
80;6;1;9.812255427048797;0.9999430038890225;0.9629629850387573;0.9595375061035156;0.2555215358734131;0.25652170181274414;-0.10970740765333176;0.7025144696235657;0.3233185410499573;0.5707135796546936
80;6;2;9.79494557573166;0.9999426838445267;0.9629629850387573;0.9595375061035156;0.2555215358734131;0.25652170181274414;0.15624898672103882;0.5822659730911255;0.6175721883773804;0.7585201859474182
80;6;3;6.971894181122325;0.8638680563455186;0.9629629850387573;0.9595375061035156;0.2555215358734131;0.25652170181274414;0.1312938779592514;1.1473009586334229;-0.320703387260437;0.2240925133228302
81;6;1;9.812271899510463;0.9999430038890154;0.9625604152679443;0.9596214890480042;0.25494521856307983;0.25596919655799866;-0.11150272190570831;0.7033517956733704;0.3221122920513153;0.5726639628410339
81;6;2;9.796277528865335;0.9999430038893351;0.9625604152679443;0.9596214890480042;0.25494521856307983;0.25596919655799866;0.15642502903938293;0.5831500291824341;0.6184413433074951;0.7582977414131165
81;6;3;6.995056947610699;0.8641241977284118;0.9625604152679443;0.9596214890480042;0.25494521856307983;0.25596919655799866;0.13041993975639343;1.1483402252197266;-0.3208359479904175;0.22427998483181
82;6;1;9.812288525441474;0.9999430038890225;0.9637681245803833;0.9596560001373291;0.2540900409221649;0.25543954968452454;-0.11323932558298111;0.7039931416511536;0.3206941783428192;0.5749185085296631
82;6;2;9.78179540866845;0.997795230917415;0.9637681245803833;0.9596560001373291;0.2540900409221649;0.25543954968452454;0.15659454464912415;0.5839377045631409;0.6192876696586609;0.7580450177192688
82;6;3;7.017758950244886;0.8556216909373493;0.9637681245803833;0.9596560001373291;0.2540900409221649;0.25543954968452454;0.12958240509033203;1.1492316722869873;-0.3209301829338074;0.22441329061985016
83;6;1;9.812304060796173;0.999943003889058;0.9641706943511963;0.9597696661949158;0.2533190846443176;0.2549966275691986;-0.1148560643196106;0.7045442461967468;0.3192874491214752;0.5773805379867554
83;6;2;9.800761440417652;0.9999409744660781;0.9641706943511963;0.9597696661949158;0.2533190846443176;0.2549966275691986;0.15675868093967438;0.5847171545028687;0.6201164126396179;0.757735013961792
83;6;3;7.062360361146826;0.8718189029310466;0.9641706943511963;0.9597696661949158;0.2533190846443176;0.2549966275691986;0.12890470027923584;1.1500802040100098;-0.3209114074707031;0.22438670694828033
84;6;1;9.81231757787426;0.9999430038890225;0.9641706943511963;0.9598239660263062;0.25293639302253723;0.2546614408493042;-0.1163409873843193;0.7051048874855042;0.3179691433906555;0.5799382328987122
84;6;2;9.797975052366308;0.9999430038893493;0.9641706943511963;0.9598239660263062;0.25293639302253723;0.2546614408493042;0.15692244470119476;0.5855454802513123;0.6209347248077393;0.7573590278625488
84;6;3;7.0746882422947355;0.8600272835738689;0.9641706943511963;0.9598239660263062;0.25293639302253723;0.2546614408493042;0.1283910572528839;1.1509699821472168;-0.32078877091407776;0.22421327233314514
85;6;1;9.812328849710319;0.9999430038890296;0.9641706943511963;0.9598981142044067;0.25306496024131775;0.2543744146823883;-0.11770700663328171;0.7057936787605286;0.31672823429107666;0.5823641419410706
85;6;2;9.803481256252567;0.9999430038893351;0.9641706943511963;0.9598981142044067;0.25306496024131775;0.2543744146823883;0.15708529949188232;0.586449921131134;0.621741771697998;0.7569449543952942
85;6;3;7.110561774088048;0.8547471854782724;0.9641706943511963;0.9598981142044067;0.25306496024131775;0.2543744146823883;0.12793080508708954;1.1519640684127808;-0.3206508457660675;0.22401826083660126
86;6;1;9.812339168472953;0.9999430038890296;0.9641706943511963;0.9599672555923462;0.2534404993057251;0.2541729807853699;-0.1190037950873375;0.7066847681999207;0.31549689173698425;0.5845125913619995
86;6;2;9.795583293834927;0.9999430038893529;0.9641706943511963;0.9599672555923462;0.2534404993057251;0.2541729807853699;0.15724465250968933;0.5874414443969727;0.6225337386131287;0.7565286755561829
86;6;3;7.130133824239641;0.8524578759939665;0.9641706943511963;0.9599672555923462;0.2534404993057251;0.2541729807853699;0.12738317251205444;1.1531068086624146;-0.32060495018959045;0.22395335137844086
87;6;1;9.812349247279116;0.9999430038890438;0.9645732641220093;0.9599918723106384;0.253767728805542;0.254022479057312;-0.12026125192642212;0.707819938659668;0.31423601508140564;0.5863198041915894
87;6;2;9.79948649285813;0.9999430038893635;0.9645732641220093;0.9599918723106384;0.253767728805542;0.254022479057312;0.1574014127254486;0.5885312557220459;0.6233133673667908;0.7561262845993042
87;6;3;7.151731461404697;0.8447113575625185;0.9645732641220093;0.9599918723106384;0.253767728805542;0.254022479057312;0.1266770213842392;1.1544318199157715;-0.3207058012485504;0.22409597039222717
88;6;1;9.81235951859432;0.9999430038890154;0.9645732641220093;0.9599869251251221;0.2538069486618042;0.25388360023498535;-0.12147291749715805;0.7092073559761047;0.31294742226600647;0.5878452062606812
88;6;2;9.801389580206664;0.9999430038893458;0.9645732641220093;0.9599869251251221;0.2538069486618042;0.25388360023498535;0.1575603038072586;0.5897409915924072;0.6240890026092529;0.7557198405265808
88;6;3;7.164013813780649;0.8468418818137522;0.9645732641220093;0.9599869251251221;0.2538069486618042;0.25388360023498535;0.1258559674024582;1.1559665203094482;-0.32092389464378357;0.22440436482429504
89;6;1;9.812369634132693;0.9999430038890438;0.9645732641220093;0.9600264430046082;0.25355657935142517;0.2537540793418884;-0.12261109799146652;0.7108381986618042;0.31172749400138855;0.5891626477241516
89;6;2;9.803781877353991;0.9999430038893458;0.9645732641220093;0.9600264430046082;0.25355657935142517;0.2537540793418884;0.1577335149049759;0.5910952091217041;0.6248817443847656;0.7552524209022522
89;6;3;7.17263280512072;0.8578475403763832;0.9645732641220093;0.9600264430046082;0.25355657935142517;0.2537540793418884;0.12504053115844727;1.157728910446167;-0.3211725950241089;0.224756121635437
90;6;1;9.812379182319923;0.9999430038890367;0.9645732641220093;0.9601203203201294;0.25327548384666443;0.2536468505859375;-0.12365370988845825;0.7126766443252563;0.3106043338775635;0.5904198288917542
90;6;2;9.80257510823468;0.9999430038893458;0.9645732641220093;0.9601203203201294;0.25327548384666443;0.2536468505859375;0.15793292224407196;0.5926061272621155;0.6257116794586182;0.7546712160110474
90;6;3;7.183318444494597;0.8518057997154482;0.9645732641220093;0.9601203203201294;0.25327548384666443;0.2536468505859375;0.12434103339910507;1.1597217321395874;-0.3213704228401184;0.2250358909368515
91;6;1;9.812387576528643;0.9999430038890367;0.9641706943511963;0.9601449966430664;0.25316503643989563;0.25353261828422546;-0.12459417432546616;0.7146989703178406;0.3095566928386688;0.5916732549667358
91;6;2;9.801731763097376;0.9999430038893315;0.9641706943511963;0.9601449966430664;0.25316503643989563;0.25353261828422546;0.15816155076026917;0.5942642092704773;0.6265852451324463;0.7539616823196411
91;6;3;7.182547036591673;0.8517736449316295;0.9641706943511963;0.9601449966430664;0.25316503643989563;0.25353261828422546;0.1237831562757492;1.161928653717041;-0.32149389386177063;0.22521045804023743
92;6;1;9.81239526015559;0.9999430038890296;0.9645732641220093;0.960100531578064;0.2532588839530945;0.25340160727500916;-0.1254614293575287;0.7168755531311035;0.3085421025753021;0.592902421951294
92;6;2;9.79956751048704;0.9999430038893387;0.9645732641220093;0.960100531578064;0.2532588839530945;0.25340160727500916;0.15840910375118256;0.5960386395454407;0.6274816989898682;0.7531735301017761
92;6;3;7.185726127671906;0.8549063153288259;0.9645732641220093;0.960100531578064;0.2532588839530945;0.25340160727500916;0.12330089509487152;1.164317011833191;-0.3215833306312561;0.2253369837999344
93;6;1;9.81240270871784;0.9999430038890438;0.9645732641220093;0.96014004945755;0.2534209191799164;0.25327005982398987;-0.12629187107086182;0.7191792726516724;0.3075074255466461;0.5940449237823486
93;6;2;9.799954118866431;0.9999430038893315;0.9645732641220093;0.96014004945755;0.2534209191799164;0.25327005982398987;0.15866418182849884;0.5978885293006897;0.6283787488937378;0.752364993095398
93;6;3;7.173580934217997;0.8527524578602623;0.9645732641220093;0.96014004945755;0.2534209191799164;0.25327005982398987;0.12279431521892548;1.1668440103530884;-0.3217023015022278;0.22550518810749054
94;6;1;9.81241065868025;0.9999430038890438;0.9645732641220093;0.9601401090621948;0.2534318268299103;0.2531447112560272;-0.12710808217525482;0.7215696573257446;0.3064189851284027;0.5950836539268494
94;6;2;9.805895266575185;0.999943003889328;0.9645732641220093;0.9601401090621948;0.2534318268299103;0.2531447112560272;0.15890829265117645;0.5997793674468994;0.6292469501495361;0.751599133014679
94;6;3;7.167291902564296;0.848024403293147;0.9645732641220093;0.9601401090621948;0.2534318268299103;0.2531447112560272;0.12220674753189087;1.1694658994674683;-0.3218839466571808;0.22576211392879486
95;6;1;9.812419176388453;0.9999430038890367;0.9645732641220093;0.9601499438285828;0.2531624436378479;0.25302577018737793;-0.12790316343307495;0.7240119576454163;0.3053463101387024;0.5959882140159607
95;6;2;9.80891449556157;0.999943003889328;0.9645732641220093;0.9601499438285828;0.2531624436378479;0.25302577018737793;0.15912868082523346;0.6016901135444641;0.6300735473632812;0.7508933544158936
95;6;3;7.153556944764333;0.8455205188015338;0.9645732641220093;0.9601499438285828;0.2531624436378479;0.25302577018737793;0.12156059592962265;1.1721442937850952;-0.32210642099380493;0.22607675194740295
96;6;1;9.812428111701472;0.9999430038890225;0.9645732641220093;0.9601746201515198;0.25268635153770447;0.25291162729263306;-0.12865805625915527;0.7264465093612671;0.3043079376220703;0.5968753695487976
96;6;2;9.801356187853983;0.9999430038893422;0.9645732641220093;0.9601746201515198;0.25268635153770447;0.25291162729263306;0.15932397544384003;0.603607714176178;0.6308579444885254;0.7502342462539673
96;6;3;7.131134229611323;0.8420489343570416;0.9645732641220093;0.9601746201515198;0.25268635153770447;0.25291162729263306;0.1209334135055542;1.17484450340271;-0.32231009006500244;0.22636477649211884
97;6;1;9.812437127762522;0.9999430038890438;0.9645732641220093;0.9602042436599731;0.252189964056015;0.25281164050102234;-0.12935703992843628;0.7288157343864441;0.3033139407634735;0.597862184047699
97;6;2;9.799957135546961;0.999943003889328;0.9645732641220093;0.9602042436599731;0.252189964056015;0.25281164050102234;0.15948861837387085;0.605520486831665;0.6315951347351074;0.7496151924133301
97;6;3;7.123565463009587;0.8511177804411165;0.9645732641220093;0.9602042436599731;0.252189964056015;0.25281164050102234;0.12039701640605927;1.1775343418121338;-0.3224404454231262;0.22654908895492554
98;6;1;9.812445920102064;0.9999430038890154;0.9645732641220093;0.9601894021034241;0.25183847546577454;0.25272050499916077;-0.12999625504016876;0.7310822606086731;0.3023616373538971;0.5989850163459778
98;6;2;9.792911207108212;0.9999430038893315;0.9645732641220093;0.9601894021034241;0.25183847546577454;0.25272050499916077;0.1596153974533081;0.6074091196060181;0.6322771310806274;0.7490455508232117
98;6;3;7.110573963018913;0.8575076148675098;0.9645732641220093;0.9601894021034241;0.25183847546577454;0.25272050499916077;0.11996563524007797;1.1801800727844238;-0.3224848508834839;0.22661192715168
99;6;1;9.81245413540293;0.9999430038890438;0.9645732641220093;0.9602042436599731;0.25167328119277954;0.2526337802410126;-0.13058818876743317;0.7332292199134827;0.3014252483844757;0.6002028584480286
99;6;2;9.798196462867821;0.9999430038893351;0.9645732641220093;0.9602042436599731;0.25167328119277954;0.2526337802410126;0.1597074717283249;0.609244704246521;0.63290935754776;0.7485276460647583
99;6;3;7.099735551999119;0.8627516099750547;0.9645732641220093;0.9602042436599731;0.25167328119277954;0.2526337802410126;0.11958925426006317;1.1827480792999268;-0.32247689366340637;0.22660067677497864
100;6;1;9.812462215024858;0.9999430038890793;0.9641706943511963;0.9602240324020386;0.25159746408462524;0.2525576949119568;-0.13115166127681732;0.7352481484413147;0.30047279596328735;0.6014489531517029
100;6;2;9.803859490643358;0.9999430038893244;0.9641706943511963;0.9602240324020386;0.25159746408462524;0.2525576949119568;0.15975873172283173;0.6109994053840637;0.6334847211837769;0.7480906248092651
100;6;3;7.091933349002025;0.865315746515698;0.9641706943511963;0.9602240324020386;0.25159746408462524;0.2525576949119568;0.11919550597667694;1.1852082014083862;-0.32246696949005127;0.22658659517765045
101;6;1;9.812470278620516;0.9999430038890296;0.9641706943511963;0.9602537155151367;0.2514587938785553;0.25249210000038147;-0.13169613480567932;0.7371338605880737;0.299483984708786;0.6026778221130371
101;6;2;9.803023019494308;0.999943003889328;0.9641706943511963;0.9602537155151367;0.2514587938785553;0.25249210000038147;0.159769669175148;0.6126538515090942;0.6340028047561646;0.7477456331253052
101;6;3;7.083390429897635;0.8619276885550988;0.9641706943511963;0.9602537155151367;0.2514587938785553;0.25249210000038147;0.1187404990196228;1.187538743019104;-0.3224865794181824;0.2266143262386322
102;6;1;9.812478636732479;0.9999430038890225;0.9641706943511963;0.9602537155151367;0.2511623799800873;0.2524296045303345;-0.1322150081396103;0.7388781309127808;0.2984625995159149;0.6038976311683655
102;6;2;9.802547807702862;0.9999430038893315;0.9641706943511963;0.9602537155151367;0.2511623799800873;0.2524296045303345;0.1597423255443573;0.6142023205757141;0.6344660520553589;0.7474880218505859
102;6;3;7.066435406849713;0.8519713315101036;0.9641706943511963;0.9602537155151367;0.2511623799800873;0.2524296045303345;0.11823441833257675;1.1897286176681519;-0.3225304186344147;0.22667637467384338
103;6;1;9.812487077681858;0.9999430038890296;0.9645732641220093;0.9602141380310059;0.250753253698349;0.252370148897171;-0.1326919049024582;0.7404713034629822;0.2974257171154022;0.6051571369171143
103;6;2;9.798896934131033;0.999943003889328;0.9645732641220093;0.9602141380310059;0.250753253698349;0.252370148897171;0.15968404710292816;0.6156488656997681;0.6348855495452881;0.7472898364067078
103;6;3;7.071161814026743;0.8583967811043358;0.9645732641220093;0.9602141380310059;0.250753253698349;0.252370148897171;0.11772555112838745;1.191776156425476;-0.322567343711853;0.22672858834266663
104;6;1;9.812495344400077;0.9999430038890296;0.9649758338928223;0.9602141380310059;0.25035810470581055;0.2523173689842224;-0.1331103891134262;0.7419077157974243;0.2963932752609253;0.6064980626106262
104;6;2;9.799884372100134;0.9999430038893351;0.9649758338928223;0.9602141380310059;0.25035810470581055;0.2523173689842224;0.15959379076957703;0.6170018315315247;0.6352579593658447;0.7471482753753662
104;6;3;7.040355698897411;0.8538855429689356;0.9649758338928223;0.9602141380310059;0.25035810470581055;0.2523173689842224;0.11725902557373047;1.1936837434768677;-0.32256895303726196;0.22673086822032928
105;6;1;9.812502969544504;0.9999430038890722;0.9653784036636353;0.9601993560791016;0.250097393989563;0.2522672116756439;-0.13346658647060394;0.7431946396827698;0.2953684628009796;0.6079182028770447
105;6;2;9.801163872327436;0.9999430038893315;0.9653784036636353;0.9601993560791016;0.250097393989563;0.2522672116756439;0.159473717212677;0.61826491355896;0.6355859041213989;0.7470586895942688
105;6;3;7.039530384799672;0.8542796936047026;0.9653784036636353;0.9601993560791016;0.250097393989563;0.2522672116756439;0.11683990806341171;1.195455551147461;-0.32253479957580566;0.22668255865573883
106;6;1;9.812509837353012;0.9999430038890438;0.9653784036636353;0.9602091908454895;0.24996082484722137;0.2522163391113281;-0.13376948237419128;0.7443495988845825;0.29433804750442505;0.6093670129776001
106;6;2;9.797684692193137;0.9999430038893244;0.9653784036636353;0.9602091908454895;0.24996082484722137;0.2522163391113281;0.15932197868824005;0.6194372177124023;0.6358644962310791;0.7470399737358093
106;6;3;7.050593880271331;0.8670365329660008;0.9653784036636353;0.9602091908454895;0.24996082484722137;0.2522163391113281;0.11643020808696747;1.1970956325531006;-0.3224944770336151;0.2266255021095276
107;6;1;9.812516117295267;0.9999430038890225;0.9653784036636353;0.9602289199829102;0.24990932643413544;0.25216537714004517;-0.1340363770723343;0.745393693447113;0.2932666838169098;0.6107966899871826
107;6;2;9.798910778408679;0.9999430038893315;0.9653784036636353;0.9602289199829102;0.24990932643413544;0.25216537714004517;0.15914838016033173;0.6205152273178101;0.6361070871353149;0.7470832467079163
107;6;3;7.044756362903593;0.8678690484509222;0.9653784036636353;0.9602289199829102;0.24990932643413544;0.25216537714004517;0.11597675085067749;1.1986099481582642;-0.32248765230178833;0.22661584615707397
108;6;1;9.81252193835229;0.9999430038890367;0.9653784036636353;0.9602091908454895;0.24981872737407684;0.2521147131919861;-0.1342790722846985;0.7463418245315552;0.29212936758995056;0.6121877431869507
108;6;2;9.801355511728953;0.9999430038893493;0.9653784036636353;0.9602091908454895;0.24981872737407684;0.2521147131919861;0.1589505523443222;0.6215033531188965;0.6363087892532349;0.7472044229507446
108;6;3;7.037330578475373;0.8625601254704378;0.9653784036636353;0.9602091908454895;0.24981872737407684;0.2521147131919861;0.11545032262802124;1.2000080347061157;-0.32253700494766235;0.22668568789958954
109;6;1;9.81252746383442;0.9999430038890154;0.9653784036636353;0.9601795673370361;0.24962005019187927;0.25206053256988525;-0.13449639081954956;0.7472080588340759;0.2909296452999115;0.6135460138320923
109;6;2;9.796995783403936;0.9999430038893244;0.9653784036636353;0.9601795673370361;0.24962005019187927;0.25206053256988525;0.15874020755290985;0.6224114894866943;0.6364841461181641;0.7473772764205933
109;6;3;7.054078803140783;0.8693674938427574;0.9653784036636353;0.9601795673370361;0.24962005019187927;0.25206053256988525;0.1148616299033165;1.2013050317764282;-0.32263684272766113;0.22682687640190125
110;6;1;9.812532771011227;0.9999430038890367;0.9657809734344482;0.9601894617080688;0.24933390319347382;0.2520052194595337;-0.13467764854431152;0.7480021119117737;0.28968992829322815;0.614903450012207
110;6;2;9.796604396605002;0.9999430038893315;0.9657809734344482;0.9601894617080688;0.24933390319347382;0.2520052194595337;0.1585260033607483;0.6232556104660034;0.6366426944732666;0.7475777864456177
110;6;3;7.06461050614846;0.8781748753018714;0.9657809734344482;0.9601894617080688;0.24933390319347382;0.2520052194595337;0.11425032466650009;1.2025187015533447;-0.32276079058647156;0.22700217366218567
111;6;1;9.81253768697664;0.9999430038890225;0.9657809734344482;0.9601993560791016;0.24905318021774292;0.25195205211639404;-0.13481418788433075;0.7487349510192871;0.28843066096305847;0.6162882447242737
111;6;2;9.795463438689346;0.9999430038893315;0.9657809734344482;0.9601993560791016;0.24905318021774292;0.25195205211639404;0.158318892121315;0.6240513324737549;0.6368027925491333;0.7477667331695557
111;6;3;7.069292158817481;0.8786370731357085;0.9657809734344482;0.9601993560791016;0.24905318021774292;0.25195205211639404;0.11365433782339096;1.2036668062210083;-0.3228832483291626;0.22717535495758057
112;6;1;9.812542039841446;0.9999430038890438;0.9657809734344482;0.9602141976356506;0.2488587647676468;0.25189995765686035;-0.13490723073482513;0.7494204044342041;0.28715774416923523;0.6177060604095459
112;6;2;9.795881332750678;0.9999430038893209;0.9657809734344482;0.9602141976356506;0.2488587647676468;0.25189995765686035;0.1581345498561859;0.6248074173927307;0.6369832158088684;0.7479101419448853
112;6;3;7.066428912128234;0.8734790440831652;0.9657809734344482;0.9602141976356506;0.2488587647676468;0.25189995765686035;0.11308389902114868;1.204764485359192;-0.32299724221229553;0.22733651101589203
113;6;1;9.812545739344998;0.9999430038890225;0.9657809734344482;0.9602141380310059;0.2487584501504898;0.2518443167209625;-0.13497069478034973;0.7500662803649902;0.2858339548110962;0.6191750168800354
113;6;2;9.796387493951883;0.9999430038893244;0.9657809734344482;0.9602141380310059;0.2487584501504898;0.2518443167209625;0.15798048675060272;0.6255287528038025;0.6371952891349792;0.7479937672615051
113;6;3;7.068574899640472;0.876609085884871;0.9657809734344482;0.9602141380310059;0.2487584501504898;0.2518443167209625;0.11252091825008392;1.2058231830596924;-0.32311511039733887;0.2275032103061676
114;6;1;9.812549357219417;0.9999430038890083;0.9661835432052612;0.9602240920066833;0.24868974089622498;0.251788467168808;-0.13501620292663574;0.7506918907165527;0.28445568680763245;0.6206534504890442
114;6;2;9.80083040302602;0.9999430038893387;0.9661835432052612;0.9602240920066833;0.24868974089622498;0.251788467168808;0.15786030888557434;0.6262186169624329;0.6374515295028687;0.7480035424232483
114;6;3;7.074631522518123;0.8771806859206901;0.9661835432052612;0.9602240920066833;0.24868974089622498;0.251788467168808;0.11193720996379852;1.2068524360656738;-0.32325589656829834;0.2277023047208786
115;6;1;9.81255269761943;0.9999430038890509;0.9661835432052612;0.9602487087249756;0.24857653677463531;0.25173208117485046;-0.1350519061088562;0.751309335231781;0.28302422165870667;0.6221204996109009
115;6;2;9.800608959212898;0.9999430038893387;0.9661835432052612;0.9602487087249756;0.24857653677463531;0.25173208117485046;0.15777070820331573;0.6268825531005859;0.6377480626106262;0.7479499578475952
115;6;3;7.071822721531198;0.8744779535451066;0.9661835432052612;0.9602487087249756;0.24857653677463531;0.25173208117485046;0.11131829023361206;1.2078614234924316;-0.3234286904335022;0.22794672846794128
116;6;1;9.812556079285677;0.9999430038890225;0.9657809734344482;0.9602586030960083;0.24837806820869446;0.2516748607158661;-0.13507890701293945;0.7519276738166809;0.281550794839859;0.623577356338501
116;6;2;9.793152521164068;0.9999430038893387;0.9657809734344482;0.9602586030960083;0.24837806820869446;0.2516748607158661;0.15771515667438507;0.6275290846824646;0.6380980610847473;0.7478069067001343
116;6;3;7.068699750128296;0.867195833599423;0.9657809734344482;0.9602586030960083;0.24837806820869446;0.2516748607158661;0.1106741651892662;1.2088600397109985;-0.3236252963542938;0.2282247692346573
117;6;1;9.812559391023463;0.9999430038890225;0.9657809734344482;0.9602832794189453;0.24810901284217834;0.25161680579185486;-0.13509409129619598;0.7525466084480286;0.28005144000053406;0.6250531077384949
117;6;2;9.798014100046874;0.9999430038893387;0.9657809734344482;0.9602832794189453;0.24810901284217834;0.25161680579185486;0.15769138932228088;0.6281687617301941;0.6384984254837036;0.7475730180740356
117;6;3;7.071679317846089;0.8644964625145715;0.9657809734344482;0.9602832794189453;0.24810901284217834;0.25161680579185486;0.11003222316503525;1.2098580598831177;-0.32382509112358093;0.22850726544857025
118;6;1;9.812562799062633;0.9999430038890438;0.9657809734344482;0.9603376388549805;0.24782954156398773;0.251558393239975;-0.13509656488895416;0.7531634569168091;0.27853628993034363;0.6265802383422852
118;6;2;9.793494467488394;0.9999430038893387;0.9657809734344482;0.9603376388549805;0.24782954156398773;0.251558393239975;0.15769705176353455;0.6288108229637146;0.6389457583427429;0.7472469210624695
118;6;3;7.064183552752542;0.8610849913012668;0.9657809734344482;0.9603376388549805;0.24782954156398773;0.251558393239975;0.10941710323095322;1.2108635902404785;-0.3240091800689697;0.22876761853694916
119;6;1;9.812566031864264;0.9999430038890296;0.9657809734344482;0.9603672027587891;0.24759076535701752;0.25149890780448914;-0.13508941233158112;0.7537757754325867;0.27701184153556824;0.6281687021255493
119;6;2;9.791422235152673;0.9999430038893564;0.9657809734344482;0.9603672027587891;0.24759076535701752;0.25149890780448914;0.15772344172000885;0.6294599771499634;0.6394200325012207;0.7468615174293518
119;6;3;7.066139493719298;0.867265127969814;0.9657809734344482;0.9603672027587891;0.24759076535701752;0.25149890780448914;0.10883432626724243;1.2118812799453735;-0.32417193055152893;0.22899778187274933
120;6;1;9.812569184085888;0.9999430038890367;0.9657809734344482;0.9603918790817261;0.24740417301654816;0.2514396011829376;-0.13507966697216034;0.7543891668319702;0.2754789888858795;0.6297979354858398
120;6;2;9.793665208246978;0.9999430038893529;0.9657809734344482;0.9603918790817261;0.24740417301654816;0.2514396011829376;0.1577681303024292;0.6301165223121643;0.6399184465408325;0.7464249730110168
120;6;3;7.069503416181684;0.8657446333093812;0.9657809734344482;0.9603918790817261;0.24740417301654816;0.2514396011829376;0.10826867818832397;1.2129130363464355;-0.32432225346565247;0.22921040654182434
121;6;1;9.812572172995203;0.9999430038890225;0.9657809734344482;0.9604018330574036;0.24723070859909058;0.2513812780380249;-0.1350759118795395;0.7550094723701477;0.27393537759780884;0.6314399242401123
121;6;2;9.79205239123809;0.9999430038893351;0.9657809734344482;0.9604018330574036;0.24723070859909058;0.2513812780380249;0.15782876312732697;0.6307784914970398;0.6404383778572083;0.7459471225738525
121;6;3;7.067902281097416;0.8546185208456709;0.9657809734344482;0.9604018330574036;0.24723070859909058;0.2513812780380249;0.10769873857498169;1.213958978652954;-0.32447361946105957;0.22942443192005157
122;6;1;9.812575558743958;0.9999430038890509;0.9657809734344482;0.9604363441467285;0.2470169961452484;0.251322478055954;-0.13508480787277222;0.7556375861167908;0.2723759710788727;0.6330886483192444
122;6;2;9.788643981558248;0.9999430038893138;0.9657809734344482;0.9604363441467285;0.2470169961452484;0.251322478055954;0.15790356695652008;0.6314458250999451;0.6409778594970703;0.7454334497451782
122;6;3;7.064027675662279;0.8539359953709749;0.9657809734344482;0.9604363441467285;0.2470169961452484;0.251322478055954;0.10711441934108734;1.2150195837020874;-0.32463163137435913;0.2296479344367981
123;6;1;9.812579048543142;0.9999430038890296;0.9661835432052612;0.9604858160018921;0.2467355728149414;0.2512637972831726;-0.13510508835315704;0.7562731504440308;0.2708110809326172;0.6347468495368958
123;6;2;9.796460395642683;0.9999430038893244;0.9661835432052612;0.9604858160018921;0.2467355728149414;0.2512637972831726;0.15799115598201752;0.6321207880973816;0.6415354013442993;0.7448843121528625
123;6;3;7.06558864902081;0.8588442186352498;0.9661835432052612;0.9604858160018921;0.2467355728149414;0.2512637972831726;0.10652407258749008;1.2160964012145996;-0.3247896432876587;0.22987136244773865
124;6;1;9.812582760032676;0.9999430038890367;0.9661835432052612;0.960530161857605;0.2464633733034134;0.2512058913707733;-0.13513295352458954;0.7569096684455872;0.26925238966941833;0.6364360451698303
124;6;2;9.801543080710793;0.9999430038893351;0.9661835432052612;0.960530161857605;0.2464633733034134;0.2512058913707733;0.1580832451581955;0.6328082084655762;0.642093300819397;0.744324803352356
124;6;3;7.076482078087251;0.8610747729216826;0.9661835432052612;0.960530161857605;0.2464633733034134;0.2512058913707733;0.10594668239355087;1.217191457748413;-0.3249337673187256;0.23007521033287048
125;6;1;9.812586497029805;0.9999430038890225;0.9661835432052612;0.9605697393417358;0.24627093970775604;0.2511492371559143;-0.13516466319561005;0.7575467824935913;0.2677118480205536;0.6381621360778809
125;6;2;9.798078895735024;0.9999430038893422;0.9661835432052612;0.9605697393417358;0.24627093970775604;0.2511492371559143;0.15817946195602417;0.6335106492042542;0.6426519155502319;0.7437505722045898
125;6;3;7.084069439315856;0.8643688155877935;0.9661835432052612;0.9605697393417358;0.24627093970775604;0.2511492371559143;0.10539563745260239;1.218306064605713;-0.3250545561313629;0.23024599254131317
126;6;1;9.812590370685541;0.9999430038890225;0.9657809734344482;0.9606091976165771;0.24611762166023254;0.25109371542930603;-0.13520020246505737;0.7581836581230164;0.26619473099708557;0.6399185061454773
126;6;2;9.802679445739745;0.9999430038893493;0.9657809734344482;0.9606091976165771;0.24611762166023254;0.25109371542930603;0.1582726538181305;0.6342285871505737;0.6431936025619507;0.7431919574737549
126;6;3;7.089792990885252;0.8621648177040964;0.9657809734344482;0.9606091976165771;0.24611762166023254;0.25109371542930603;0.10486891120672226;1.2194397449493408;-0.32515332102775574;0.2303856760263443
127;6;1;9.812594233701255;0.9999430038890438;0.9661835432052612;0.9605944156646729;0.24600569903850555;0.2510395646095276;-0.13524572551250458;0.7588227987289429;0.2646932899951935;0.6416890621185303
127;6;2;9.79907386194289;0.9999430038893387;0.9661835432052612;0.9605944156646729;0.24600569903850555;0.2510395646095276;0.1583624929189682;0.6349591016769409;0.6437193155288696;0.7426522374153137
127;6;3;7.094334422547076;0.859939146418844;0.9661835432052612;0.9605944156646729;0.24600569903850555;0.2510395646095276;0.10435080528259277;1.2205911874771118;-0.3252413272857666;0.23051013052463531
128;6;1;9.81259800928656;0.999943003889058;0.9661835432052612;0.9606141448020935;0.24590079486370087;0.25098860263824463;-0.13530893623828888;0.7594814300537109;0.26323941349983215;0.64339679479599
128;6;2;9.806151698586522;0.9999430038893173;0.9661835432052612;0.9606141448020935;0.24590079486370087;0.25098860263824463;0.15844865143299103;0.6356993317604065;0.6442297101020813;0.7421345114707947
128;6;3;7.085924810661627;0.8594187266406035;0.9661835432052612;0.9606141448020935;0.24590079486370087;0.25098860263824463;0.10382445901632309;1.221758246421814;-0.3253307640552521;0.2306366115808487
129;6;1;9.812602044325935;0.9999430038890296;0.9661835432052612;0.9606240391731262;0.24576987326145172;0.2509465217590332;-0.13538995385169983;0.7601880431175232;0.2619066536426544;0.6449229121208191
129;6;2;9.803000415996944;0.999943003889328;0.9661835432052612;0.9606240391731262;0.24576987326145172;0.2509465217590332;0.15853111445903778;0.6364478468894958;0.6447257399559021;0.7416391968727112
129;6;3;7.086904929084639;0.8557768434649766;0.9661835432052612;0.9606240391731262;0.24576987326145172;0.2509465217590332;0.10328410565853119;1.2229399681091309;-0.3254261016845703;0.23077145218849182
130;6;1;9.81260617205907;0.9999430038890367;0.9661835432052612;0.9606586694717407;0.24561139941215515;0.25091421604156494;-0.1354847103357315;0.760938286781311;0.2606905400753021;0.6462851762771606
130;6;2;9.801929263299225;0.9999430038893387;0.9661835432052612;0.9606586694717407;0.24561139941215515;0.25091421604156494;0.15861015021800995;0.637205183506012;0.6452088356018066;0.7411620020866394
130;6;3;7.08464476839406;0.8547187518415189;0.9661835432052612;0.9606586694717407;0.24561139941215515;0.25091421604156494;0.10273826122283936;1.2241352796554565;-0.3255217969417572;0.23090678453445435
131;6;1;9.812610389131692;0.9999430038890438;0.9665861129760742;0.9606536626815796;0.24544718861579895;0.2508815824985504;-0.13558854162693024;0.7617251873016357;0.2595866322517395;0.6475111246109009
131;6;2;9.800319757241677;0.9999430038893315;0.9665861129760742;0.9606536626815796;0.24544718861579895;0.2508815824985504;0.15868373215198517;0.6379731893539429;0.6456805467605591;0.7406966686248779
131;6;3;7.092419451769752;0.8567252011050819;0.9665861129760742;0.9606536626815796;0.24544718861579895;0.2508815824985504;0.10220104455947876;1.2253438234329224;-0.32560834288597107;0.23102916777133942
132;6;1;9.812614530638001;0.9999430038890296;0.9665861129760742;0.960658609867096;0.24531333148479462;0.25084859132766724;-0.13569776713848114;0.7625444531440735;0.25858965516090393;0.6486181616783142
132;6;2;9.801794016276173;0.9999430038893422;0.9665861129760742;0.960658609867096;0.24531333148479462;0.25084859132766724;0.1587560474872589;0.6387509107589722;0.6461488008499146;0.740227460861206
132;6;3;7.090956759537159;0.8569783260742092;0.9665861129760742;0.960658609867096;0.24531333148479462;0.25084859132766724;0.10168004035949707;1.226563572883606;-0.32568055391311646;0.23113133013248444
133;6;1;9.812618619859443;0.9999430038890438;0.9665861129760742;0.960683286190033;0.24522510170936584;0.2508147656917572;-0.1358119696378708;0.7633931636810303;0.25768956542015076;0.6496127843856812
133;6;2;9.801403606578994;0.9999430038893493;0.9665861129760742;0.960683286190033;0.24522510170936584;0.2508147656917572;0.15883074700832367;0.6395354866981506;0.646620512008667;0.7397434711456299
133;6;3;7.08696303761254;0.8553920303902061;0.9665861129760742;0.960683286190033;0.24522510170936584;0.2508147656917572;0.1011718139052391;1.2277915477752686;-0.3257408142089844;0.23121656477451324
134;6;1;9.81262266103878;0.9999430038890509;0.9665861129760742;0.9607129693031311;0.24517130851745605;0.25077924132347107;-0.13593576848506927;0.764260470867157;0.2568565309047699;0.6505225300788879
134;6;2;9.800183650520516;0.9999430038893315;0.9665861129760742;0.9607129693031311;0.24517130851745605;0.25077924132347107;0.15890713036060333;0.6403229236602783;0.6470950841903687;0.7392492890357971
134;6;3;7.083051190300797;0.8560822874172391;0.9665861129760742;0.9607129693031311;0.24517130851745605;0.25077924132347107;0.10066626965999603;1.2290236949920654;-0.325795978307724;0.23129457235336304
135;6;1;9.812626733666633;0.9999430038890154;0.9665861129760742;0.960722804069519;0.2451246976852417;0.25074338912963867;-0.13607017695903778;0.7651435136795044;0.25607967376708984;0.6513485312461853
135;6;2;9.80063761144827;0.9999430038893422;0.9665861129760742;0.960722804069519;0.2451246976852417;0.25074338912963867;0.15898527204990387;0.6411097645759583;0.6475730538368225;0.7387462258338928
135;6;3;7.080611643152858;0.8535121395739989;0.9665861129760742;0.960722804069519;0.2451246976852417;0.25074338912963867;0.10015448182821274;1.2302558422088623;-0.32585209608078003;0.2313738912343979
136;6;1;9.812630817082962;0.9999430038890225;0.9665861129760742;0.9607327580451965;0.2450619488954544;0.2507079243659973;-0.1362147182226181;0.7660332918167114;0.2553512156009674;0.6521068215370178
136;6;2;9.804809016008967;0.9999430038893138;0.9665861129760742;0.9607327580451965;0.2450619488954544;0.2507079243659973;0.15904448926448822;0.641897976398468;0.6480326652526855;0.738271951675415
136;6;3;7.084978197295225;0.856331604419962;0.9665861129760742;0.9607327580451965;0.2450619488954544;0.2507079243659973;0.09963542222976685;1.231485366821289;-0.32590973377227783;0.23145544528961182
137;6;1;9.812634732172647;0.9999430038890154;0.9665861129760742;0.9607327580451965;0.2449967861175537;0.2506732642650604;-0.13636736571788788;0.7669253945350647;0.2546652853488922;0.6528101563453674
137;6;2;9.803588888213987;0.9999430038893244;0.9665861129760742;0.9607327580451965;0.2449967861175537;0.2506732642650604;0.15908648073673248;0.6426859498023987;0.6484755873680115;0.7378228306770325
137;6;3;7.0870940775113365;0.8575083680105973;0.9665861129760742;0.9607327580451965;0.2449967861175537;0.2506732642650604;0.0991116389632225;1.2327098846435547;-0.32596707344055176;0.23153649270534515
138;6;1;9.81263866434098;0.9999430038890225;0.9665861129760742;0.960722804069519;0.24493275582790375;0.250638872385025;-0.13652585446834564;0.7678151726722717;0.2540171146392822;0.6534730792045593
138;6;2;9.800066931301494;0.9999430038893387;0.9665861129760742;0.960722804069519;0.24493275582790375;0.250638872385025;0.15911272168159485;0.6434728503227234;0.6489033102989197;0.7373948097229004
138;6;3;7.085839615292597;0.8578382215953315;0.9665861129760742;0.960722804069519;0.24493275582790375;0.250638872385025;0.09858759492635727;1.2339277267456055;-0.3260209262371063;0.2316126525402069
139;6;1;9.812642373011599;0.9999430038890225;0.9665861129760742;0.9607030153274536;0.24487748742103577;0.2506047487258911;-0.1366882473230362;0.7687000632286072;0.2534017562866211;0.6541063189506531
139;6;2;9.800163971933134;0.9999430038893351;0.9665861129760742;0.9607030153274536;0.24487748742103577;0.2506047487258911;0.15912848711013794;0.6442571878433228;0.6493246555328369;0.7369719743728638
139;6;3;7.086997247889874;0.8579730934755769;0.9665861129760742;0.9607030153274536;0.24487748742103577;0.2506047487258911;0.09806643426418304;1.2351373434066772;-0.3260689675807953;0.23168058693408966
140;6;1;9.812645968419325;0.9999430038890367;0.9665861129760742;0.9607129096984863;0.24483317136764526;0.25057101249694824;-0.13685333728790283;0.7695770859718323;0.2528137266635895;0.6547198295593262
140;6;2;9.805439889776636;0.999943003889328;0.9665861129760742;0.9607129096984863;0.24483317136764526;0.25057101249694824;0.15913474559783936;0.6450381875038147;0.6497401595115662;0.7365527153015137
140;6;3;7.083814019837311;0.8582531278072452;0.9665861129760742;0.9607129096984863;0.24483317136764526;0.25057101249694824;0.09754930436611176;1.2363375425338745;-0.3261103928089142;0.23173917829990387
141;6;1;9.812649472011927;0.9999430038890367;0.9665861129760742;0.9607129096984863;0.24480018019676208;0.2505377531051636;-0.13702063262462616;0.770443856716156;0.252247154712677;0.6553203463554382
141;6;2;9.804778093533116;0.9999430038893351;0.9665861129760742;0.9607129096984863;0.24480018019676208;0.2505377531051636;0.15913231670856476;0.6458146572113037;0.6501505374908447;0.7361366152763367
141;6;3;7.07959402203835;0.8557385057821687;0.9665861129760742;0.9607129096984863;0.24480018019676208;0.2505377531051636;0.09703491628170013;1.2375273704528809;-0.32614609599113464;0.2317897081375122
142;6;1;9.81265292606087;0.9999430038890438;0.9665861129760742;0.960722804069519;0.24477334320545197;0.2505050599575043;-0.13718870282173157;0.7712996602058411;0.2516940236091614;0.655912458896637
142;6;2;9.804184520792411;0.9999430038893387;0.9665861129760742;0.960722804069519;0.24477334320545197;0.2505050599575043;0.1591220200061798;0.6465857625007629;0.6505565047264099;0.7357235550880432
142;6;3;7.078535129441525;0.8584267884952688;0.9665861129760742;0.960722804069519;0.24477334320545197;0.2505050599575043;0.09652101993560791;1.238706111907959;-0.3261777460575104;0.23183442652225494
143;6;1;9.812656281203317;0.9999430038890651;0.9665861129760742;0.960722804069519;0.24474582076072693;0.2504728436470032;-0.13735714554786682;0.7721431255340576;0.25114983320236206;0.6565008759498596
143;6;2;9.80658810187201;0.9999430038893244;0.9665861129760742;0.960722804069519;0.24474582076072693;0.2504728436470032;0.15910454094409943;0.6473507881164551;0.6509585380554199;0.7353131175041199
143;6;3;7.078898216832378;0.8591895358088877;0.9665861129760742;0.960722804069519;0.24474582076072693;0.2504728436470032;0.09600645303726196;1.2398731708526611;-0.3262063264846802;0.23187488317489624
144;6;1;9.812659624513117;0.9999430038890154;0.9665861129760742;0.9607278108596802;0.24470821022987366;0.25044119358062744;-0.13752488791942596;0.772974967956543;0.2506111264228821;0.657089114189148
144;6;2;9.802691211624232;0.9999430038893138;0.9665861129760742;0.9607278108596802;0.24470821022987366;0.25044119358062744;0.15908445417881012;0.6481092572212219;0.651364803314209;0.7348915338516235
144;6;3;7.084448712301146;0.8604503498390752;0.9665861129760742;0.9607278108596802;0.24470821022987366;0.25044119358062744;0.09549188613891602;1.2410290241241455;-0.3262317180633545;0.2319107949733734
145;6;1;9.812662969892436;0.9999430038890083;0.9665861129760742;0.9607277512550354;0.24466341733932495;0.2504101097583771;-0.13769041001796722;0.7737937569618225;0.25007596611976624;0.6576851010322571
145;6;2;9.800903067882388;0.999943003889328;0.9665861129760742;0.9607277512550354;0.24466341733932495;0.2504101097583771;0.15906213223934174;0.6488617062568665;0.6517753005027771;0.7344584465026855
145;6;3;7.0846063412064275;0.8614436964570924;0.9665861129760742;0.9607277512550354;0.24466341733932495;0.2504101097583771;0.0949799045920372;1.2421741485595703;-0.3262525498867035;0.23194025456905365
146;6;1;9.81266620866613;0.9999430038890154;0.9665861129760742;0.960747480392456;0.24461856484413147;0.25037965178489685;-0.1378525346517563;0.7745994329452515;0.24954162538051605;0.6582928895950317
146;6;2;9.80539766372176;0.9999430038893422;0.9665861129760742;0.960747480392456;0.24461856484413147;0.25037965178489685;0.15903781354427338;0.6496086716651917;0.6521898508071899;0.7340139150619507
146;6;3;7.07640375030422;0.8628124672830797;0.9665861129760742;0.960747480392456;0.24461856484413147;0.25037965178489685;0.09447257220745087;1.2433089017868042;-0.32626786828041077;0.2319619208574295
147;6;1;9.812669425974065;0.9999430038890367;0.9673912525177002;0.960747480392456;0.24457864463329315;0.2503497302532196;-0.1380104124546051;0.7753921151161194;0.24900589883327484;0.6589152216911316
147;6;2;9.80869501483567;0.9999430038893209;0.9673912525177002;0.960747480392456;0.24457864463329315;0.2503497302532196;0.15901173651218414;0.6503502726554871;0.652608335018158;0.733558177947998
147;6;3;7.068503746066094;0.8643680186094507;0.9673912525177002;0.960747480392456;0.24457864463329315;0.2503497302532196;0.09396958351135254;1.244434118270874;-0.3262782692909241;0.23197662830352783
148;6;1;9.81267250360439;0.9999430038890225;0.9673912525177002;0.9607375860214233;0.24454398453235626;0.25032031536102295;-0.1381639689207077;0.7761723399162292;0.24846617877483368;0.6595512628555298
148;6;2;9.809566390141065;0.9999430038893209;0.9673912525177002;0.9607375860214233;0.24454398453235626;0.25032031536102295;0.15898403525352478;0.6510863900184631;0.6530303955078125;0.7330928444862366
148;6;3;7.058578230381952;0.8617729330903039;0.9673912525177002;0.9607375860214233;0.24454398453235626;0.25032031536102295;0.0934685468673706;1.2455497980117798;-0.32628586888313293;0.2319873720407486
149;6;1;9.812675499160946;0.999943003888994;0.9673912525177002;0.9607475399971008;0.244508758187294;0.2502914071083069;-0.13831321895122528;0.7769408822059631;0.24791982769966125;0.6601994037628174
149;6;2;9.805407649589668;0.9999430038893173;0.9673912525177002;0.9607475399971008;0.244508758187294;0.2502914071083069;0.15895482897758484;0.6518164873123169;0.653455913066864;0.7326192855834961
149;6;3;7.048639778106555;0.8607513592394387;0.9673912525177002;0.9607475399971008;0.244508758187294;0.2502914071083069;0.09296657890081406;1.2466559410095215;-0.3262931704521179;0.23199766874313354
150;6;1;9.812678550257168;0.9999430038890154;0.9669886827468872;0.9607573747634888;0.24446748197078705;0.25026294589042664;-0.1384579986333847;0.777698278427124;0.24736528098583221;0.660858690738678
150;6;2;9.80244639877731;0.9999430038893244;0.9669886827468872;0.9607573747634888;0.24446748197078705;0.25026294589042664;0.15892422199249268;0.6525405645370483;0.6538846492767334;0.7321385741233826
150;6;3;7.038105758020183;0.8564033068431325;0.9669886827468872;0.9607573747634888;0.24446748197078705;0.25026294589042664;0.09246198832988739;1.2477527856826782;-0.32630160450935364;0.23200958967208862
151;6;1;9.812681360461752;0.9999430038890083;0.9669886827468872;0.9607623815536499;0.24441750347614288;0.25023531913757324;-0.13860709965229034;0.7784344553947449;0.24682708084583282;0.6615405082702637
151;6;2;9.803312760617121;0.999943003889328;0.9669886827468872;0.9607623815536499;0.24441750347614288;0.25023531913757324;0.15889234840869904;0.6532586812973022;0.6543163061141968;0.7316509485244751
151;6;3;7.041064036975701;0.8561362161856518;0.9669886827468872;0.9607623815536499;0.24441750347614288;0.25023531913757324;0.09195536375045776;1.2488404512405396;-0.3263111412525177;0.23202307522296906
152;6;1;9.812683980980253;0.9999430038890438;0.9669886827468872;0.9607722163200378;0.24435916543006897;0.2502085566520691;-0.13875874876976013;0.7791497707366943;0.2463030368089676;0.6622475981712341
152;6;2;9.80249710748954;0.999943003889328;0.9669886827468872;0.9607722163200378;0.24435916543006897;0.2502085566520691;0.15885917842388153;0.653971254825592;0.6547508239746094;0.7311559915542603
152;6;3;7.04461463838609;0.8568070925506976;0.9669886827468872;0.9607722163200378;0.24435916543006897;0.2502085566520691;0.09144952148199081;1.2499192953109741;-0.32631993293762207;0.23203551769256592
153;6;1;9.812686242352846;0.9999430038890509;0.9669886827468872;0.9607623219490051;0.24429988861083984;0.2501819133758545;-0.13891218602657318;0.7798429131507874;0.24578897655010223;0.6629863977432251
153;6;2;9.79985646325748;0.9999430038893387;0.9669886827468872;0.9607623219490051;0.24429988861083984;0.2501819133758545;0.1588248312473297;0.6546785831451416;0.6551878452301025;0.7306532263755798
153;6;3;7.042973272063055;0.856151278757098;0.9669886827468872;0.9607623219490051;0.24429988861083984;0.2501819133758545;0.09094689786434174;1.2509891986846924;-0.3263261914253235;0.23204436898231506
154;6;1;9.81268820924224;0.999943003889058;0.9669886827468872;0.9607672095298767;0.24424539506435394;0.25015538930892944;-0.1390666365623474;0.7805143594741821;0.24528324604034424;0.6637569069862366
154;6;2;9.799432924879692;0.999943003889328;0.9669886827468872;0.9607672095298767;0.24424539506435394;0.25015538930892944;0.15878932178020477;0.6553803086280823;0.6556272506713867;0.7301428318023682
154;6;3;7.043074882221541;0.854324439884186;0.9669886827468872;0.9607672095298767;0.24424539506435394;0.25015538930892944;0.09044782817363739;1.2520499229431152;-0.3263295888900757;0.23204916715621948
155;6;1;9.812689917596359;0.9999430038890438;0.9669886827468872;0.9607771635055542;0.24419590830802917;0.25012892484664917;-0.13922223448753357;0.7811643481254578;0.2447834312915802;0.6645567417144775
155;6;2;9.802823576225624;0.9999430038893244;0.9669886827468872;0.9607771635055542;0.24419590830802917;0.25012892484664917;0.15875260531902313;0.6560758948326111;0.656068742275238;0.7296261787414551
155;6;3;7.0453984256215065;0.8530312931846709;0.9669886827468872;0.9607771635055542;0.24419590830802917;0.25012892484664917;0.0899500697851181;1.2531005144119263;-0.3263312578201294;0.2320515364408493
156;6;1;9.812691361434744;0.9999430038890367;0.9669886827468872;0.9607771039009094;0.24414607882499695;0.25010257959365845;-0.1393791288137436;0.7817941904067993;0.2442859411239624;0.6653816103935242
156;6;2;9.8076680810698;0.9999430038893458;0.9669886827468872;0.9607771039009094;0.24414607882499695;0.25010257959365845;0.15871506929397583;0.6567643880844116;0.6565130949020386;0.7291024923324585
156;6;3;7.045653878738591;0.8544394952939403;0.9669886827468872;0.9607771039009094;0.24414607882499695;0.25010257959365845;0.08945133537054062;1.2541403770446777;-0.3263324499130249;0.2320532202720642
157;6;1;9.81269270855281;0.9999430038890438;0.9669886827468872;0.9608018398284912;0.24408893287181854;0.2500763237476349;-0.13953721523284912;0.7824042439460754;0.2437899112701416;0.6662304997444153
157;6;2;9.809449412379802;0.999943003889328;0.9669886827468872;0.9608018398284912;0.24408893287181854;0.2500763237476349;0.15867650508880615;0.65744549036026;0.6569598913192749;0.728572428226471
157;6;3;7.0411880103450954;0.8550545868058386;0.9669886827468872;0.9608018398284912;0.24408893287181854;0.2500763237476349;0.088950976729393;1.255169153213501;-0.3263331949710846;0.23205426335334778
158;6;1;9.81269386378721;0.999943003889058;0.9669886827468872;0.9607969522476196;0.2440226525068283;0.25005149841308594;-0.13970117270946503;0.7830048203468323;0.24332483112812042;0.6670600771903992
158;6;2;9.808529088979896;0.9999430038893244;0.9669886827468872;0.9607969522476196;0.2440226525068283;0.25005149841308594;0.15863697230815887;0.6581194996833801;0.6574088335037231;0.7280358672142029
158;6;3;7.034420197674981;0.8544177783944562;0.9669886827468872;0.9607969522476196;0.2440226525068283;0.25005149841308594;0.08845087140798569;1.256186604499817;-0.32633188366889954;0.23205246031284332
159;6;1;9.812694867846922;0.9999430038890367;0.9669886827468872;0.9608068466186523;0.24395500123500824;0.2500274181365967;-0.13986964523792267;0.7835943102836609;0.24288837611675262;0.6678780317306519
159;6;2;9.804303192207207;0.9999430038893387;0.9669886827468872;0.9608068466186523;0.24395500123500824;0.2500274181365967;0.1585964560508728;0.6587865352630615;0.6578599214553833;0.7274921536445618
159;6;3;7.028939894598336;0.8533330366911187;0.9669886827468872;0.9608068466186523;0.24395500123500824;0.2500274181365967;0.08795376867055893;1.257192850112915;-0.3263261914253235;0.23204439878463745
160;6;1;9.812695761572307;0.9999430038890509;0.9669886827468872;0.9608018398284912;0.24389199912548065;0.2500036060810089;-0.14004161953926086;0.7841712832450867;0.24247820675373077;0.6686898469924927
160;6;2;9.802059121421632;0.9999430038893351;0.9669886827468872;0.9608018398284912;0.24389199912548065;0.2500036060810089;0.15855485200881958;0.6594468355178833;0.6583127975463867;0.726940929889679
160;6;3;7.027867524475004;0.8532883221995107;0.9669886827468872;0.9608018398284912;0.24389199912548065;0.2500036060810089;0.08746153116226196;1.2581878900527954;-0.3263145089149475;0.2320278435945511
161;6;1;9.81269652127537;0.9999430038890011;0.9669886827468872;0.9608018398284912;0.24383705854415894;0.24998003244400024;-0.14021682739257812;0.7847353219985962;0.2420913726091385;0.6694985032081604
161;6;2;9.802919944094167;0.9999430038893387;0.9669886827468872;0.9608018398284912;0.24383705854415894;0.24998003244400024;0.1585121899843216;0.6601002812385559;0.6587672829627991;0.7263825535774231
161;6;3;7.029927747762281;0.8546074638689714;0.9669886827468872;0.9608018398284912;0.24383705854415894;0.24998003244400024;0.08697383105754852;1.2591712474822998;-0.32629671692848206;0.23200272023677826
162;6;1;9.812697213458378;0.9999430038890651;0.9669886827468872;0.9608166217803955;0.24378851056098938;0.24995656311511993;-0.14039577543735504;0.7852863669395447;0.24172471463680267;0.6703044772148132
162;6;2;9.804521796900978;0.9999430038893244;0.9669886827468872;0.9608166217803955;0.24378851056098938;0.24995656311511993;0.1584700047969818;0.6607464551925659;0.6592280268669128;0.7258095741271973
162;6;3;7.030626098484598;0.8552021288525467;0.9669886827468872;0.9608166217803955;0.24378851056098938;0.24995656311511993;0.08648878335952759;1.2601430416107178;-0.32627391815185547;0.23197047412395477
163;6;1;9.812697775698162;0.9999430038890438;0.9669886827468872;0.9608117341995239;0.24373988807201385;0.24993325769901276;-0.14057843387126923;0.785824716091156;0.24137523770332336;0.6711086630821228
163;6;2;9.803123526162896;0.9999430038893422;0.9669886827468872;0.9608117341995239;0.24373988807201385;0.24993325769901276;0.1584281325340271;0.6613852381706238;0.6596944332122803;0.7252233028411865
163;6;3;7.030929964691465;0.8556712712454697;0.9669886827468872;0.9608117341995239;0.24373988807201385;0.24993325769901276;0.08600491285324097;1.2611032724380493;-0.3262469172477722;0.23193229734897614
164;6;1;9.812698201660893;0.9999430038890225;0.9673912525177002;0.9608067274093628;0.2436874359846115;0.24991187453269958;-0.14076979458332062;0.7863654494285583;0.24108341336250305;0.6718498468399048
164;6;2;9.800967783256013;0.9999430038893244;0.9673912525177002;0.9608067274093628;0.2436874359846115;0.24991187453269958;0.15839149057865143;0.6620153784751892;0.6601616740226746;0.7246318459510803
164;6;3;7.030317785189348;0.85733452876595;0.9673912525177002;0.9608067274093628;0.2436874359846115;0.24991187453269958;0.08552245795726776;1.2620519399642944;-0.326215535402298;0.23188786208629608
165;6;1;9.812698755405357;0.9999430038890793;0.9673912525177002;0.9608116745948792;0.2436322718858719;0.24989140033721924;-0.14096792042255402;0.7869065403938293;0.24084393680095673;0.6725397109985352
165;6;2;9.801735488333271;0.9999430038893351;0.9673912525177002;0.9608116745948792;0.2436322718858719;0.24989140033721924;0.15835945308208466;0.6626378297805786;0.6606298089027405;0.7240340709686279
165;6;3;7.027926547311404;0.8579672331312391;0.9673912525177002;0.9608116745948792;0.2436322718858719;0.24989140033721924;0.08504466712474823;1.2629902362823486;-0.32617756724357605;0.23183417320251465
166;6;1;9.812699285716562;0.9999430038890154;0.9669886827468872;0.9608215689659119;0.24358224868774414;0.24987098574638367;-0.14117076992988586;0.7874462604522705;0.24065199494361877;0.6731891632080078
166;6;2;9.804191222699469;0.9999430038893244;0.9669886827468872;0.9608215689659119;0.24358224868774414;0.24987098574638367;0.15833155810832977;0.6632534265518188;0.6610987186431885;0.7234290242195129
166;6;3;7.0248017671481335;0.8579837013854856;0.9669886827468872;0.9608215689659119;0.24358224868774414;0.24987098574638367;0.08457456529140472;1.263918399810791;-0.32613101601600647;0.2317683845758438
167;6;1;9.812699780294729;0.9999430038890793;0.9669886827468872;0.9608216285705566;0.24354521930217743;0.24985061585903168;-0.14137707650661469;0.787983238697052;0.24050183594226837;0.6738056540489197
167;6;2;9.804122720865344;0.9999430038893244;0.9669886827468872;0.9608216285705566;0.24354521930217743;0.24985061585903168;0.15830737352371216;0.6638627052307129;0.6615685224533081;0.7228167653083801
167;6;3;7.02079242447844;0.8578865330910936;0.9669886827468872;0.9608216285705566;0.24354521930217743;0.24985061585903168;0.08411252498626709;1.2648369073867798;-0.326075941324234;0.23169049620628357
168;6;1;9.812700199401839;0.9999430038890722;0.9669886827468872;0.9608215689659119;0.24352239072322845;0.24983033537864685;-0.14158636331558228;0.788514256477356;0.24038691818714142;0.6743979454040527
168;6;2;9.803014837359449;0.9999430038893315;0.9669886827468872;0.9608215689659119;0.24352239072322845;0.24983033537864685;0.15827342867851257;0.6644679307937622;0.6620244979858398;0.722223162651062
168;6;3;7.0169101857298095;0.8577935237826466;0.9669886827468872;0.9608215689659119;0.24352239072322845;0.24983033537864685;0.0836557149887085;1.265745759010315;-0.32601460814476013;0.2316037267446518
169;6;1;9.812700606774314;0.9999430038890509;0.9669886827468872;0.9608215689659119;0.24351875483989716;0.24981024861335754;-0.14179949462413788;0.7890424728393555;0.24029946327209473;0.6749593615531921
169;6;2;9.806292218783575;0.9999430038893351;0.9669886827468872;0.9608215689659119;0.24351875483989716;0.24981024861335754;0.15824422240257263;0.6650652885437012;0.6624842882156372;0.721621572971344
169;6;3;7.015284888994364;0.8576920067969809;0.9669886827468872;0.9608215689659119;0.24351875483989716;0.24981024861335754;0.08319705724716187;1.2666449546813965;-0.32595211267471313;0.2315153330564499
170;6;1;9.812700946195704;0.9999430038890438;0.9669886827468872;0.9608067274093628;0.24350489675998688;0.24979040026664734;-0.14201591908931732;0.7895647883415222;0.24023397266864777;0.675498366355896
170;6;2;9.805662028515808;0.9999430038893138;0.9669886827468872;0.9608067274093628;0.24350489675998688;0.24979040026664734;0.15820571780204773;0.6656574010848999;0.6629316806793213;0.7210402488708496
170;6;3;7.014672818954171;0.8574008419866406;0.9669886827468872;0.9608067274093628;0.24350489675998688;0.24979040026664734;0.08273415267467499;1.2675343751907349;-0.3258903920650482;0.23142804205417633
171;6;1;9.812701229499972;0.9999430038890296;0.9669886827468872;0.9608067274093628;0.24348753690719604;0.24977073073387146;-0.14223475754261017;0.790080726146698;0.24018609523773193;0.6760197281837463
171;6;2;9.80326758845651;0.9999430038893387;0.9669886827468872;0.9608067274093628;0.24348753690719604;0.24977073073387146;0.1581588238477707;0.666244387626648;0.6633679866790771;0.7204769253730774
171;6;3;7.015050486046519;0.8568937636422618;0.9669886827468872;0.9608067274093628;0.24348753690719604;0.24977073073387146;0.08226709067821503;1.2684146165847778;-0.3258296847343445;0.23134224116802216
172;6;1;9.812701515341274;0.9999430038890438;0.9669886827468872;0.9608116745948792;0.24346642196178436;0.24975129961967468;-0.14245454967021942;0.7905927896499634;0.2401527464389801;0.6765245199203491
172;6;2;9.806951668692772;0.9999430038893387;0.9669886827468872;0.9608116745948792;0.24346642196178436;0.24975129961967468;0.15811799466609955;0.666824221611023;0.6638104915618896;0.7199016809463501
172;6;3;7.01661944632761;0.856107652047509;0.9669886827468872;0.9608116745948792;0.24346642196178436;0.24975129961967468;0.08179797977209091;1.2692861557006836;-0.3257688581943512;0.2312561720609665
173;6;1;9.812701742798524;0.9999430038890083;0.9669886827468872;0.9608116745948792;0.24343416094779968;0.24973224103450775;-0.142673060297966;0.7910956144332886;0.2401324361562729;0.6770296096801758
173;6;2;9.80578398342898;0.9999430038893351;0.9669886827468872;0.9608116745948792;0.24343416094779968;0.24973224103450775;0.15807391703128815;0.6673994064331055;0.6642388105392456;0.7193471789360046
173;6;3;7.01905280017478;0.8548082331006039;0.9669886827468872;0.9608116745948792;0.24343416094779968;0.24973224103450775;0.08133234828710556;1.2701503038406372;-0.3257043659687042;0.23116500675678253
174;6;1;9.812701960708033;0.9999430038890296;0.9669886827468872;0.9608067870140076;0.24341174960136414;0.2497134953737259;-0.1428888887166977;0.7915902137756348;0.24012283980846405;0.6775376200675964
174;6;2;9.803619994548146;0.9999430038893209;0.9669886827468872;0.9608067870140076;0.24341174960136414;0.2497134953737259;0.1580299586057663;0.6679703593254089;0.664662778377533;0.7187964916229248
174;6;3;7.022567939194911;0.85351868202868;0.9669886827468872;0.9608067870140076;0.24341174960136414;0.2497134953737259;0.08087222278118134;1.2710074186325073;-0.3256351351737976;0.23106710612773895
175;6;1;9.812702093183105;0.9999430038890296;0.9669886827468872;0.9607920050621033;0.2434021681547165;0.24969497323036194;-0.14310428500175476;0.7920739054679871;0.24011193215847015;0.6780599355697632
175;6;2;9.801868110541488;0.999943003889328;0.9669886827468872;0.9607920050621033;0.2434021681547165;0.24969497323036194;0.15798617899417877;0.6685366630554199;0.6650828123092651;0.7182496190071106
175;6;3;7.025127378404502;0.852832224952838;0.9669886827468872;0.9607920050621033;0.2434021681547165;0.24969497323036194;0.08041545003652573;1.271857738494873;-0.3255629539489746;0.2309650182723999
176;6;1;9.812702210940856;0.9999430038890651;0.9669886827468872;0.960777223110199;0.24339883029460907;0.24967658519744873;-0.14331954717636108;0.792547345161438;0.24009621143341064;0.6785929799079895
176;6;2;9.804622655876134;0.999943003889328;0.9669886827468872;0.960777223110199;0.24339883029460907;0.24967658519744873;0.1579425185918808;0.6690978407859802;0.6654995083808899;0.717707097530365
176;6;3;7.024494985478299;0.8528637853405332;0.9669886827468872;0.960777223110199;0.24339883029460907;0.24967658519744873;0.07995720952749252;1.2727009057998657;-0.3254913091659546;0.23086370527744293
177;6;1;9.812702297100735;0.9999430038890367;0.9669886827468872;0.9607722163200378;0.2433907687664032;0.24965864419937134;-0.14353489875793457;0.7930076718330383;0.24007312953472137;0.6791412234306335
177;6;2;9.806152676117833;0.9999430038893244;0.9669886827468872;0.9607722163200378;0.2433907687664032;0.24965864419937134;0.15789072215557098;0.6696544289588928;0.6658927202224731;0.7172045111656189
177;6;3;7.024199626839149;0.8535839894916659;0.9669886827468872;0.9607722163200378;0.2433907687664032;0.24965864419937134;0.07949399948120117;1.2735368013381958;-0.32542282342910767;0.23076684772968292
178;6;1;9.8127023300775;0.9999430038890367;0.9669886827468872;0.9607722163200378;0.24337607622146606;0.24964088201522827;-0.14375002682209015;0.7934558391571045;0.24004113674163818;0.6797028183937073
178;6;2;9.803905532618423;0.9999430038893209;0.9669886827468872;0.9607722163200378;0.24337607622146606;0.24964088201522827;0.15783151984214783;0.6702063083648682;0.6662648916244507;0.7167384028434753
178;6;3;7.02523229916534;0.855030410168542;0.9669886827468872;0.9607722163200378;0.24337607622146606;0.24964088201522827;0.07902418076992035;1.2743655443191528;-0.3253588378429413;0.23067636787891388
179;6;1;9.812702260127516;0.9999430038890083;0.9669886827468872;0.960747480392456;0.24335093796253204;0.24962343275547028;-0.14395447075366974;0.793906033039093;0.2399742603302002;0.6802622675895691
179;6;2;9.805429957301957;0.9999430038893173;0.9669886827468872;0.960747480392456;0.24335093796253204;0.24962343275547028;0.1577795445919037;0.6707513332366943;0.666635274887085;0.716275691986084
179;6;3;7.026345347053219;0.8571301481230975;0.9669886827468872;0.960747480392456;0.24335093796253204;0.24962343275547028;0.07854896783828735;1.2751877307891846;-0.3252987265586853;0.2305913120508194
180;6;1;9.812702530544719;0.9999430038890438;0.9669886827468872;0.9607721567153931;0.243308424949646;0.24960629642009735;-0.1441470831632614;0.7943572402000427;0.23987653851509094;0.680825412273407
180;6;2;9.805524183474901;0.9999430038893315;0.9669886827468872;0.9607721567153931;0.243308424949646;0.24960629642009735;0.15773408114910126;0.6712906956672668;0.6670041084289551;0.7158142924308777
180;6;3;7.029729074340635;0.8605281058471519;0.9669886827468872;0.9607721567153931;0.243308424949646;0.24960629642009735;0.07807344198226929;1.2760043144226074;-0.3252393901348114;0.23050743341445923
181;6;1;9.812703114197305;0.9999430038890438;0.9669886827468872;0.9607968330383301;0.2432628571987152;0.249589204788208;-0.1443268358707428;0.7948088049888611;0.23975157737731934;0.6813961267471313
181;6;2;9.803921412536944;0.9999430038893315;0.9669886827468872;0.9607968330383301;0.2432628571987152;0.249589204788208;0.15769456326961517;0.671825647354126;0.6673717498779297;0.7153527736663818
181;6;3;7.034742046827683;0.8642276452574169;0.9669886827468872;0.9607968330383301;0.2432628571987152;0.249589204788208;0.07760155200958252;1.2768160104751587;-0.3251785933971405;0.23042142391204834
182;6;1;9.81270378815212;0.9999430038890367;0.9669886827468872;0.9607771635055542;0.2432263195514679;0.24957221746444702;-0.14449401199817657;0.7952611446380615;0.23960092663764954;0.6819725036621094
182;6;2;9.803613064804523;0.9999430038893173;0.9669886827468872;0.9607771635055542;0.2432263195514679;0.24957221746444702;0.1576603651046753;0.6723561882972717;0.6677381992340088;0.714891254901886
182;6;3;7.0380144211530205;0.8672705613531182;0.9669886827468872;0.9607771635055542;0.2432263195514679;0.24957221746444702;0.07713262736797333;1.2776232957839966;-0.32511717081069946;0.2303345501422882
183;6;1;9.8127045397489;0.9999430038890651;0.9669886827468872;0.960777223110199;0.24319952726364136;0.24955525994300842;-0.14464978873729706;0.7957152128219604;0.23942478001117706;0.6825486421585083
183;6;2;9.80722367895228;0.9999430038893209;0.9669886827468872;0.960777223110199;0.24319952726364136;0.24955525994300842;0.15763090550899506;0.6728818416595459;0.6681038737297058;0.7144312262535095
183;6;3;7.039557467346045;0.8691601803391098;0.9669886827468872;0.960777223110199;0.24319952726364136;0.24955525994300842;0.07666194438934326;1.278425693511963;-0.32505881786346436;0.23025202751159668
184;6;1;9.812705431673024;0.9999430038890154;0.9669886827468872;0.9607821106910706;0.2431730180978775;0.2495383769273758;-0.14479567110538483;0.7961739301681519;0.23922300338745117;0.6831147074699402
184;6;2;9.808512988329742;0.9999430038893315;0.9669886827468872;0.9607821106910706;0.2431730180978775;0.2495383769273758;0.15761178731918335;0.6734005808830261;0.6684791445732117;0.7139565944671631
184;6;3;7.039080858478222;0.8703450254575635;0.9669886827468872;0.9607821106910706;0.2431730180978775;0.2495383769273758;0.0761839747428894;1.2792222499847412;-0.3250075578689575;0.2301795333623886
185;6;1;9.812706496491835;0.9999430038890296;0.9673912525177002;0.9607870578765869;0.2431303709745407;0.24952179193496704;-0.1449412852525711;0.796623170375824;0.23902307450771332;0.6836860775947571
185;6;2;9.808153846450459;0.999943003889328;0.9673912525177002;0.9607870578765869;0.2431303709745407;0.24952179193496704;0.15758760273456573;0.6739151477813721;0.6688453555107117;0.7134996056556702
185;6;3;7.03502440477156;0.8704668700268599;0.9673912525177002;0.9607870578765869;0.2431303709745407;0.24952179193496704;0.07569810003042221;1.280012845993042;-0.32496410608291626;0.23011812567710876
186;6;1;9.812707351175185;0.9999430038890722;0.9677938222885132;0.9607870578765869;0.24308280646800995;0.2495051771402359;-0.1450856775045395;0.7970629930496216;0.23882456123828888;0.6842628121376038
186;6;2;9.806598689799333;0.9999430038893209;0.9677938222885132;0.9607870578765869;0.24308280646800995;0.2495051771402359;0.15755854547023773;0.6744253635406494;0.6692032217979431;0.7130587697029114
186;6;3;7.030606288412294;0.8695789839886174;0.9677938222885132;0.9607870578765869;0.24308280646800995;0.2495051771402359;0.07520526647567749;1.280797004699707;-0.3249277174472809;0.23006661236286163
187;6;1;9.81270795122257;0.9999430038890367;0.9677938222885132;0.9607821106910706;0.24303306639194489;0.2494884431362152;-0.14522822201251984;0.797493040561676;0.23862747848033905;0.6848463416099548
187;6;2;9.805771214874135;0.9999430038893315;0.9677938222885132;0.9607821106910706;0.24303306639194489;0.2494884431362152;0.157524973154068;0.6749311089515686;0.669553279876709;0.7126323580741882
187;6;3;7.028231589354771;0.8690022631516197;0.9677938222885132;0.9607821106910706;0.24303306639194489;0.2494884431362152;0.07470744848251343;1.2815742492675781;-0.32489675283432007;0.2300228774547577
188;6;1;9.812708429716565;0.9999430038890225;0.9677938222885132;0.9607821106910706;0.2429850697517395;0.2494715452194214;-0.14536873996257782;0.7979145050048828;0.23843169212341309;0.6854344010353088
188;6;2;9.806035032043077;0.9999430038893209;0.9677938222885132;0.9607821106910706;0.2429850697517395;0.2494715452194214;0.15749315917491913;0.6754310131072998;0.6699068546295166;0.7122006416320801
188;6;3;7.028256479411722;0.8694661857544244;0.9677938222885132;0.9607821106910706;0.2429850697517395;0.2494715452194214;0.07420595735311508;1.2823439836502075;-0.3248697817325592;0.22998473048210144
189;6;1;9.812708733357987;0.9999430038890296;0.9677938222885132;0.9607821106910706;0.24293552339076996;0.24945469200611115;-0.14549748599529266;0.7983362674713135;0.23821191489696503;0.6860193014144897
189;6;2;9.80648290731586;0.9999430038893209;0.9677938222885132;0.9607821106910706;0.24293552339076996;0.24945469200611115;0.15746267139911652;0.6759251952171326;0.6702630519866943;0.7117637991905212
189;6;3;7.029400187208026;0.8705482318860867;0.9677938222885132;0.9607821106910706;0.24293552339076996;0.24945469200611115;0.07370255887508392;1.2831056118011475;-0.3248448967933655;0.22994953393936157
190;6;1;9.812709060746649;0.9999430038890011;0.9677938222885132;0.9607919454574585;0.24288947880268097;0.2494385540485382;-0.14561589062213898;0.7987523078918457;0.2379755824804306;0.6866064071655273
190;6;2;9.806955884546422;0.9999430038893315;0.9677938222885132;0.9607919454574585;0.24288947880268097;0.2494385540485382;0.15742173790931702;0.676414430141449;0.6705909967422485;0.7113744020462036
190;6;3;7.029500699620828;0.8712174090436413;0.9677938222885132;0.9607919454574585;0.24288947880268097;0.2494385540485382;0.07319744676351547;1.2838584184646606;-0.3248213827610016;0.2299162894487381
191;6;1;9.812709547055562;0.9999430038890438;0.9677938222885132;0.9607919454574585;0.24285262823104858;0.24942292273044586;-0.1457260549068451;0.7991658449172974;0.23772309720516205;0.687187671661377
191;6;2;9.808721237850811;0.9999430038893209;0.9677938222885132;0.9607919454574585;0.24285262823104858;0.24942292273044586;0.15738597512245178;0.6768954992294312;0.6709114909172058;0.7109976410865784
191;6;3;7.0284262932476285;0.8712201551681424;0.9677938222885132;0.9607919454574585;0.24285262823104858;0.24942292273044586;0.0726882666349411;1.2846018075942993;-0.32480043172836304;0.22988665103912354
192;6;1;9.812710353079318;0.9999430038890367;0.9677938222885132;0.9607919454574585;0.24280346930027008;0.2494073212146759;-0.14582841098308563;0.7995761036872864;0.2374565601348877;0.6877651214599609
192;6;2;9.808812296585629;0.9999430038893209;0.9677938222885132;0.9607919454574585;0.24280346930027008;0.2494073212146759;0.1573547124862671;0.6773689389228821;0.6712249517440796;0.7106321454048157
192;6;3;7.027165112204305;0.870827164418424;0.9677938222885132;0.9607919454574585;0.24280346930027008;0.2494073212146759;0.07217651605606079;1.2853362560272217;-0.32478079199790955;0.22985883057117462
193;6;1;9.812711206752304;0.9999430038890509;0.9677938222885132;0.9607919454574585;0.24274592101573944;0.24939166009426117;-0.14592242240905762;0.799982488155365;0.23717904090881348;0.6883429884910583
193;6;2;9.808520522923374;0.999943003889328;0.9677938222885132;0.9607919454574585;0.24274592101573944;0.24939166009426117;0.15732736885547638;0.677836000919342;0.6715320348739624;0.7102755904197693
193;6;3;7.027946123435422;0.8702216690249038;0.9677938222885132;0.9607919454574585;0.24274592101573944;0.24939166009426117;0.07166622579097748;1.2860625982284546;-0.3247597813606262;0.22982916235923767
194;6;1;9.812712340233638;0.9999430038890509;0.9677938222885132;0.9607870578765869;0.2426905781030655;0.24937602877616882;-0.1460077166557312;0.8003849983215332;0.2368931621313095;0.6889237761497498
194;6;2;9.80780781029793;0.999943003889328;0.9677938222885132;0.9607870578765869;0.2426905781030655;0.24937602877616882;0.15730363130569458;0.6782976388931274;0.6718334555625916;0.7099264860153198
194;6;3;7.03014619799637;0.8694497142542001;0.9677938222885132;0.9607870578765869;0.2426905781030655;0.24937602877616882;0.07116012275218964;1.2867822647094727;-0.32473570108413696;0.22979511320590973
195;6;1;9.812713544304735;0.999943003889058;0.9677938222885132;0.9607821106910706;0.24264541268348694;0.24936042726039886;-0.14609380066394806;0.8007714152336121;0.2366255521774292;0.6895224452018738
195;6;2;9.805665194480113;0.9999430038893244;0.9677938222885132;0.9607821106910706;0.24264541268348694;0.24936042726039886;0.15726789832115173;0.6787576079368591;0.6721111536026001;0.7096156477928162
195;6;3;7.02971815455229;0.8683510918534392;0.9677938222885132;0.9607821106910706;0.24264541268348694;0.24936042726039886;0.07065751403570175;1.2874958515167236;-0.32470938563346863;0.2297578603029251
196;6;1;9.812714515475221;0.9999430038890367;0.9677938222885132;0.9607870578765869;0.24262173473834991;0.249345064163208;-0.14618216454982758;0.8011487722396851;0.23637214303016663;0.6901229619979858
196;6;2;9.804403075295308;0.9999430038893529;0.9677938222885132;0.9607870578765869;0.24262173473834991;0.249345064163208;0.15723645687103271;0.679212212562561;0.6723860502243042;0.7093092799186707
196;6;3;7.0284897888666205;0.8673351289701721;0.9677938222885132;0.9607870578765869;0.24262173473834991;0.249345064163208;0.07015186548233032;1.2882037162780762;-0.32468533515930176;0.22972388565540314
197;6;1;9.812715347282037;0.9999430038890509;0.9677938222885132;0.9607920050621033;0.24258913099765778;0.24932977557182312;-0.14627256989479065;0.8015156984329224;0.23613110184669495;0.6907281279563904
197;6;2;9.804868735179475;0.9999430038893315;0.9677938222885132;0.9607920050621033;0.24258913099765778;0.24932977557182312;0.15719367563724518;0.6796650290489197;0.6726398468017578;0.7090396285057068
197;6;3;7.028300711542997;0.8667018211661297;0.9677938222885132;0.9607920050621033;0.24258913099765778;0.24932977557182312;0.0696406364440918;1.2889065742492676;-0.32466545701026917;0.22969576716423035
198;6;1;9.812716087411218;0.9999430038890438;0.9677938222885132;0.9607968926429749;0.24255627393722534;0.24931445717811584;-0.14636549353599548;0.801878035068512;0.23590050637722015;0.6913279294967651
198;6;2;9.805882199921538;0.999943003889328;0.9677938222885132;0.9607968926429749;0.24255627393722534;0.24931445717811584;0.1571558713912964;0.6801132559776306;0.6728935241699219;0.7087713479995728
198;6;3;7.029497394338561;0.8669886285839059;0.9677938222885132;0.9607968926429749;0.24255627393722534;0.24931445717811584;0.06912249326705933;1.2896053791046143;-0.3246506452560425;0.2296748161315918
199;6;1;9.812716749339408;0.9999430038890225;0.9677938222885132;0.9608018398284912;0.24250449240207672;0.24929915368556976;-0.1464594304561615;0.8022361993789673;0.2356812059879303;0.6919268369674683
199;6;2;9.80671290306001;0.9999430038893244;0.9677938222885132;0.9608018398284912;0.24250449240207672;0.24929915368556976;0.15712258219718933;0.680558443069458;0.6731470823287964;0.708503007888794
199;6;3;7.029558595872729;0.8678811550658914;0.9677938222885132;0.9608018398284912;0.24250449240207672;0.24929915368556976;0.06860246509313583;1.2903014421463013;-0.3246374726295471;0.2296561598777771
0;7;1;9.812728991537107;0.9999430038830965;0.9400160908699036;0.9590189456939697;0.7379199266433716;0.7163181304931641;0.07155262678861618;0.5018811821937561;0.20543260872364044;0.3849793076515198
0;7;2;6.9984348958269145;0.7424598933334998;0.9400160908699036;0.9590189456939697;0.7379199266433716;0.7163181304931641;-0.015956956893205643;0.2055337131023407;-0.005093783605843782;0.4182896614074707
0;7;3;1.643851484057187;0.5197744290408632;0.9400160908699036;0.9590189456939697;0.7379199266433716;0.7163181304931641;0.07850334048271179;0.3422173857688904;0.04972714185714722;0.6194643974304199
1;7;1;9.812729015576437;0.9999430038833168;0.9412238597869873;0.9591177105903625;0.7342715859413147;0.7135488986968994;0.07157938927412033;0.5021531581878662;0.20559179782867432;0.38451558351516724
1;7;2;7.010765627804048;0.7394362466274558;0.9412238597869873;0.9591177105903625;0.7342715859413147;0.7135488986968994;-0.015512731857597828;0.20581816136837006;-0.004088027868419886;0.41966545581817627
1;7;3;1.819121868901977;0.5384822899836923;0.9412238597869873;0.9591177105903625;0.7342715859413147;0.7135488986968994;0.0750158354640007;0.3444094657897949;0.03397509455680847;0.5971876382827759
2;7;1;9.812729218298855;0.9999430038836721;0.9404186010360718;0.9590659141540527;0.7276694178581238;0.7085890173912048;0.07162760943174362;0.5025849938392639;0.20585985481739044;0.38379761576652527
2;7;2;7.03906650157975;0.7361284239397179;0.9404186010360718;0.9590659141540527;0.7276694178581238;0.7085890173912048;-0.014837954193353653;0.20629169046878815;-0.002572072669863701;0.421750545501709
2;7;3;2.113925256461121;0.563856509930865;0.9404186010360718;0.9590659141540527;0.7276694178581238;0.7085890173912048;0.07008354365825653;0.3478458821773529;0.012377575039863586;0.5666441321372986
3;7;1;9.812729486243867;0.9999430038841979;0.9396135210990906;0.958747386932373;0.7189688682556152;0.7021641731262207;0.07170923799276352;0.5032131671905518;0.20627932250499725;0.382793128490448
3;7;2;7.0899422341000395;0.7440363581410985;0.9396135210990906;0.958747386932373;0.7189688682556152;0.7021641731262207;-0.013923798687756062;0.2070239931344986;-0.00054169911891222;0.42455750703811646
3;7;3;2.471818475184971;0.589984992650173;0.9396135210990906;0.958747386932373;0.7189688682556152;0.7021641731262207;0.06389715522527695;0.35269683599472046;-0.013502851128578186;0.5300436615943909
4;7;1;9.812729915461233;0.9999430038848018;0.9388083815574646;0.9580361843109131;0.7090528011322021;0.6950188875198364;0.07184498757123947;0.5040861368179321;0.20691664516925812;0.3814685344696045
4;7;2;7.139352252794058;0.7448246395428555;0.9388083815574646;0.9580361843109131;0.7090528011322021;0.6950188875198364;-0.012775424867868423;0.20811893045902252;0.0019678371027112007;0.42803847789764404
4;7;3;2.854412553757335;0.6142490565877043;0.9388083815574646;0.9580361843109131;0.7090528011322021;0.6950188875198364;0.056638579815626144;0.359125018119812;-0.04202428460121155;0.48970827460289
5;7;1;9.81273045993251;0.9999430038856616;0.9371980428695679;0.9555915594100952;0.6987180709838867;0.6878011226654053;0.07206658273935318;0.5052664875984192;0.20786240696907043;0.37979114055633545
5;7;2;7.174339771477619;0.7173383705358987;0.9371980428695679;0.9555915594100952;0.6987180709838867;0.6878011226654053;-0.011419677175581455;0.20972014963626862;0.004869294818490744;0.4320429265499115
5;7;3;3.240047495447353;0.6284313954578042;0.9371980428695679;0.9555915594100952;0.6987180709838867;0.6878011226654053;0.04847943037748337;0.3672507703304291;-0.07152516394853592;0.44798776507377625
6;7;1;9.812731127228702;0.9999430038865;0.9367954730987549;0.9522406458854675;0.688579261302948;0.6809663772583008;0.07241310179233551;0.5068311095237732;0.2092266082763672;0.3777415156364441
6;7;2;7.263238662705419;0.7042267416277035;0.9367954730987549;0.9522406458854675;0.688579261302948;0.6809663772583008;-0.009915259666740894;0.21201515197753906;0.007997754029929638;0.4362877607345581
6;7;3;3.619878733400423;0.6258225356072149;0.9367954730987549;0.9522406458854675;0.688579261302948;0.6809663772583008;0.039578963071107864;0.3771319091320038;-0.10038389265537262;0.40717530250549316
7;7;1;9.812732080952152;0.9999430038873385;0.9319645762443542;0.9471069574356079;0.6789930462837219;0.6747002601623535;0.07294126600027084;0.5088671445846558;0.21116013824939728;0.3753115236759186
7;7;2;7.410249555203372;0.7074197945523935;0.9319645762443542;0.9471069574356079;0.6789930462837219;0.6747002601623535;-0.008365534245967865;0.21523678302764893;0.011072373948991299;0.44034767150878906
7;7;3;4.003910607942466;0.6145320280167521;0.9319645762443542;0.9471069574356079;0.6789930462837219;0.6747002601623535;0.030079800635576248;0.38876110315322876;-0.12707969546318054;0.36942175030708313
8;7;1;9.812773442141662;0.9999430038880419;0.9271336793899536;0.940642237663269;0.6699965000152588;0.668847382068634;0.0737236961722374;0.5114794969558716;0.21383722126483917;0.3725021481513977
8;7;2;7.572637627507646;0.6997456526923536;0.9271336793899536;0.940642237663269;0.6699965000152588;0.668847382068634;-0.006908392067998648;0.21966475248336792;0.013736063614487648;0.44366422295570374
8;7;3;4.399816063696214;0.6004879484540808;0.9271336793899536;0.940642237663269;0.6699965000152588;0.668847382068634;0.02009875699877739;0.4020834267139435;-0.1502549648284912;0.3366469740867615
9;7;1;9.812775205573388;0.9999430038885606;0.9186795353889465;0.9323058128356934;0.661262571811676;0.6628717184066772;0.07484752684831619;0.5147997736930847;0.2174554169178009;0.3693084418773651
9;7;2;7.77766351653252;0.7102076262376649;0.9186795353889465;0.9323058128356934;0.661262571811676;0.6628717184066772;-0.005712361540645361;0.22562377154827118;0.015570418909192085;0.4455837607383728
9;7;3;4.803950316375589;0.585833466806637;0.9186795353889465;0.9323058128356934;0.661262571811676;0.6628717184066772;0.009712636470794678;0.4170348048210144;-0.1687786728143692;0.3104504942893982
10;7;1;9.812777270674104;0.9999430038888875;0.911433219909668;0.9231593608856201;0.6520909070968628;0.6558324098587036;0.07641606777906418;0.5189816355705261;0.22224031388759613;0.36574655771255493
10;7;2;7.938573760509836;0.6854812446938041;0.911433219909668;0.9231593608856201;0.6520909070968628;0.6558324098587036;-0.00496563920751214;0.2334802895784378;0.016124051064252853;0.4454212486743927
10;7;3;5.193450098533722;0.568233273339322;0.911433219909668;0.9231593608856201;0.6520909070968628;0.6558324098587036;-0.0010605951538309455;0.43359941244125366;-0.18180879950523376;0.2920231223106384
11;7;1;9.812779902774153;0.9999430038889727;0.9045893549919128;0.9141759276390076;0.6414225101470947;0.6464293003082275;0.07854627072811127;0.5242149829864502;0.2284344732761383;0.3618443012237549
11;7;2;8.116560932634052;0.7044270705643818;0.9045893549919128;0.9141759276390076;0.6414225101470947;0.6464293003082275;-0.004850608296692371;0.24363544583320618;0.01499360240995884;0.4425438344478607
11;7;3;5.582132224730788;0.5615697003188185;0.9045893549919128;0.9141759276390076;0.6414225101470947;0.6464293003082275;-0.012281964533030987;0.4518755376338959;-0.18885092437267303;0.2820640504360199
12;7;1;9.812783216545697;0.999943003889058;0.8945250511169434;0.9059925675392151;0.6281744837760925;0.6333653330802917;0.08118322491645813;0.5306190848350525;0.2361317127943039;0.357732892036438
12;7;2;8.218780095619923;0.7217616359411707;0.8945250511169434;0.9059925675392151;0.6281744837760925;0.6333653330802917;-0.0051879012025892735;0.25627920031547546;0.01240540575236082;0.43722495436668396
12;7;3;5.882361567988074;0.5565816019034315;0.8945250511169434;0.9059925675392151;0.6281744837760925;0.6333653330802917;-0.024094631895422935;0.4721176326274872;-0.18980225920677185;0.2807186543941498
13;7;1;9.812787641704055;0.9999430038890438;0.8900966644287109;0.9004810452461243;0.6136829853057861;0.6186407208442688;0.08368184417486191;0.5379036068916321;0.24472351372241974;0.3539546728134155
13;7;2;7.6689855080230025;0.7582887156810934;0.8900966644287109;0.9004810452461243;0.6136829853057861;0.6186407208442688;-0.004787926096469164;0.27073654532432556;0.010461641475558281;0.43256160616874695
13;7;3;5.78237149472243;0.5748546872109213;0.8900966644287109;0.9004810452461243;0.6136829853057861;0.6186407208442688;-0.03659318387508392;0.4945313334465027;-0.18481966853141785;0.28776511549949646
14;7;1;9.812792520432083;0.9999430038890367;0.8921094536781311;0.8985154628753662;0.599808394908905;0.6039610505104065;0.08578307926654816;0.5459237098693848;0.2537313401699066;0.35095295310020447
14;7;2;7.348696446621894;0.7741921947320982;0.8921094536781311;0.8985154628753662;0.599808394908905;0.6039610505104065;-0.003154969308525324;0.28652888536453247;0.010284683667123318;0.430105596780777
14;7;3;5.713581943669174;0.5757208716210798;0.8921094536781311;0.8985154628753662;0.599808394908905;0.6039610505104065;-0.049736957997083664;0.5190905928611755;-0.1740492433309555;0.30299678444862366
15;7;1;9.812797279835372;0.9999430038890793;0.8888888955116272;0.8979005813598633;0.5836541056632996;0.5875218510627747;0.08740555495023727;0.5546199083328247;0.262805700302124;0.34913015365600586
15;7;2;7.2691015308108184;0.785145100179637;0.8888888955116272;0.8979005813598633;0.5836541056632996;0.5875218510627747;-0.0001247445761691779;0.3033496141433716;0.012423130683600903;0.4303559958934784
15;7;3;5.749204365332961;0.571441035246794;0.8888888955116272;0.8979005813598633;0.5836541056632996;0.5875218510627747;-0.06340786814689636;0.5456115007400513;-0.15756580233573914;0.32630789279937744
16;7;1;9.812801479950792;0.9999430038890367;0.8904991745948792;0.8990586996078491;0.5647333264350891;0.5685493350028992;0.0886087641119957;0.5639938712120056;0.2718693017959595;0.3487911522388458
16;7;2;7.306185093533458;0.7836941472352805;0.8904991745948792;0.8990586996078491;0.5647333264350891;0.5685493350028992;0.0041450620628893375;0.3210669755935669;0.016577061265707016;0.43270620703697205
16;7;3;5.8105316005566205;0.5838048260257089;0.8904991745948792;0.8990586996078491;0.5647333264350891;0.5685493350028992;-0.07741808146238327;0.5737666487693787;-0.13535520434379578;0.35771840810775757
17;7;1;9.812804599298005;0.9999430038890296;0.8957327008247375;0.9022688269615173;0.5439319014549255;0.5475336909294128;0.08946492522954941;0.5739526748657227;0.28071537613868713;0.3502526581287384
17;7;2;7.415777444130384;0.7839740138048263;0.8957327008247375;0.9022688269615173;0.5439319014549255;0.5475336909294128;0.009525077417492867;0.33942994475364685;0.022573988884687424;0.43661653995513916
17;7;3;5.898488386052964;0.5912366520663443;0.8957327008247375;0.9022688269615173;0.5439319014549255;0.5475336909294128;-0.09149857610464096;0.603058934211731;-0.10735563188791275;0.3973158299922943
18;7;1;9.812806195377753;0.999943003889058;0.8997583985328674;0.9082297682762146;0.5217686891555786;0.52534419298172;0.08999843150377274;0.5843310952186584;0.28895390033721924;0.3537684381008148
18;7;2;7.637100168019423;0.8023321773261607;0.8997583985328674;0.9082297682762146;0.5217686891555786;0.52534419298172;0.015893694013357162;0.3580600321292877;0.030293207615613937;0.4415937662124634
18;7;3;6.06505481115104;0.627568010263726;0.8997583985328674;0.9082297682762146;0.5217686891555786;0.52534419298172;-0.10528790950775146;0.6328259110450745;-0.07352029532194138;0.4451661705970764
19;7;1;9.81280551858174;0.9999430038890296;0.9037842154502869;0.9148969650268555;0.49906858801841736;0.5027047991752625;0.09027552604675293;0.5949385762214661;0.2963230013847351;0.3593743145465851
19;7;2;8.017694032912239;0.8331510038878704;0.9037842154502869;0.9148969650268555;0.49906858801841736;0.5027047991752625;0.02302325703203678;0.37658941745758057;0.03929852694272995;0.44669458270072937
19;7;3;6.244031075545422;0.6562804013174564;0.9037842154502869;0.9148969650268555;0.49906858801841736;0.5027047991752625;-0.1183466911315918;0.662301242351532;-0.03390561044216156;0.5011898279190063
20;7;1;9.812801856114959;0.9999430038890367;0.9134460687637329;0.9216728210449219;0.4767823815345764;0.48032864928245544;0.09029257297515869;0.6055556535720825;0.3023928999900818;0.36694663763046265
20;7;2;8.385330113713913;0.8705770874670122;0.9134460687637329;0.9216728210449219;0.4767823815345764;0.48032864928245544;0.03072657436132431;0.3945792615413666;0.04928547143936157;0.4513486325740814
20;7;3;6.456519641245887;0.6842704235514994;0.9134460687637329;0.9216728210449219;0.4767823815345764;0.48032864928245544;-0.13019686937332153;0.690723180770874;0.011219963431358337;0.5650069713592529
21;7;1;9.812794833173228;0.9999430038890438;0.9219001531600952;0.92545086145401;0.45477545261383057;0.4582750201225281;0.09015501290559769;0.6159237623214722;0.3068419098854065;0.37628066539764404
21;7;2;8.761030288515382;0.9059052103209311;0.9219001531600952;0.92545086145401;0.45477545261383057;0.4582750201225281;0.038796935230493546;0.4116446375846863;0.05990040302276611;0.45524972677230835
21;7;3;6.565157431150764;0.6991475351604546;0.9219001531600952;0.92545086145401;0.45477545261383057;0.4582750201225281;-0.14037705957889557;0.7174663543701172;0.0613141804933548;0.6358509659767151
22;7;1;9.812783805899429;0.9999430038890225;0.9279388189315796;0.9304784536361694;0.4330803453922272;0.43665167689323425;0.08993365615606308;0.6258541345596313;0.30949583649635315;0.3870958387851715
22;7;2;9.028488485942901;0.9451860645365997;0.9279388189315796;0.9304784536361694;0.4330803453922272;0.43665167689323425;0.047017280012369156;0.42753490805625916;0.07077103853225708;0.4582598805427551
22;7;3;6.621454291004637;0.7214866075502986;0.9279388189315796;0.9304784536361694;0.4330803453922272;0.43665167689323425;-0.14851801097393036;0.7421243190765381;0.11554105579853058;0.7125393152236938
23;7;1;9.81276333143171;0.9999430038890011;0.931964635848999;0.9345973134040833;0.4122830033302307;0.41526052355766296;0.08976979553699493;0.635139524936676;0.3103913962841034;0.39921289682388306
23;7;2;9.244218829937562;0.9554987486565487;0.931964635848999;0.9345973134040833;0.4122830033302307;0.41526052355766296;0.05527113750576973;0.44209474325180054;0.0817771777510643;0.4607844054698944
23;7;3;6.6622519451915;0.7457071948914713;0.931964635848999;0.9345973134040833;0.4122830033302307;0.41526052355766296;-0.15439435839653015;0.7645677924156189;0.17278523743152618;0.7934948801994324
24;7;1;9.812741250243036;0.9999430038890722;0.9367954730987549;0.9383803606033325;0.3932915925979614;0.3942033648490906;0.08976811170578003;0.6437698006629944;0.30974647402763367;0.41239261627197266
24;7;2;9.231103043604097;0.9471354340847462;0.9367954730987549;0.9383803606033325;0.3932915925979614;0.3942033648490906;0.06331925839185715;0.45540452003479004;0.09255260229110718;0.4631015956401825
24;7;3;6.647596077317784;0.7677299809471556;0.9367954730987549;0.9383803606033325;0.3932915925979614;0.3942033648490906;-0.15797695517539978;0.7849366068840027;0.2317187637090683;0.8768393993377686
25;7;1;9.81271790706294;0.9999430038890296;0.9412238597869873;0.9415065050125122;0.3755694031715393;0.3741123080253601;0.09002659469842911;0.6517719626426697;0.30792438983917236;0.42653337121009827
25;7;2;9.243804626978577;0.9551772845333808;0.9412238597869873;0.9415065050125122;0.3755694031715393;0.3741123080253601;0.0710706040263176;0.467627614736557;0.10302519798278809;0.46576952934265137
25;7;3;6.5980045289488665;0.7526280356490158;0.9412238597869873;0.9415065050125122;0.3755694031715393;0.3741123080253601;-0.15946757793426514;0.8035861253738403;0.2908858060836792;0.9605141878128052
26;7;1;9.81269195020073;0.999943003889058;0.9432367086410522;0.9446573257446289;0.3593829274177551;0.35567837953567505;0.09065123647451401;0.6592574715614319;0.3054703176021576;0.44145169854164124
26;7;2;9.250842628221637;0.9487052986853612;0.9432367086410522;0.9446573257446289;0.3593829274177551;0.35567837953567505;0.0785190686583519;0.4790048897266388;0.11325892806053162;0.46927496790885925
26;7;3;6.591480352517552;0.7820939485395595;0.9432367086410522;0.9446573257446289;0.3593829274177551;0.35567837953567505;-0.1592717319726944;0.8209940791130066;0.3488096594810486;1.0424308776855469
27;7;1;9.812664554478019;0.9999430038890296;0.9464573860168457;0.9473687410354614;0.3459705412387848;0.34013113379478455;0.09176360815763474;0.666415810585022;0.3029290735721588;0.45672470331192017
27;7;2;9.229417568049278;0.9415137852476718;0.9464573860168457;0.9473687410354614;0.3459705412387848;0.34013113379478455;0.08572772890329361;0.4897601306438446;0.12345796823501587;0.4740413427352905
27;7;3;6.623545543043836;0.7785044200418909;0.9464573860168457;0.9473687410354614;0.3459705412387848;0.34013113379478455;-0.1579301506280899;0.8376357555389404;0.40411823987960815;1.120648980140686
28;7;1;9.812637573045563;0.999943003888994;0.9500805139541626;0.9493441581726074;0.3365823030471802;0.3282324969768524;0.09340870380401611;0.6735342144966125;0.3006790578365326;0.4716234803199768
28;7;2;9.250594387305274;0.9461376218995525;0.9500805139541626;0.9493441581726074;0.3365823030471802;0.3282324969768524;0.09281314164400101;0.5000477433204651;0.13388773798942566;0.48030799627304077
28;7;3;6.627401320626944;0.79119557090692;0.9500805139541626;0.9493441581726074;0.3365823030471802;0.3282324969768524;-0.156040221452713;0.8538798093795776;0.45565730333328247;1.1935362815856934
29;7;1;9.812613718991017;0.9999430038890154;0.9520934224128723;0.9508949518203735;0.3307218849658966;0.32008078694343567;0.09552650898694992;0.6808694005012512;0.2989059090614319;0.48546600341796875
29;7;2;9.288118697576156;0.950441254713219;0.9520934224128723;0.9508949518203735;0.3307218849658966;0.32008078694343567;0.09986261278390884;0.5099428296089172;0.14470329880714417;0.4879845678806305
29;7;3;6.638006508063299;0.8053954994996726;0.9520934224128723;0.9508949518203735;0.3307218849658966;0.32008078694343567;-0.15415310859680176;0.8699042797088623;0.5026016235351562;1.2599256038665771
30;7;1;9.812220951945847;0.9999430038890083;0.9520933628082275;0.9517590999603271;0.3261962831020355;0.3150140345096588;0.0981631726026535;0.6884870529174805;0.29781830310821533;0.4976337254047394
30;7;2;9.30861607878111;0.9565250948424193;0.9520933628082275;0.9517590999603271;0.3261962831020355;0.3150140345096588;0.10695452243089676;0.5193811058998108;0.15605692565441132;0.49687719345092773
30;7;3;6.622012057558848;0.7864013443036857;0.9520933628082275;0.9517590999603271;0.3261962831020355;0.3150140345096588;-0.15266624093055725;0.8856568932533264;0.5445413589477539;1.3192373514175415
31;7;1;9.812196687794803;0.9999430038890296;0.9537036418914795;0.9515764117240906;0.32036465406417847;0.3114127814769745;0.10128593444824219;0.6962418556213379;0.2975025773048401;0.5078673958778381
31;7;2;9.352942768770902;0.9676162555959564;0.9537036418914795;0.9515764117240906;0.32036465406417847;0.3114127814769745;0.1140754222869873;0.5281988978385925;0.1679805964231491;0.5066943168640137
31;7;3;6.669990906590755;0.8142256396966587;0.9537036418914795;0.9515764117240906;0.32036465406417847;0.3114127814769745;-0.15172609686851501;0.900875449180603;0.5815609693527222;1.3715909719467163
32;7;1;9.812079418571159;0.9999430038890438;0.955716609954834;0.9510183930397034;0.3137134313583374;0.3087834417819977;0.1047646775841713;0.7037253379821777;0.29778656363487244;0.5165237188339233
32;7;2;9.372927350562023;0.9734941002871587;0.955716609954834;0.9510183930397034;0.3137134313583374;0.3087834417819977;0.12112462520599365;0.5361539125442505;0.18027812242507935;0.517041802406311
32;7;3;6.627825708608157;0.8163743421160028;0.955716609954834;0.9510183930397034;0.3137134313583374;0.3087834417819977;-0.15116921067237854;0.915107250213623;0.6142207384109497;1.4177788496017456
33;7;1;9.812091382559494;0.9999430038890367;0.9561191201210022;0.9499515891075134;0.3064197599887848;0.3076898157596588;0.10839235782623291;0.710381269454956;0.2984703481197357;0.5239641070365906
33;7;2;9.393703523149906;0.9830795939594701;0.9561191201210022;0.9499515891075134;0.3064197599887848;0.3076898157596588;0.12792974710464478;0.5429219603538513;0.19268834590911865;0.5275771617889404
33;7;3;6.573479609616411;0.795947428485368;0.9561191201210022;0.9499515891075134;0.3064197599887848;0.3076898157596588;-0.1505558341741562;0.9277588725090027;0.6434106230735779;1.4590595960617065
34;7;1;9.812111172939439;0.9999430038890154;0.954911470413208;0.9485983848571777;0.30088362097740173;0.30858975648880005;0.11185818910598755;0.7156743407249451;0.2990783154964447;0.530742347240448
34;7;2;9.408247635094312;0.9821137005144465;0.954911470413208;0.9485983848571777;0.30088362097740173;0.30858975648880005;0.1341763138771057;0.5482542514801025;0.20456543564796448;0.5376678705215454
34;7;3;6.531166213891671;0.8113355730750058;0.954911470413208;0.9485983848571777;0.30088362097740173;0.30858975648880005;-0.14929910004138947;0.938197910785675;0.6701174378395081;1.4968287944793701
35;7;1;9.811812123810029;0.9999430038890367;0.954911470413208;0.9480354189872742;0.2964126467704773;0.310430645942688;0.1149446964263916;0.7192939519882202;0.2991645336151123;0.5371424555778503
35;7;2;9.441279380194029;0.9864115427582121;0.954911470413208;0.9480354189872742;0.2964126467704773;0.310430645942688;0.13958655297756195;0.5520171523094177;0.2152990996837616;0.5467333197593689
35;7;3;6.473511392466609;0.8233376765736029;0.954911470413208;0.9480354189872742;0.2964126467704773;0.310430645942688;-0.14693251252174377;0.9459618926048279;0.6950787305831909;1.5321292877197266
36;7;1;9.81183587164604;0.9999430038890083;0.956119179725647;0.948134183883667;0.2935498356819153;0.30996230244636536;0.11762062460184097;0.721259593963623;0.29859980940818787;0.5431414246559143
36;7;2;9.45204243910931;0.9787939729083881;0.956119179725647;0.948134183883667;0.2935498356819153;0.30996230244636536;0.14412492513656616;0.5542256236076355;0.22476260364055634;0.5546650290489197
36;7;3;6.3987131480212245;0.8241437884797325;0.956119179725647;0.948134183883667;0.2935498356819153;0.30996230244636536;-0.14338846504688263;0.950998067855835;0.7185239791870117;1.5652859210968018
37;7;1;9.811857152378728;0.9999430038890154;0.956119179725647;0.9491663575172424;0.29182112216949463;0.3063088655471802;0.12001650780439377;0.7218860983848572;0.29750749468803406;0.5486399531364441
37;7;2;9.473152145680821;0.9793896746972166;0.956119179725647;0.9491663575172424;0.29182112216949463;0.3063088655471802;0.14797034859657288;0.5550699234008789;0.2332221269607544;0.5617313981056213
37;7;3;6.382875718112604;0.8120096761977411;0.956119179725647;0.9491663575172424;0.29182112216949463;0.3063088655471802;-0.1390625685453415;0.9536697268486023;0.7401853203773499;1.5959197282791138
38;7;1;9.81188628541397;0.9999430038890367;0.9577294588088989;0.9508553743362427;0.292094886302948;0.30204275250434875;0.12235629558563232;0.7215644717216492;0.29613304138183594;0.5535271167755127
38;7;2;9.484760107542424;0.9905252265568372;0.9577294588088989;0.9508553743362427;0.292094886302948;0.30204275250434875;0.1514226645231247;0.554800808429718;0.2411605417728424;0.5683775544166565
38;7;3;6.352095899996286;0.806469400206236;0.9577294588088989;0.9508553743362427;0.292094886302948;0.30204275250434875;-0.13463155925273895;0.9545230865478516;0.7595387101173401;1.6232895851135254
39;7;1;9.811929186478537;0.9999430038890296;0.95652174949646;0.9524160027503967;0.29419511556625366;0.2994047701358795;0.12483856827020645;0.720574676990509;0.29475775361061096;0.5577189922332764
39;7;2;9.53089582516289;0.9835454634904721;0.95652174949646;0.9524160027503967;0.29419511556625366;0.2994047701358795;0.15475115180015564;0.5536348819732666;0.24900057911872864;0.5749687552452087
39;7;3;6.363787614124471;0.8341406421102384;0.95652174949646;0.9524160027503967;0.29419511556625366;0.2994047701358795;-0.1307525634765625;0.9540329575538635;0.7761270403862;1.6467490196228027
40;7;1;9.811983825317775;0.9999430038890296;0.9589372277259827;0.9530629515647888;0.29572656750679016;0.2979096472263336;0.1275699883699417;0.7189722657203674;0.2935372292995453;0.5613919496536255
40;7;2;9.520689133661932;0.9923934078834229;0.9589372277259827;0.9530629515647888;0.29572656750679016;0.2979096472263336;0.15814298391342163;0.551690399646759;0.25704285502433777;0.5817798376083374
40;7;3;6.363631849179015;0.8272993030315021;0.9589372277259827;0.9530629515647888;0.29572656750679016;0.2979096472263336;-0.12781929969787598;0.9524908661842346;0.7897970080375671;1.6660813093185425
41;7;1;9.812043548466292;0.9999430038890225;0.9581320285797119;0.9538087248802185;0.2937873303890228;0.2956303060054779;0.13052140176296234;0.7167180776596069;0.2923501133918762;0.5650129914283752
41;7;2;9.531349765946096;0.9942279633743105;0.9581320285797119;0.9538087248802185;0.2937873303890228;0.2956303060054779;0.16159676015377045;0.5490731000900269;0.2652151584625244;0.5887959599494934
41;7;3;6.40196407754795;0.8279776719314391;0.9581320285797119;0.9538087248802185;0.2937873303890228;0.2956303060054779;-0.12583725154399872;0.9500063061714172;0.8008002638816833;1.6816422939300537
42;7;1;9.812100836343689;0.9999430038890154;0.9585345983505249;0.9542284607887268;0.287958025932312;0.29195982217788696;0.1336161345243454;0.7137013673782349;0.2910406291484833;0.5690481066703796
42;7;2;9.551030558611675;0.989878937269772;0.9585345983505249;0.9542284607887268;0.287958025932312;0.29195982217788696;0.1650213748216629;0.5458307862281799;0.2733045518398285;0.5958848595619202
42;7;3;6.391021145646118;0.8200867968631762;0.9585345983505249;0.9542284607887268;0.287958025932312;0.29195982217788696;-0.12445440143346786;0.9465506672859192;0.8097297549247742;1.6942704916000366
43;7;1;9.812152558276843;0.9999430038890438;0.9585345983505249;0.9546384215354919;0.27995795011520386;0.2875683903694153;0.13674040138721466;0.7098785638809204;0.2893616259098053;0.5737212300300598
43;7;2;9.581129657402652;0.9927937439850432;0.9585345983505249;0.9546384215354919;0.27995795011520386;0.2875683903694153;0.16825024783611298;0.5419970154762268;0.28098273277282715;0.6027454137802124
43;7;3;6.439932644853524;0.8309525998506011;0.9585345983505249;0.9546384215354919;0.27995795011520386;0.2875683903694153;-0.12308058142662048;0.9420170783996582;0.8173804879188538;1.7050901651382446
44;7;1;9.812198229317339;0.9999430038890296;0.9589371681213379;0.9553149938583374;0.2723356783390045;0.28344017267227173;0.1398078054189682;0.7052856087684631;0.28710323572158813;0.5789524912834167
44;7;2;9.613703652890699;0.9949171437573376;0.9589371681213379;0.9553149938583374;0.2723356783390045;0.28344017267227173;0.1711321920156479;0.5375994443893433;0.2879694104194641;0.6090278625488281
44;7;3;6.544068158746986;0.8394886048943793;0.9589371681213379;0.9553149938583374;0.2723356783390045;0.28344017267227173;-0.12108546495437622;0.9363128542900085;0.8245483040809631;1.7152270078659058
45;7;1;9.812239093906584;0.9999430038890225;0.9601448774337769;0.9556927680969238;0.2667136788368225;0.2801111042499542;0.142738476395607;0.7000623345375061;0.2841733992099762;0.584516704082489
45;7;2;9.674866789676106;0.9975953588434514;0.9601448774337769;0.9556927680969238;0.2667136788368225;0.2801111042499542;0.1735563725233078;0.5327297449111938;0.2940821051597595;0.6144292950630188
45;7;3;6.664753771220347;0.8440786696109654;0.9601448774337769;0.9556927680969238;0.2667136788368225;0.2801111042499542;-0.11800786107778549;0.9294794201850891;0.8318373560905457;1.725535273551941
46;7;1;9.812276221371619;0.9999430038890083;0.9605475068092346;0.9562780857086182;0.26280683279037476;0.2765604555606842;0.14547358453273773;0.6945019364356995;0.28054019808769226;0.5902844667434692
46;7;2;9.716637059590049;0.9999430038830965;0.9605475068092346;0.9562780857086182;0.26280683279037476;0.2765604555606842;0.17548027634620667;0.5276297926902771;0.29926106333732605;0.6187953948974609
46;7;3;6.773706813490689;0.8319658874729061;0.9605475068092346;0.9562780857086182;0.26280683279037476;0.2765604555606842;-0.1137571930885315;0.921833336353302;0.8394981026649475;1.736369252204895
47;7;1;9.8123107375486;0.9999430038890083;0.9617552161216736;0.9568262100219727;0.26042503118515015;0.27262261509895325;0.1480436623096466;0.6890366673469543;0.27639850974082947;0.596177339553833
47;7;2;9.734678436909238;0.9999430038889656;0.9617552161216736;0.9568262100219727;0.26042503118515015;0.27262261509895325;0.1769908368587494;0.5226797461509705;0.3036477267742157;0.6222620606422424
47;7;3;6.8860716922368095;0.8372775503246732;0.9617552161216736;0.9568262100219727;0.26042503118515015;0.27262261509895325;-0.10872237384319305;0.9140179753303528;0.8473486304283142;1.747471570968628
48;7;1;9.81234322210667;0.9999430038890154;0.9621577858924866;0.9575373530387878;0.260000079870224;0.26908057928085327;0.15053240954875946;0.6841219067573547;0.2720651626586914;0.6023011803627014
48;7;2;9.747893898632885;0.9999430038893635;0.9621577858924866;0.9575373530387878;0.260000079870224;0.26908057928085327;0.17830970883369446;0.5183132886886597;0.30762186646461487;0.6252614259719849
48;7;3;7.034421640453356;0.8496269082446961;0.9621577858924866;0.9575373530387878;0.260000079870224;0.26908057928085327;-0.10370146483182907;0.906909167766571;0.8548522591590881;1.7580832242965698
49;7;1;9.81237396259931;0.9999430038890296;0.9621577858924866;0.9582830667495728;0.26173704862594604;0.26698416471481323;0.1530168056488037;0.6801722645759583;0.2678065896034241;0.6088757514953613
49;7;2;9.76930948531378;0.9999430038893635;0.9621577858924866;0.9582830667495728;0.26173704862594604;0.26698416471481323;0.17968326807022095;0.5149431824684143;0.31160396337509155;0.6282771825790405
49;7;3;7.165696668398899;0.8456766841622354;0.9621577858924866;0.9582830667495728;0.26173704862594604;0.26698416471481323;-0.09962372481822968;0.901387095451355;0.8613621592521667;1.767289638519287
50;7;1;9.812402912612342;0.9999430038890296;0.9629629850387573;0.9590733051300049;0.2640571594238281;0.26617589592933655;0.1555635929107666;0.6774986386299133;0.2637687027454376;0.61604905128479
50;7;2;9.776213414628316;0.9999430038892783;0.9629629850387573;0.9590733051300049;0.2640571594238281;0.26617589592933655;0.18126752972602844;0.5128805637359619;0.31585174798965454;0.6316172480583191
50;7;3;7.297741647623274;0.8652306177940776;0.9629629850387573;0.9590733051300049;0.2640571594238281;0.26617589592933655;-0.09717556089162827;0.898086428642273;0.8664295077323914;1.7744560241699219
51;7;1;9.812430289950917;0.9999430038890296;0.9641706943511963;0.9597103595733643;0.26477518677711487;0.26540032029151917;0.15813416242599487;0.6762339472770691;0.2599761188030243;0.623878538608551
51;7;2;9.786180781579425;0.9999430038892179;0.9641706943511963;0.9597103595733643;0.26477518677711487;0.26540032029151917;0.18307900428771973;0.5122647285461426;0.3203834891319275;0.6353211402893066
51;7;3;7.378376982033039;0.8545635801373308;0.9641706943511963;0.9597103595733643;0.26477518677711487;0.26540032029151917;-0.09650774300098419;0.8972331285476685;0.8700311779975891;1.779549479484558
52;7;1;9.812362884240201;0.9999430038890296;0.9641706943511963;0.960470974445343;0.26321670413017273;0.2639457881450653;0.16071093082427979;0.6763234734535217;0.25637391209602356;0.6321991682052612
52;7;2;9.80398212181871;0.9999430038893315;0.9641706943511963;0.960470974445343;0.26321670413017273;0.2639457881450653;0.18499764800071716;0.5130433440208435;0.3249855935573578;0.6391434073448181
52;7;3;7.408430907454989;0.8499005172529248;0.9641706943511963;0.960470974445343;0.26321670413017273;0.2639457881450653;-0.0971672385931015;0.8986108303070068;0.872606098651886;1.7831909656524658
53;7;1;9.812395055223057;0.9999430038890225;0.9649758338928223;0.9611376523971558;0.2603190839290619;0.2623053789138794;0.16322572529315948;0.6775949001312256;0.25275319814682007;0.6407549381256104
53;7;2;9.801883236168063;0.9999430038893671;0.9649758338928223;0.9611376523971558;0.2603190839290619;0.2623053789138794;0.18681563436985016;0.5150253176689148;0.32928937673568726;0.6426177024841309
53;7;3;7.451942617487665;0.8624341412081975;0.9649758338928223;0.9611376523971558;0.2603190839290619;0.2623053789138794;-0.09832306206226349;0.9016876220703125;0.8748615384101868;1.786380648612976
54;7;1;9.812427312338457;0.9999430038890367;0.9649758338928223;0.9617648720741272;0.2579549252986908;0.26099327206611633;0.1656094640493393;0.6798598766326904;0.2488565444946289;0.6492392420768738
54;7;2;9.805586996335506;0.999943003889328;0.9649758338928223;0.9617648720741272;0.2579549252986908;0.26099327206611633;0.18834583461284637;0.5179646015167236;0.3329584300518036;0.6452783942222595
54;7;3;7.474237926856121;0.8428076200828105;0.9649758338928223;0.9617648720741272;0.2579549252986908;0.26099327206611633;-0.09918149560689926;0.9058698415756226;0.877444326877594;1.790033221244812
55;7;1;9.812460575281591;0.9999430038890225;0.9661835432052612;0.9624711275100708;0.2565411925315857;0.2595411241054535;0.16785140335559845;0.6829453110694885;0.24455538392066956;0.6574838757514954
55;7;2;9.807214129176636;0.9999430038893351;0.9661835432052612;0.9624711275100708;0.2565411925315857;0.2595411241054535;0.18951421976089478;0.521659255027771;0.335845947265625;0.6469120383262634
55;7;3;7.472183194189871;0.8474647378293945;0.9661835432052612;0.9624711275100708;0.2565411925315857;0.2595411241054535;-0.09936722368001938;0.9107627272605896;0.8806537985801697;1.794572114944458
56;7;1;9.812494801682064;0.9999430038890296;0.9661835432052612;0.9628958702087402;0.2559679448604584;0.25749555230140686;0.16999368369579315;0.6866763234138489;0.23993439972400665;0.6655910611152649
56;7;2;9.808859212823055;0.9999430038893351;0.9661835432052612;0.9628958702087402;0.2559679448604584;0.25749555230140686;0.19040773808956146;0.5259854197502136;0.33807072043418884;0.6476462483406067
56;7;3;7.472980262105672;0.8523504726455648;0.9661835432052612;0.9628958702087402;0.2559679448604584;0.25749555230140686;-0.09904895722866058;0.9162705540657043;0.8843582272529602;1.7998110055923462
57;7;1;9.812527296074094;0.9999430038890154;0.9661835432052612;0.9632070064544678;0.25629791617393494;0.25537964701652527;0.17208555340766907;0.6908422708511353;0.2351149171590805;0.6739314198493958
57;7;2;9.808430715202825;0.9999430038893422;0.9661835432052612;0.9632070064544678;0.25629791617393494;0.25537964701652527;0.1912086308002472;0.5308664441108704;0.3399142622947693;0.64784175157547
57;7;3;7.4284410545215405;0.8498846185114601;0.9661835432052612;0.9632070064544678;0.25629791617393494;0.25537964701652527;-0.09874112904071808;0.9224814176559448;0.8881554007530212;1.8051810264587402
58;7;1;9.811640240783426;0.9999430038890154;0.9665861129760742;0.9635971784591675;0.2569645345211029;0.2536476254463196;0.17419463396072388;0.6952717304229736;0.23028671741485596;0.6827157139778137
58;7;2;9.807926998843186;0.9999430038893422;0.9665861129760742;0.9635971784591675;0.2569645345211029;0.2536476254463196;0.19208763539791107;0.5362293720245361;0.3416478633880615;0.647851288318634
58;7;3;7.409773553669831;0.8602679162876399;0.9665861129760742;0.9635971784591675;0.2569645345211029;0.2536476254463196;-0.09895044565200806;0.929476797580719;0.8916476368904114;1.810119867324829
59;7;1;9.81049757070081;0.9999430038890296;0.9669886827468872;0.963932991027832;0.25672945380210876;0.2519558072090149;0.17636142671108246;0.6998192667961121;0.22552995383739471;0.6920279264450073
59;7;2;9.807566769117972;0.9999430038893209;0.9669886827468872;0.963932991027832;0.25672945380210876;0.2519558072090149;0.1931258589029312;0.5419848561286926;0.34340620040893555;0.6478292942047119
59;7;3;7.366336336838035;0.8644272105618658;0.9669886827468872;0.963932991027832;0.25672945380210876;0.2519558072090149;-0.09988690912723541;0.937203586101532;0.8946638703346252;1.8143854141235352
60;7;1;9.811886151362536;0.9999430038890225;0.9673912525177002;0.964500904083252;0.2546454071998596;0.24975308775901794;0.17865025997161865;0.704416811466217;0.22101037204265594;0.7015997767448425
60;7;2;9.809636753695692;0.9999430038893458;0.9673912525177002;0.964500904083252;0.2546454071998596;0.24975308775901794;0.19428791105747223;0.548028826713562;0.3451416492462158;0.6477141380310059
60;7;3;7.357894932835052;0.8798982626805376;0.9673912525177002;0.964500904083252;0.2546454071998596;0.24975308775901794;-0.10136912763118744;0.945456862449646;0.8973297476768494;1.8181555271148682
61;7;1;9.812629335227001;0.9999430038890225;0.9685989618301392;0.9652070999145508;0.2509293854236603;0.24711015820503235;0.18104295432567596;0.7090160250663757;0.2166678011417389;0.7112191319465637
61;7;2;9.810724105346022;0.999943003889328;0.9685989618301392;0.9652070999145508;0.2509293854236603;0.24711015820503235;0.1954491287469864;0.5542631149291992;0.3466743230819702;0.647273063659668
61;7;3;7.331110531456398;0.8568757412462471;0.9685989618301392;0.9652070999145508;0.2509293854236603;0.24711015820503235;-0.10292768478393555;0.9539441466331482;0.8999844193458557;1.821909785270691
62;7;1;9.812644587084762;0.9999430038890154;0.9685990214347839;0.9660713076591492;0.24664779007434845;0.24441967904567719;0.18351367115974426;0.7136246562004089;0.21239686012268066;0.7206311821937561
62;7;2;9.811452751013107;0.9999430038893422;0.9685990214347839;0.9660713076591492;0.24664779007434845;0.24441967904567719;0.19645662605762482;0.5606200098991394;0.3477974534034729;0.646262526512146
62;7;3;7.348075803404251;0.869185874167778;0.9685990214347839;0.9660713076591492;0.24664779007434845;0.24441967904567719;-0.10404805839061737;0.9624052047729492;0.9029932618141174;1.826164960861206
63;7;1;9.812658450515187;0.9999430038890083;0.9698067903518677;0.9670541882514954;0.2426750510931015;0.24178528785705566;0.18612538278102875;0.7183260917663574;0.2081996649503708;0.7295158505439758
63;7;2;9.811604726204962;0.9999430038893315;0.9698067903518677;0.9670541882514954;0.2426750510931015;0.24178528785705566;0.19722025096416473;0.5670860409736633;0.3484181761741638;0.6445801258087158
63;7;3;7.347954691060822;0.8674771164368043;0.9698067903518677;0.9670541882514954;0.2426750510931015;0.24178528785705566;-0.10445116460323334;0.9707417488098145;0.9065396189689636;1.831180214881897
64;7;1;9.81267217361119;0.9999430038890083;0.9706119298934937;0.9678394198417664;0.23937323689460754;0.23890985548496246;0.18892866373062134;0.7232024073600769;0.20421135425567627;0.7378018498420715
64;7;2;9.811727694047207;0.9999430038893209;0.9706119298934937;0.9678394198417664;0.23937323689460754;0.23890985548496246;0.1977645754814148;0.5737125873565674;0.3486265540122986;0.6423928141593933
64;7;3;7.3043826012095305;0.8744310698683897;0.9706119298934937;0.9678394198417664;0.23937323689460754;0.23890985548496246;-0.10428144782781601;0.9790891408920288;0.9104954600334167;1.8367747068405151
65;7;1;9.812686351189846;0.9999430038890154;0.9714170694351196;0.9686295986175537;0.23687492311000824;0.2358376681804657;0.19199039041996002;0.7283408641815186;0.200619176030159;0.745608925819397
65;7;2;9.811838431537485;0.9999430038893209;0.9714170694351196;0.9686295986175537;0.23687492311000824;0.2358376681804657;0.19822178781032562;0.5805959701538086;0.3486798405647278;0.6400177478790283
65;7;3;7.292419761601389;0.8918217256256735;0.9714170694351196;0.9686295986175537;0.23687492311000824;0.2358376681804657;-0.10404489934444427;0.9877538084983826;0.9144752621650696;1.8424029350280762
66;7;1;9.812691044012197;0.9999430038890154;0.9722222089767456;0.9693458080291748;0.23499134182929993;0.23297137022018433;0.19536103308200836;0.7338451147079468;0.1976044625043869;0.753048837184906
66;7;2;9.811920625213297;0.9999430038893244;0.9722222089767456;0.9693458080291748;0.23499134182929993;0.23297137022018433;0.19876423478126526;0.5878221988677979;0.3488813638687134;0.6377353668212891
66;7;3;7.301992547343239;0.8841330907971461;0.9722222089767456;0.9693458080291748;0.23499134182929993;0.23297137022018433;-0.10433211177587509;0.9970475435256958;0.9180402159690857;1.8474445343017578
67;7;1;9.811517057143377;0.9999430038890225;0.9734299182891846;0.9700420498847961;0.2327669858932495;0.23022830486297607;0.1990467756986618;0.7397713661193848;0.19524025917053223;0.7601884007453918
67;7;2;9.811364363723897;0.9999430038893351;0.9734299182891846;0.9700420498847961;0.2327669858932495;0.23022830486297607;0.19948159158229828;0.5954286456108093;0.349397748708725;0.6357079744338989
67;7;3;7.292085728443274;0.891513772928306;0.9734299182891846;0.9700420498847961;0.2327669858932495;0.23022830486297607;-0.10549025237560272;1.0071282386779785;0.9209323525428772;1.8515347242355347
68;7;1;9.811529022541308;0.9999430038890154;0.9750401973724365;0.9709063768386841;0.2291533648967743;0.22722555696964264;0.20301781594753265;0.7461020350456238;0.19349776208400726;0.7670103907585144
68;7;2;9.811114270125348;0.9999430038893173;0.9750401973724365;0.9709063768386841;0.2291533648967743;0.22722555696964264;0.20034609735012054;0.6033846735954285;0.3502030074596405;0.6339030861854553
68;7;3;7.272523558563101;0.8737122172633587;0.9750401973724365;0.9709063768386841;0.2291533648967743;0.22722555696964264;-0.1074409931898117;1.0179316997528076;0.9231985211372375;1.8547395467758179
69;7;1;9.811539582504388;0.9999430038890083;0.9754428267478943;0.9717459678649902;0.22428710758686066;0.22398388385772705;0.20716826617717743;0.7527120113372803;0.19209744036197662;0.7736110687255859
69;7;2;9.809766769622662;0.9999430038893244;0.9754428267478943;0.9717459678649902;0.22428710758686066;0.22398388385772705;0.20123326778411865;0.6116043329238892;0.3511238694190979;0.6321604251861572
69;7;3;7.2752563483417205;0.8730346694787023;0.9754428267478943;0.9717459678649902;0.22428710758686066;0.22398388385772705;-0.10976286977529526;1.0292211771011353;0.925125777721405;1.8574650287628174
70;7;1;9.811554890110209;0.9999430038890011;0.976650595664978;0.972590446472168;0.21926501393318176;0.22078008949756622;0.21142640709877014;0.7594852447509766;0.190833181142807;0.7799574136734009
70;7;2;9.809876550392005;0.9999430038893138;0.976650595664978;0.972590446472168;0.21926501393318176;0.22078008949756622;0.20199871063232422;0.6199862360954285;0.35195112228393555;0.6303207278251648
70;7;3;7.243448693793544;0.8841946828317511;0.976650595664978;0.972590446472168;0.21926501393318176;0.22078008949756622;-0.11198002099990845;1.040722131729126;0.9270386099815369;1.8601702451705933
71;7;1;9.811580703109449;0.9999430038890083;0.977053165435791;0.9734300374984741;0.21498212218284607;0.2175227552652359;0.2157093733549118;0.7662964463233948;0.189466193318367;0.7861998081207275
71;7;2;9.811463267011472;0.999943003889328;0.977053165435791;0.9734300374984741;0.21498212218284607;0.2175227552652359;0.2025797963142395;0.6284521818161011;0.35257813334465027;0.6283408999443054
71;7;3;7.206586327306024;0.8866396565334274;0.977053165435791;0.9734300374984741;0.21498212218284607;0.2175227552652359;-0.11386945098638535;1.0522631406784058;0.9290903210639954;1.8630717992782593
72;7;1;9.811617743506275;0.9999430038890083;0.977858304977417;0.9741609692573547;0.21165557205677032;0.21407818794250488;0.21990250051021576;0.7730041146278381;0.18777023255825043;0.7927708029747009
72;7;2;9.811845215919611;0.9999430038893138;0.977858304977417;0.9741609692573547;0.21165557205677032;0.21407818794250488;0.20302724838256836;0.6369679570198059;0.35305655002593994;0.62630695104599
72;7;3;7.192862820183649;0.8928485749655124;0.977858304977417;0.9741609692573547;0.21165557205677032;0.21407818794250488;-0.11556744575500488;1.063825011253357;0.9311953186988831;1.8660486936569214
73;7;1;9.811660625228292;0.9999430038890225;0.978663444519043;0.9748128652572632;0.20902416110038757;0.2106444388628006;0.2239256352186203;0.779496967792511;0.18564632534980774;0.8001031875610352
73;7;2;9.81198092772743;0.9999430038893315;0.978663444519043;0.9748128652572632;0.20902416110038757;0.2106444388628006;0.20346418023109436;0.6455248594284058;0.35353121161460876;0.6243413686752319
73;7;3;7.130547138114272;0.8994699975029192;0.978663444519043;0.9748128652572632;0.20902416110038757;0.2106444388628006;-0.11739782989025116;1.0754739046096802;0.9331459403038025;1.868807315826416
74;7;1;9.811701409682833;0.9999430038890083;0.979468584060669;0.9756622910499573;0.20629675686359406;0.20722253620624542;0.22776496410369873;0.7857427597045898;0.18308977782726288;0.8083580732345581
74;7;2;9.812100575076133;0.9999430038893209;0.979468584060669;0.9756622910499573;0.20629675686359406;0.20722253620624542;0.2039688527584076;0.6541234254837036;0.3540882468223572;0.6225379109382629
74;7;3;7.101131028833619;0.9010392699022791;0.979468584060669;0.9756622910499573;0.20629675686359406;0.20722253620624542;-0.11958169937133789;1.0872596502304077;0.934805691242218;1.871154546737671
75;7;1;9.811734664924224;0.9999430038890154;0.9798711538314819;0.976556122303009;0.202676922082901;0.203558087348938;0.2314244955778122;0.7917444109916687;0.18009021878242493;0.8175255656242371
75;7;2;9.812196698940262;0.9999430038893209;0.9798711538314819;0.976556122303009;0.202676922082901;0.203558087348938;0.20452925562858582;0.6627649068832397;0.3547024130821228;0.6208763718605042
75;7;3;7.108349569338298;0.9210404805735113;0.9798711538314819;0.976556122303009;0.202676922082901;0.203558087348938;-0.12206792831420898;1.0991675853729248;0.9362199902534485;1.873154640197754
76;7;1;9.811760674846916;0.9999430038890083;0.9810789227485657;0.9775192737579346;0.19821183383464813;0.19963179528713226;0.23492181301116943;0.7975433468818665;0.17663215100765228;0.8274481892585754
76;7;2;9.812267195779203;0.9999430038893138;0.9810789227485657;0.9775192737579346;0.19821183383464813;0.19963179528713226;0.20504990220069885;0.6714568734169006;0.35525649785995483;0.6192491054534912
76;7;3;7.071960035518508;0.9052847767719996;0.9810789227485657;0.9775192737579346;0.19821183383464813;0.19963179528713226;-0.12457754462957382;1.1111406087875366;0.9375825524330139;1.8750815391540527
77;7;1;9.811784692802199;0.9999430038890225;0.9822866320610046;0.9786254167556763;0.19373446702957153;0.19562184810638428;0.23828840255737305;0.8032187819480896;0.17270344495773315;0.8379078507423401
77;7;2;9.812325103157669;0.9999430038893138;0.9822866320610046;0.9786254167556763;0.19373446702957153;0.19562184810638428;0.2054143249988556;0.6802241802215576;0.3556097149848938;0.6175888180732727
77;7;3;7.094423942816704;0.9023882012447118;0.9822866320610046;0.9786254167556763;0.19373446702957153;0.19562184810638428;-0.12682375311851501;1.1231497526168823;0.9390881657600403;1.8772108554840088
78;7;1;9.811812581328127;0.9999430038890225;0.9826892018318176;0.9799292087554932;0.19001315534114838;0.1914939135313034;0.24159352481365204;0.8089131712913513;0.1684150993824005;0.8486412167549133
78;7;2;9.812386009031368;0.9999430038893209;0.9826892018318176;0.9799292087554932;0.19001315534114838;0.1914939135313034;0.20558488368988037;0.6891173720359802;0.3557325601577759;0.615905225276947
78;7;3;7.084546718369976;0.9014614118074835;0.9826892018318176;0.9799292087554932;0.19001315534114838;0.1914939135313034;-0.1287575662136078;1.1352646350860596;0.9407735466957092;1.879594326019287
79;7;1;9.81184753322573;0.9999430038890083;0.9830918312072754;0.981084942817688;0.1873006969690323;0.18719607591629028;0.24494488537311554;0.8148038387298584;0.16404885053634644;0.8594079613685608
79;7;2;9.812454072972631;0.9999430038893209;0.9830918312072754;0.981084942817688;0.1873006969690323;0.18719607591629028;0.20564013719558716;0.6982057094573975;0.35574620962142944;0.6142878532409668
79;7;3;7.104390117661863;0.9148158537313442;0.9830918312072754;0.981084942817688;0.1873006969690323;0.18719607591629028;-0.13064590096473694;1.147658348083496;0.9424716830253601;1.8819959163665771
80;7;1;9.81188651250234;0.9999430038890225;0.9838969707489014;0.9820923805236816;0.18520395457744598;0.18291573226451874;0.24838905036449432;0.8209956288337708;0.15980640053749084;0.8702205419540405
80;7;2;9.812524025019563;0.9999430038893209;0.9838969707489014;0.9820923805236816;0.18520395457744598;0.18291573226451874;0.20571349561214447;0.7075506448745728;0.3558353781700134;0.6128324866294861
80;7;3;7.112737191049609;0.9189949711397674;0.9838969707489014;0.9820923805236816;0.18520395457744598;0.18291573226451874;-0.13288137316703796;1.1605195999145508;0.9439381957054138;1.884069800376892
81;7;1;9.811924869658405;0.9999430038890367;0.9851046800613403;0.9832282662391663;0.18275894224643707;0.17865794897079468;0.2519383132457733;0.8275395035743713;0.15575778484344482;0.8811145424842834
81;7;2;9.812586077949064;0.9999430038893244;0.9851046800613403;0.9832282662391663;0.18275894224643707;0.17865794897079468;0.20587626099586487;0.7171821594238281;0.35609230399131775;0.6115737557411194
81;7;3;7.104488762767783;0.9216997488216663;0.9851046800613403;0.9832282662391663;0.18275894224643707;0.17865794897079468;-0.13566625118255615;1.173947811126709;0.9450542330741882;1.8856481313705444
82;7;1;9.811959611638251;0.9999430038890296;0.9855072498321533;0.9843641519546509;0.17915858328342438;0.17429223656654358;0.2556174397468567;0.8344423770904541;0.15194302797317505;0.8919984102249146
82;7;2;9.81263778439143;0.9999430038893173;0.9855072498321533;0.9843641519546509;0.17915858328342438;0.17429223656654358;0.20607668161392212;0.7270922064781189;0.356442391872406;0.6104696393013
82;7;3;7.084459978745116;0.9156539361204956;0.9855072498321533;0.9843641519546509;0.17915858328342438;0.17429223656654358;-0.1388559639453888;1.187911868095398;0.9459249377250671;1.8868794441223145
83;7;1;9.811992331756507;0.9999430038890225;0.9863123893737793;0.9853765964508057;0.17483918368816376;0.16992655396461487;0.25945815443992615;0.8417164087295532;0.14832010865211487;0.9026404619216919
83;7;2;9.812683395214432;0.9999430038893138;0.9863123893737793;0.9853765964508057;0.17483918368816376;0.16992655396461487;0.20618896186351776;0.7372450828552246;0.3567069470882416;0.6094387769699097
83;7;3;7.071602950046639;0.9201913310868388;0.9863123893737793;0.9853765964508057;0.17483918368816376;0.16992655396461487;-0.14209584891796112;1.2022967338562012;0.9467893242835999;1.8881019353866577
84;7;1;9.812027338095383;0.9999430038890154;0.9867149591445923;0.9863544702529907;0.17090827226638794;0.16562743484973907;0.263436496257782;0.8492950797080994;0.1447618007659912;0.9130556583404541
84;7;2;9.812728176528964;0.9999430038893173;0.9867149591445923;0.9863544702529907;0.17090827226638794;0.16562743484973907;0.20613731443881989;0.7475982308387756;0.35676178336143494;0.6084316968917847
84;7;3;7.0847516061435485;0.9451591274004318;0.9867149591445923;0.9863544702529907;0.17090827226638794;0.16562743484973907;-0.14515095949172974;1.2170031070709229;0.9478108286857605;1.889546513557434
85;7;1;9.8120658154455;0.999943003888994;0.9871175289154053;0.9871989488601685;0.16786959767341614;0.16131609678268433;0.2675118148326874;0.857097864151001;0.14120952785015106;0.9234036803245544
85;7;2;9.8127732014417;0.9999430038893173;0.9871175289154053;0.9871989488601685;0.16786959767341614;0.16131609678268433;0.20596705377101898;0.7581163048744202;0.356628954410553;0.6074614524841309
85;7;3;7.092926223292542;0.9262830658852117;0.9871175289154053;0.9871989488601685;0.16786959767341614;0.16131609678268433;-0.14808204770088196;1.232001543045044;0.948965847492218;1.8911800384521484
86;7;1;9.812104400211922;0.9999430038890083;0.988325297832489;0.9879348278045654;0.16545386612415314;0.15711632370948792;0.27161937952041626;0.8650242686271667;0.13757209479808807;0.9339685440063477
86;7;2;9.81281448393857;0.9999430038893067;0.988325297832489;0.9879348278045654;0.16545386612415314;0.15711632370948792;0.20579029619693756;0.7687689661979675;0.35641714930534363;0.6065651178359985
86;7;3;7.02959717335793;0.9324787751099777;0.988325297832489;0.9879348278045654;0.16545386612415314;0.15711632370948792;-0.15111075341701508;1.2472991943359375;0.9501262307167053;1.8928210735321045
87;7;1;9.812137287573385;0.9999430038890154;0.989130437374115;0.9887101650238037;0.16286689043045044;0.1530573070049286;0.2757219970226288;0.8729947805404663;0.1338503360748291;0.9449062347412109
87;7;2;9.812846653195372;0.9999430038892854;0.989130437374115;0.9887101650238037;0.16286689043045044;0.1530573070049286;0.20567189157009125;0.7795265913009644;0.3561856746673584;0.6057555675506592
87;7;3;6.9881027358512355;0.9436781518102464;0.989130437374115;0.9887101650238037;0.16286689043045044;0.1530573070049286;-0.15435078740119934;1.2628802061080933;0.9512266516685486;1.8943772315979004
88;7;1;9.812161527766975;0.9999430038890083;0.989533007144928;0.9893966913223267;0.15951088070869446;0.14904047548770905;0.27979525923728943;0.880980372428894;0.1299632340669632;0.9561861157417297
88;7;2;9.81286708426435;0.9999430038892214;0.989533007144928;0.9893966913223267;0.15951088070869446;0.14904047548770905;0.20557187497615814;0.7903595566749573;0.35587477684020996;0.6050112843513489
88;7;3;7.015546597311381;0.9488216412967212;0.989533007144928;0.9893966913223267;0.15951088070869446;0.14904047548770905;-0.15767958760261536;1.278681993484497;0.9523441195487976;1.895957589149475
89;7;1;9.812178542230555;0.9999430038890083;0.9911432862281799;0.9902066588401794;0.1557643860578537;0.14512814581394196;0.2838468551635742;0.8889983892440796;0.1258678436279297;0.9676211476325989
89;7;2;9.812876513286316;0.9999430038892037;0.9911432862281799;0.9902066588401794;0.1557643860578537;0.14512814581394196;0.20539498329162598;0.8012430667877197;0.35536929965019226;0.6043065786361694
89;7;3;6.974586676734823;0.9526440952345148;0.9911432862281799;0.9902066588401794;0.1557643860578537;0.14512814581394196;-0.16086523234844208;1.2946300506591797;0.9536177515983582;1.8977587223052979
90;7;1;9.81219286833872;0.9999430038890011;0.9915458559989929;0.9907893538475037;0.1524447500705719;0.14134761691093445;0.28789088129997253;0.8970655202865601;0.12158723175525665;0.9790827035903931
90;7;2;9.812874820363884;0.9999430038893031;0.9915458559989929;0.9907893538475037;0.1524447500705719;0.14134761691093445;0.2050972282886505;0.8121618032455444;0.35462912917137146;0.6036443114280701
90;7;3;6.9391693439368485;0.9546636799542956;0.9915458559989929;0.9907893538475037;0.1524447500705719;0.14134761691093445;-0.16381202638149261;1.31069016456604;0.9550957083702087;1.8998489379882812
91;7;1;9.812207047092421;0.9999430038890296;0.9915458559989929;0.9914314150810242;0.1499241292476654;0.1376386135816574;0.29195845127105713;0.9052269458770752;0.11726349592208862;0.9904605150222778
91;7;2;9.812858059523005;0.9999430038893209;0.9915458559989929;0.9914314150810242;0.1499241292476654;0.1376386135816574;0.20473778247833252;0.8231084942817688;0.3537493646144867;0.6030546426773071
91;7;3;6.915734356203378;0.9548218177128334;0.9915458559989929;0.9914314150810242;0.1499241292476654;0.1376386135816574;-0.1666664332151413;1.326882243156433;0.9566710591316223;1.9020768404006958
92;7;1;9.812220431434916;0.9999430038890296;0.9923510551452637;0.9918659925460815;0.14788824319839478;0.13408425450325012;0.2960379123687744;0.9134888648986816;0.11299877613782883;1.0017917156219482
92;7;2;9.812818483508497;0.999943003889328;0.9923510551452637;0.9918659925460815;0.14788824319839478;0.13408425450325012;0.2044229358434677;0.8340733051300049;0.35288435220718384;0.6025583148002625
92;7;3;6.868476977193739;0.9600805383215185;0.9923510551452637;0.9918659925460815;0.14788824319839478;0.13408425450325012;-0.1696731299161911;1.3432354927062988;0.9581747651100159;1.9042034149169922
93;7;1;9.812230169623056;0.9999430038890225;0.9927536249160767;0.9922710061073303;0.1454743593931198;0.13068372011184692;0.30011385679244995;0.9218611717224121;0.10879582166671753;1.013037085533142
93;7;2;9.81274649535661;0.9999430038893209;0.9927536249160767;0.9922710061073303;0.1454743593931198;0.13068372011184692;0.20419539511203766;0.8450336456298828;0.3521047532558441;0.6021484732627869
93;7;3;6.857530421125279;0.96679205543367;0.9927536249160767;0.9922710061073303;0.1454743593931198;0.13068372011184692;-0.17292426526546478;1.3597303628921509;0.9595326781272888;1.9061237573623657
94;7;1;9.812235959154101;0.9999430038890083;0.9931561946868896;0.9926859140396118;0.14232401549816132;0.12738162279129028;0.3042127788066864;0.9303441047668457;0.1047258973121643;1.0240229368209839
94;7;2;9.81263806608192;0.9999430038893315;0.9931561946868896;0.9926859140396118;0.14232401549816132;0.12738162279129028;0.20400534570217133;0.8559522032737732;0.35136017203330994;0.6018102169036865
94;7;3;6.789678748616073;0.9672186613536198;0.9931561946868896;0.9926859140396118;0.14232401549816132;0.12738162279129028;-0.17629826068878174;1.3762893676757812;0.9608047604560852;1.9079227447509766
95;7;1;9.812239957493965;0.9999430038890083;0.9931561946868896;0.9929969310760498;0.13894233107566833;0.12421230971813202;0.30830663442611694;0.938847005367279;0.10070516914129257;1.0347764492034912
95;7;2;9.812508593810364;0.9999430038893244;0.9931561946868896;0.9929969310760498;0.13894233107566833;0.12421230971813202;0.20377662777900696;0.8667824864387512;0.3505595922470093;0.6015390753746033
95;7;3;6.723352153261946;0.9586119273717504;0.9931561946868896;0.9929969310760498;0.13894233107566833;0.12421230971813202;-0.17960965633392334;1.3928099870681763;0.9620923399925232;1.9097436666488647
96;7;1;9.812244813826325;0.9999430038890154;0.9935587644577026;0.9932438731193542;0.1359589695930481;0.12118803709745407;0.31237539649009705;0.9473108649253845;0.0967150330543518;1.0452876091003418
96;7;2;9.812388130890898;0.9999430038893173;0.9935587644577026;0.9932438731193542;0.1359589695930481;0.12118803709745407;0.20348723232746124;0.8774785399436951;0.3496738076210022;0.6013385057449341
96;7;3;6.674578785928983;0.9624782431109011;0.9935587644577026;0.9932438731193542;0.1359589695930481;0.12118803709745407;-0.18278610706329346;1.4092074632644653;0.9634285569190979;1.9116333723068237
97;7;1;9.812251175206228;0.9999430038890154;0.9935587644577026;0.9933427572250366;0.13359180092811584;0.11829923838376999;0.316378653049469;0.9556507468223572;0.09274285286664963;1.055680274963379
97;7;2;9.812294117355606;0.9999430038893244;0.9935587644577026;0.9933427572250366;0.13359180092811584;0.11829923838376999;0.20318855345249176;0.8880001902580261;0.34876084327697754;0.601206362247467
97;7;3;6.607543800400217;0.9648924424245955;0.9935587644577026;0.9933427572250366;0.13359180092811584;0.11829923838376999;-0.1859063357114792;1.4254251718521118;0.9647547602653503;1.9135088920593262
98;7;1;9.81225646455438;0.9999430038890083;0.9935587644577026;0.9935451745986938;0.13146740198135376;0.11560001224279404;0.32026347517967224;0.9637696743011475;0.08871781826019287;1.0661355257034302
98;7;2;9.812216962359415;0.9999430038893209;0.9935587644577026;0.9935451745986938;0.13146740198135376;0.11560001224279404;0.2029375284910202;0.8983126878738403;0.34788668155670166;0.6011304259300232
98;7;3;6.536172636293392;0.9632904201686294;0.9935587644577026;0.9935451745986938;0.13146740198135376;0.11560001224279404;-0.18906229734420776;1.4414148330688477;0.9660049080848694;1.9152768850326538
99;7;1;9.812258376607133;0.9999430038890154;0.9935587644577026;0.9937031269073486;0.12903189659118652;0.11306324601173401;0.32402220368385315;0.9716017842292786;0.08464302122592926;1.0766935348510742
99;7;2;9.812135055895219;0.9999430038893244;0.9935587644577026;0.9937031269073486;0.12903189659118652;0.11306324601173401;0.20272859930992126;0.9083860516548157;0.34704646468162537;0.6011039018630981
99;7;3;6.449888676339457;0.9651510241113517;0.9935587644577026;0.9937031269073486;0.12903189659118652;0.11306324601173401;-0.19222544133663177;1.4571173191070557;0.9671866297721863;1.9169480800628662
100;7;1;9.812256934319727;0.9999430038890011;0.9935587644577026;0.9939353466033936;0.12630434334278107;0.11068139225244522;0.32767802476882935;0.979164183139801;0.08053272217512131;1.0871825218200684
100;7;2;9.812045660065046;0.9999430038893209;0.9935587644577026;0.9939353466033936;0.12630434334278107;0.11068139225244522;0.20250128209590912;0.9181970953941345;0.34617549180984497;0.601135790348053
100;7;3;6.361814842295033;0.9645037524151618;0.9935587644577026;0.9939353466033936;0.12630434334278107;0.11068139225244522;-0.19526812434196472;1.4724719524383545;0.9683677554130554;1.9186184406280518
101;7;1;9.812254264912461;0.9999430038890225;0.9935587644577026;0.9940736293792725;0.12384647130966187;0.10848373919725418;0.3312627077102661;0.986488938331604;0.07645726203918457;1.0974291563034058
101;7;2;9.811963914609422;0.9999430038893173;0.9935587644577026;0.9940736293792725;0.12384647130966187;0.10848373919725418;0.20221245288848877;0.9277321696281433;0.3452351987361908;0.6012369394302368
101;7;3;6.29564703624537;0.9668512232950377;0.9935587644577026;0.9940736293792725;0.12384647130966187;0.10848373919725418;-0.19810804724693298;1.4874387979507446;0.9695881009101868;1.920344352722168
102;7;1;9.81225233664668;0.9999430038890154;0.9939613342285156;0.9942169189453125;0.12208704650402069;0.10643848031759262;0.3348006010055542;0.9935928583145142;0.07252001017332077;1.1073689460754395
102;7;2;9.811904414292094;0.999943003889328;0.9939613342285156;0.9942169189453125;0.12208704650402069;0.10643848031759262;0.20188523828983307;0.9369866847991943;0.34426867961883545;0.6013986468315125
102;7;3;6.206626850959392;0.9708298953155481;0.9939613342285156;0.9942169189453125;0.12208704650402069;0.10643848031759262;-0.20079705119132996;1.502009630203247;0.9708066582679749;1.922067642211914
103;7;1;9.812250710782543;0.9999430038890083;0.9939613342285156;0.9943550825119019;0.12082179635763168;0.10455679893493652;0.33829888701438904;1.000486969947815;0.06879591196775436;1.117004632949829
103;7;2;9.81186531783888;0.9999430038893244;0.9939613342285156;0.9943550825119019;0.12082179635763168;0.10455679893493652;0.20157742500305176;0.9459614753723145;0.34335875511169434;0.6015924215316772
103;7;3;6.130412947028903;0.9694095182540678;0.9939613342285156;0.9943550825119019;0.12082179635763168;0.10455679893493652;-0.20345227420330048;1.5161913633346558;0.9719448685646057;1.9236772060394287
104;7;1;9.812247970200438;0.9999430038890083;0.9939613342285156;0.9944638013839722;0.11951347440481186;0.1028309315443039;0.3417603373527527;1.0071971416473389;0.06532811373472214;1.1262928247451782
104;7;2;9.811834658097368;0.9999430038893138;0.9939613342285156;0.9944638013839722;0.11951347440481186;0.1028309315443039;0.20131659507751465;0.9546569585800171;0.34254786372184753;0.6017942428588867
104;7;3;6.0470862822425175;0.9750975336931411;0.9939613342285156;0.9944638013839722;0.11951347440481186;0.1028309315443039;-0.2061293125152588;1.5299832820892334;0.9729641079902649;1.9251186847686768
105;7;1;9.812243419814955;0.9999430038890225;0.9939613342285156;0.9945526719093323;0.11788318306207657;0.10122855752706528;0.34523090720176697;1.0137505531311035;0.062228430062532425;1.1351048946380615
105;7;2;9.811789000049181;0.9999430038893351;0.9939613342285156;0.9945526719093323;0.11788318306207657;0.10122855752706528;0.2010766714811325;0.9630702137947083;0.34180891513824463;0.6020050048828125
105;7;3;5.988962075793571;0.9741293734745113;0.9939613342285156;0.9945526719093323;0.11788318306207657;0.10122855752706528;-0.20877745747566223;1.5433696508407593;0.9738931059837341;1.926432490348816
106;7;1;9.812238497816189;0.9999430038890225;0.9943639039993286;0.9946464896202087;0.11615781486034393;0.09975586086511612;0.3487153649330139;1.020159125328064;0.05948507785797119;1.143365740776062
106;7;2;9.81177961381168;0.999943003889328;0.9943639039993286;0.9946464896202087;0.11615781486034393;0.09975586086511612;0.2008124142885208;0.9711959958076477;0.3410848379135132;0.6022420525550842
106;7;3;5.908484752718094;0.9709011549278781;0.9943639039993286;0.9946464896202087;0.11615781486034393;0.09975586086511612;-0.21130631864070892;1.556328296661377;0.9747876524925232;1.9276975393295288
107;7;1;9.812234852518053;0.9999430038890083;0.9947664737701416;0.9947403073310852;0.11479991674423218;0.09838952124118805;0.3521287441253662;1.0262869596481323;0.056905221194028854;1.1514053344726562
107;7;2;9.811790564517956;0.9999430038893244;0.9947664737701416;0.9947403073310852;0.11479991674423218;0.09838952124118805;0.20051556825637817;0.9790306091308594;0.3403565287590027;0.6025116443634033
107;7;3;5.838682650400621;0.9765075737387487;0.9947664737701416;0.9947403073310852;0.11479991674423218;0.09838952124118805;-0.21369054913520813;1.5688475370407104;0.9756669402122498;1.928941011428833
108;7;1;9.812232407671331;0.9999430038890225;0.9947664737701416;0.9948539137840271;0.11380018293857574;0.09712624549865723;0.35544562339782715;1.0321168899536133;0.05444768816232681;1.1592886447906494
108;7;2;9.80959569402015;0.9999430038893387;0.9947664737701416;0.9948539137840271;0.11380018293857574;0.09712624549865723;0.20020626485347748;0.9865742325782776;0.33963829278945923;0.6028056144714355
108;7;3;5.776722395098929;0.9741604925790721;0.9947664737701416;0.9948539137840271;0.11380018293857574;0.09712624549865723;-0.21595756709575653;1.5809270143508911;0.9765189290046692;1.9301459789276123
109;7;1;9.812230372927786;0.9999430038890083;0.9947664737701416;0.9949131011962891;0.11298379302024841;0.09597206860780716;0.3586449921131134;1.0376428365707397;0.05209542438387871;1.1670658588409424
109;7;2;9.810984854120704;0.9999430038893173;0.9947664737701416;0.9949131011962891;0.11298379302024841;0.09597206860780716;0.19990824162960052;0.9938303828239441;0.3389512300491333;0.6031112670898438
109;7;3;5.725288207042439;0.975267857272474;0.9947664737701416;0.9949131011962891;0.11298379302024841;0.09597206860780716;-0.21814410388469696;1.5925722122192383;0.9773258566856384;1.9312870502471924
110;7;1;9.812227768389164;0.9999430038890154;0.9951690435409546;0.995002031326294;0.11212633550167084;0.09490663558244705;0.3617168962955475;1.04287588596344;0.04982922226190567;1.1747361421585083
110;7;2;9.81184383460953;0.9999430038893209;0.9951690435409546;0.995002031326294;0.11212633550167084;0.09490663558244705;0.19962340593338013;1.0008041858673096;0.33829352259635925;0.6034260988235474
110;7;3;5.660758423725582;0.977663211536953;0.9951690435409546;0.995002031326294;0.11212633550167084;0.09490663558244705;-0.22025156021118164;1.603789210319519;0.9780904650688171;1.9323683977127075
111;7;1;9.812224944459693;0.9999430038890225;0.9951690435409546;0.9950613975524902;0.11126917600631714;0.09392193704843521;0.3646705746650696;1.0478488206863403;0.04766576364636421;1.1822348833084106
111;7;2;9.811880109349818;0.9999430038893173;0.9951690435409546;0.9950613975524902;0.11126917600631714;0.09392193704843521;0.19933819770812988;1.0075033903121948;0.3376479148864746;0.6037567853927612
111;7;3;5.6019818140109905;0.974371495765805;0.9951690435409546;0.9950613975524902;0.11126917600631714;0.09392193704843521;-0.22225718200206757;1.6145846843719482;0.978829562664032;1.9334136247634888
112;7;1;9.812222088340413;0.9999430038890225;0.9951690435409546;0.995120644569397;0.11054584383964539;0.0930146649479866;0.36752578616142273;1.0525813102722168;0.04564094543457031;1.189523458480835
112;7;2;9.811896339905111;0.999943003889328;0.9951690435409546;0.995120644569397;0.11054584383964539;0.0930146649479866;0.1990438848733902;1.0139365196228027;0.33700495958328247;0.6041070222854614
112;7;3;5.544327255385811;0.9771565816373862;0.9951690435409546;0.995120644569397;0.11054584383964539;0.0930146649479866;-0.22414982318878174;1.6249691247940063;0.9795525670051575;1.9344362020492554
113;7;1;9.81261176455601;0.9999430038890225;0.9951690435409546;0.9951649904251099;0.11008386313915253;0.09217359870672226;0.3702983260154724;1.0571070909500122;0.04379357025027275;1.196553111076355
113;7;2;9.812186582607556;0.9999430038893173;0.9951690435409546;0.9951649904251099;0.11008386313915253;0.09217359870672226;0.19874876737594604;1.0201141834259033;0.3363751769065857;0.6044697165489197
113;7;3;5.495062762118698;0.9799903744918002;0.9951690435409546;0.9951649904251099;0.11008386313915253;0.09217359870672226;-0.22594766318798065;1.634958028793335;0.9802512526512146;1.9354242086410522
114;7;1;9.813132482636213;0.9999430038890154;0.9951690435409546;0.9951847791671753;0.10976862907409668;0.09140052646398544;0.37299081683158875;1.0614525079727173;0.042143046855926514;1.2033077478408813
114;7;2;9.812268222329884;0.9999430038893244;0.9951690435409546;0.9951847791671753;0.10976862907409668;0.09140052646398544;0.19847016036510468;1.0260460376739502;0.3357790410518646;0.6048299670219421
114;7;3;5.432126596486233;0.9803003456827621;0.9951690435409546;0.9951847791671753;0.10976862907409668;0.09140052646398544;-0.22768478095531464;1.644567608833313;0.9809084534645081;1.9363536834716797
115;7;1;9.813134651107646;0.9999430038890011;0.9947664737701416;0.995229184627533;0.10945583134889603;0.09067577868700027;0.3756464719772339;1.0656157732009888;0.04080304130911827;1.2097814083099365
115;7;2;9.812231065976416;0.9999430038893138;0.9947664737701416;0.995229184627533;0.10945583134889603;0.09067577868700027;0.19821685552597046;1.0317410230636597;0.33522456884384155;0.6051796078681946
115;7;3;5.395393251533108;0.9690909894842488;0.9947664737701416;0.995229184627533;0.10945583134889603;0.09067577868700027;-0.22937773168087006;1.653810739517212;0.9815178513526917;1.9372154474258423
116;7;1;9.813135987337624;0.9999430038890225;0.9947664737701416;0.9952292442321777;0.10904169827699661;0.08998040109872818;0.37827742099761963;1.0696107149124146;0.039784159511327744;1.2159477472305298
116;7;2;9.810763648600371;0.9999430038893244;0.9947664737701416;0.9952292442321777;0.10904169827699661;0.08998040109872818;0.1979788839817047;1.0372042655944824;0.3346952795982361;0.6055269241333008
116;7;3;5.352542618037813;0.9796041514715004;0.9947664737701416;0.9952292442321777;0.10904169827699661;0.08998040109872818;-0.2310083955526352;1.662693977355957;0.9820948243141174;1.9380314350128174
117;7;1;9.813137140508438;0.9999430038890154;0.9947664737701416;0.9952884912490845;0.1085677295923233;0.08932068198919296;0.3808726966381073;1.0734440088272095;0.03904082998633385;1.2218067646026611
117;7;2;9.810473708082867;0.9999430038893138;0.9947664737701416;0.9952884912490845;0.1085677295923233;0.08932068198919296;0.19774161279201508;1.0424400568008423;0.3341667056083679;0.6058869361877441
117;7;3;5.293844232462522;0.9734602951194322;0.9947664737701416;0.9952884912490845;0.1085677295923233;0.08932068198919296;-0.2325482815504074;1.6712207794189453;0.9826614260673523;1.9388327598571777
118;7;1;9.813138173582132;0.9999430038890083;0.9947664737701416;0.9953329563140869;0.10822398215532303;0.08870282024145126;0.383434534072876;1.0771058797836304;0.038565780967473984;1.2273879051208496
118;7;2;9.81198357509523;0.9999430038893173;0.9947664737701416;0.9953329563140869;0.10822398215532303;0.08870282024145126;0.19750232994556427;1.0474529266357422;0.3336285948753357;0.6062667369842529
118;7;3;5.235095864109034;0.9729360854291045;0.9947664737701416;0.9953329563140869;0.10822398215532303;0.08870282024145126;-0.23399007320404053;1.6793972253799438;0.9832273125648499;1.9396330118179321
119;7;1;9.813139045265352;0.9999430038890083;0.9947664737701416;0.995372474193573;0.10805917531251907;0.08811303228139877;0.3859475553035736;1.080589771270752;0.03831900283694267;1.2327384948730469
119;7;2;9.812310765108169;0.9999430038893209;0.9947664737701416;0.995372474193573;0.10805917531251907;0.08811303228139877;0.19726933538913727;1.0522487163543701;0.33308449387550354;0.6066638827323914
119;7;3;5.188916591675568;0.9701227129740762;0.9947664737701416;0.995372474193573;0.10805917531251907;0.08811303228139877;-0.23534542322158813;1.6872326135635376;0.9837902188301086;1.9404290914535522
120;7;1;9.813139789545154;0.9999430038890154;0.9947664737701416;0.9954218864440918;0.10796415060758591;0.08754106611013412;0.3884250819683075;1.0838844776153564;0.03833489492535591;1.2378932237625122
120;7;2;9.81048678293391;0.9999430038893315;0.9947664737701416;0.9954218864440918;0.10796415060758591;0.08754106611013412;0.19704899191856384;1.0568346977233887;0.33253777027130127;0.6070759892463684
120;7;3;5.16314842966446;0.9736232534869238;0.9947664737701416;0.9954218864440918;0.10796415060758591;0.08754106611013412;-0.23662486672401428;1.6947381496429443;0.9843477606773376;1.9412176609039307
121;7;1;9.813140344619583;0.9999430038890154;0.9947664737701416;0.9954712390899658;0.10785423219203949;0.08699396997690201;0.39085647463798523;1.0870076417922974;0.038560714572668076;1.242847204208374
121;7;2;9.812272908549389;0.9999430038893209;0.9947664737701416;0.9954712390899658;0.10785423219203949;0.08699396997690201;0.19683587551116943;1.0612187385559082;0.33198073506355286;0.6075087189674377
121;7;3;5.118480863982299;0.9722814330148584;0.9947664737701416;0.9954712390899658;0.10785423219203949;0.08699396997690201;-0.2378218024969101;1.7019250392913818;0.9849068522453308;1.9420082569122314
122;7;1;9.813140745227805;0.9999430038890083;0.9947664737701416;0.9955008029937744;0.10778005421161652;0.08647584915161133;0.3932490646839142;1.0899826288223267;0.03899325057864189;1.24756920337677
122;7;2;9.812199444116875;0.9999430038893351;0.9947664737701416;0.9955008029937744;0.10778005421161652;0.08647584915161133;0.19662095606327057;1.0654104948043823;0.331404447555542;0.6079694032669067
122;7;3;5.081100147636517;0.9773609693176208;0.9947664737701416;0.9955008029937744;0.10778005421161652;0.08647584915161133;-0.23892585933208466;1.708807110786438;0.9854757189750671;1.9428128004074097
123;7;1;9.813140994148675;0.9999430038890296;0.9951690435409546;0.9955552220344543;0.10783793032169342;0.08596004545688629;0.3956369459629059;1.0928229093551636;0.03970193862915039;1.2520338296890259
123;7;2;9.810855950691337;0.9999430038893138;0.9951690435409546;0.9955552220344543;0.10783793032169342;0.08596004545688629;0.19640196859836578;1.0694211721420288;0.3308100402355194;0.6084580421447754
123;7;3;5.039742082961775;0.9795941139499309;0.9951690435409546;0.9955552220344543;0.10783793032169342;0.08596004545688629;-0.239940345287323;1.7154004573822021;0.9860535264015198;1.9436299800872803
124;7;1;9.813141114983992;0.9999430038890225;0.9947664737701416;0.9955700635910034;0.1080087274312973;0.08545445650815964;0.3979860544204712;1.0955657958984375;0.040583204478025436;1.2562339305877686
124;7;2;9.810675662142472;0.9999430038893244;0.9947664737701416;0.9955700635910034;0.1080087274312973;0.08545445650815964;0.19618593156337738;1.073262333869934;0.33020907640457153;0.6089656352996826
124;7;3;4.999323123677291;0.9772297833309196;0.9947664737701416;0.9955700635910034;0.1080087274312973;0.08545445650815964;-0.24088293313980103;1.7217235565185547;0.9866310954093933;1.9444466829299927
125;7;1;9.813141186575251;0.9999430038890154;0.9947664737701416;0.9955897331237793;0.10787035524845123;0.0850016176700592;0.40030309557914734;1.0982232093811035;0.04164247587323189;1.2601770162582397
125;7;2;9.811987839569948;0.9999430038893244;0.9947664737701416;0.9955897331237793;0.10787035524845123;0.0850016176700592;0.19598278403282166;1.0769447088241577;0.3296167254447937;0.6094794273376465
125;7;3;4.963989974805443;0.9750502625778896;0.9947664737701416;0.9955897331237793;0.10787035524845123;0.0850016176700592;-0.24177595973014832;1.7277941703796387;0.9871960282325745;1.945245623588562
126;7;1;9.813141150005194;0.9999430038890083;0.9947664737701416;0.995648980140686;0.1077047735452652;0.08457368612289429;0.4025929570198059;1.1008045673370361;0.04287475347518921;1.263870120048523
126;7;2;9.812568791613923;0.9999430038893173;0.9947664737701416;0.995648980140686;0.1077047735452652;0.08457368612289429;0.19579532742500305;1.0804787874221802;0.32903945446014404;0.6099932193756104
126;7;3;4.949393786952676;0.9774860101961487;0.9947664737701416;0.995648980140686;0.1077047735452652;0.08457368612289429;-0.24262945353984833;1.7336279153823853;0.9877433180809021;1.9460196495056152
127;7;1;9.813141038286822;0.9999430038890011;0.9943639039993286;0.9956934452056885;0.10748462378978729;0.08415089547634125;0.4048472046852112;1.1033227443695068;0.04424187168478966;1.2673174142837524
127;7;2;9.811510769438168;0.9999430038893173;0.9943639039993286;0.9956934452056885;0.10748462378978729;0.08415089547634125;0.19561819732189178;1.0838733911514282;0.3284730911254883;0.6105095744132996
127;7;3;4.907199759220985;0.9783878246661306;0.9943639039993286;0.9956934452056885;0.10748462378978729;0.08415089547634125;-0.24343864619731903;1.739238977432251;0.9882767796516418;1.9467740058898926
128;7;1;9.813140906563923;0.9999430038890083;0.9943639039993286;0.9957231283187866;0.10718993842601776;0.08373299986124039;0.40707331895828247;1.1057721376419067;0.04574709013104439;1.2705423831939697
128;7;2;9.810654320758402;0.9999430038893173;0.9943639039993286;0.9957231283187866;0.10718993842601776;0.08373299986124039;0.19544599950313568;1.0871367454528809;0.3279123902320862;0.6110327243804932
128;7;3;4.878934925858225;0.9708650644776942;0.9943639039993286;0.9957231283187866;0.10718993842601776;0.08373299986124039;-0.2441980242729187;1.7446393966674805;0.9888011813163757;1.9475157260894775
129;7;1;9.813140696659588;0.9999430038890296;0.9943639039993286;0.9957427978515625;0.10698570311069489;0.0833330824971199;0.4092558026313782;1.1081472635269165;0.04734998941421509;1.273592472076416
129;7;2;9.812043306912337;0.9999430038893102;0.9943639039993286;0.9957427978515625;0.10698570311069489;0.0833330824971199;0.19528034329414368;1.0902767181396484;0.327358603477478;0.6115612387657166
129;7;3;4.854636910786073;0.9746253118181016;0.9943639039993286;0.9957427978515625;0.10698570311069489;0.0833330824971199;-0.24491165578365326;1.7498424053192139;0.989315927028656;1.9482436180114746
130;7;1;9.813140501910844;0.9999430038890083;0.9943639039993286;0.9957626461982727;0.106795534491539;0.08294972777366638;0.41138267517089844;1.110439658164978;0.049022771418094635;1.2765194177627563
130;7;2;9.812830861320645;0.9999430038892996;0.9943639039993286;0.9957626461982727;0.106795534491539;0.08294972777366638;0.1951274424791336;1.0933012962341309;0.3268183171749115;0.6120883226394653
130;7;3;4.838195014481567;0.9720089340061833;0.9943639039993286;0.9957626461982727;0.106795534491539;0.08294972777366638;-0.2455916404724121;1.754860520362854;0.9898157715797424;1.9489505290985107
131;7;1;9.8131403152193;0.9999430038890154;0.9943639039993286;0.9958070516586304;0.10652519017457962;0.08258257806301117;0.4134383201599121;1.1126458644866943;0.05071988329291344;1.2793662548065186
131;7;2;9.812765358770722;0.9999430038892747;0.9943639039993286;0.9958070516586304;0.10652519017457962;0.08258257806301117;0.19498978555202484;1.0962172746658325;0.32629382610321045;0.6126107573509216
131;7;3;4.830570814492329;0.9736348516970068;0.9943639039993286;0.9958070516586304;0.10652519017457962;0.08258257806301117;-0.24624401330947876;1.759705662727356;0.9902990460395813;1.9496339559555054
132;7;1;9.813140120656648;0.9999430038890083;0.9943639039993286;0.9958168864250183;0.10624335706233978;0.0822329893708229;0.41541600227355957;1.114764928817749;0.05241423845291138;1.2821568250656128
132;7;2;9.812155928557726;0.9999430038891184;0.9943639039993286;0.9958168864250183;0.10624335706233978;0.0822329893708229;0.19486339390277863;1.099031686782837;0.325780987739563;0.6131317615509033
132;7;3;4.7961739498842135;0.9773632855974537;0.9943639039993286;0.9958168864250183;0.10624335706233978;0.0822329893708229;-0.24686507880687714;1.7643879652023315;0.9907694458961487;1.9502992630004883
133;7;1;9.813139910751538;0.9999430038890083;0.9943639039993286;0.9958564639091492;0.10599609464406967;0.08189892768859863;0.4173194468021393;1.1168195009231567;0.05410950258374214;1.2848591804504395
133;7;2;9.810808961411542;0.9999430038887098;0.9943639039993286;0.9958564639091492;0.10599609464406967;0.08189892768859863;0.19474278390407562;1.1017512083053589;0.3252750039100647;0.6136555075645447
133;7;3;4.754628482538211;0.9735026364406831;0.9943639039993286;0.9958564639091492;0.10599609464406967;0.08189892768859863;-0.24744969606399536;1.7689180374145508;0.9912311434745789;1.950952172279358
134;7;1;9.813139790003952;0.999943003888994;0.9943639039993286;0.9958910346031189;0.10585146397352219;0.08158189803361893;0.41914206743240356;1.1188139915466309;0.05577188730239868;1.287490725517273
134;7;2;9.810741578518961;0.9999430038879709;0.9943639039993286;0.9958910346031189;0.10585146397352219;0.08158189803361893;0.19462966918945312;1.1043826341629028;0.32477912306785583;0.6141781210899353
134;7;3;4.755071648911972;0.9731136024740845;0.9943639039993286;0.9958910346031189;0.10585146397352219;0.08158189803361893;-0.24800440669059753;1.7733066082000732;0.9916817545890808;1.9515894651412964
135;7;1;9.813139699691334;0.9999430038890225;0.9943639039993286;0.9959156513214111;0.10578233748674393;0.08131509274244308;0.42084693908691406;1.120769739151001;0.05729946121573448;1.2900645732879639
135;7;2;9.810493622859006;0.9999430038871289;0.9943639039993286;0.9959156513214111;0.10578233748674393;0.08131509274244308;0.1945289969444275;1.106932520866394;0.3243003487586975;0.6146919131278992
135;7;3;4.74129218909494;0.9700811343054401;0.9943639039993286;0.9959156513214111;0.10578233748674393;0.08131509274244308;-0.2485405057668686;1.7775638103485107;0.9921156764030457;1.9522030353546143
136;7;1;9.813139692260968;0.9999430038890154;0.9943639039993286;0.9959502816200256;0.10572924464941025;0.08107347786426544;0.4224260449409485;1.1226998567581177;0.05865298584103584;1.2925817966461182
136;7;2;9.81090607579608;0.9999430038867274;0.9943639039993286;0.9959502816200256;0.10572924464941025;0.08107347786426544;0.1944444179534912;1.10940682888031;0.3238452672958374;0.6151891350746155
136;7;3;4.751454311251258;0.9798040777524708;0.9943639039993286;0.9959502816200256;0.10572924464941025;0.08107347786426544;-0.24906837940216064;1.7816998958587646;0.9925277829170227;1.952785849571228
137;7;1;9.813139838733889;0.9999430038890225;0.9943639039993286;0.9959650635719299;0.10564076155424118;0.08091229200363159;0.4238413870334625;1.1246472597122192;0.059726763516664505;1.2950044870376587
137;7;2;9.811286487709417;0.9999430038870472;0.9943639039993286;0.9959650635719299;0.10564076155424118;0.08091229200363159;0.1943725049495697;1.1118110418319702;0.3234126567840576;0.615669846534729
137;7;3;4.726648990358012;0.9806104899568684;0.9943639039993286;0.9959650635719299;0.10564076155424118;0.08091229200363159;-0.24958676099777222;1.7857221364974976;0.9929192662239075;1.9533395767211914
138;7;1;9.81314019483412;0.9999430038890154;0.9943639039993286;0.995979905128479;0.10559528321027756;0.08074928820133209;0.4252355098724365;1.1268582344055176;0.06084982305765152;1.2967270612716675
138;7;2;9.811043237749274;0.9999430038878003;0.9943639039993286;0.995979905128479;0.10559528321027756;0.08074928820133209;0.19430947303771973;1.1141505241394043;0.32300275564193726;0.6161329746246338
138;7;3;4.694313821431027;0.9774982727865034;0.9943639039993286;0.995979905128479;0.10559528321027756;0.08074928820133209;-0.2500952482223511;1.7896392345428467;0.9932901263237;1.9538639783859253
139;7;1;9.813140770416268;0.9999430038890154;0.9947665333747864;0.9960194230079651;0.10585802048444748;0.08055827021598816;0.42657944560050964;1.1292662620544434;0.06197564676403999;1.2979389429092407
139;7;2;9.810917988784908;0.9999430038885286;0.9947665333747864;0.9960194230079651;0.10585802048444748;0.08055827021598816;0.19428735971450806;1.116430640220642;0.32264894247055054;0.6165403723716736
139;7;3;4.684535965289891;0.9746082202396824;0.9947665333747864;0.9960194230079651;0.10585802048444748;0.08055827021598816;-0.25064408779144287;1.7934606075286865;0.9936131834983826;1.9543209075927734
140;7;1;9.813141509696749;0.9999430038890154;0.9947665333747864;0.9960441589355469;0.10606361925601959;0.0803743302822113;0.42776066064834595;1.1318291425704956;0.06283590942621231;1.2988457679748535
140;7;2;9.810567540739829;0.9999430038889656;0.9947665333747864;0.9960441589355469;0.10606361925601959;0.0803743302822113;0.19432440400123596;1.118653655052185;0.32236552238464355;0.6168745756149292
140;7;3;4.677089949464673;0.9761430351733598;0.9947665333747864;0.9960441589355469;0.10606361925601959;0.0803743302822113;-0.2512579560279846;1.7971913814544678;0.9938772320747375;1.9546942710876465
141;7;1;9.81314248932759;0.9999430038890225;0.9947665333747864;0.9960638284683228;0.10610131919384003;0.08020111173391342;0.4287617802619934;1.1344761848449707;0.06337942183017731;1.299591302871704
141;7;2;9.809889441353274;0.9999430038892108;0.9947665333747864;0.9960638284683228;0.10610131919384003;0.08020111173391342;0.1944030523300171;1.1208194494247437;0.3221278786659241;0.617160975933075
141;7;3;4.675061659539775;0.9799595354706394;0.9947665333747864;0.9960638284683228;0.10610131919384003;0.08020111173391342;-0.25190603733062744;1.8008307218551636;0.994102418422699;1.9550127983093262
142;7;1;9.813143647235279;0.9999430038890296;0.9947665333747864;0.9960688352584839;0.10611278563737869;0.08002864569425583;0.4295818507671356;1.1371628046035767;0.06358224153518677;1.300243616104126
142;7;2;9.809147084471636;0.999943003889296;0.9947665333747864;0.9960688352584839;0.10611278563737869;0.08002864569425583;0.1944885104894638;1.1229270696640015;0.3218950629234314;0.617444634437561
142;7;3;4.653402225492371;0.976316805396003;0.9947665333747864;0.9960688352584839;0.10611278563737869;0.08002864569425583;-0.2525328993797302;1.8043770790100098;0.9943221211433411;1.9553234577178955
143;7;1;9.813145031642279;0.9999430038890083;0.9947665333747864;0.9961280226707458;0.1063956618309021;0.07985861599445343;0.43022847175598145;1.1398690938949585;0.06346440315246582;1.3008345365524292
143;7;2;9.810036358043309;0.9999430038893102;0.9947665333747864;0.9961280226707458;0.1063956618309021;0.07985861599445343;0.19456899166107178;1.1249786615371704;0.3216545581817627;0.6177396178245544
143;7;3;4.624471318194022;0.977447672704848;0.9947665333747864;0.9961280226707458;0.1063956618309021;0.07985861599445343;-0.2531213164329529;1.8078335523605347;0.9945465922355652;1.9556409120559692
144;7;1;9.813146614528897;0.9999430038890225;0.9943639636039734;0.9961428642272949;0.10699795186519623;0.0796927884221077;0.430701345205307;1.1425501108169556;0.06303726881742477;1.3014814853668213
144;7;2;9.810964595266817;0.9999430038893173;0.9943639636039734;0.9961428642272949;0.10699795186519623;0.0796927884221077;0.19466687738895416;1.1269795894622803;0.32143330574035645;0.6180151104927063
144;7;3;4.62358997225407;0.9771840084698198;0.9943639636039734;0.9961428642272949;0.10699795186519623;0.0796927884221077;-0.2537088990211487;1.8112090826034546;0.9947541356086731;1.9559344053268433
145;7;1;9.813148336344241;0.9999430038890225;0.9943639636039734;0.9961478114128113;0.107536181807518;0.07953957468271255;0.4310096204280853;1.1451753377914429;0.0623309500515461;1.3022639751434326
145;7;2;9.811043539712585;0.9999430038893244;0.9943639636039734;0.9961478114128113;0.107536181807518;0.07953957468271255;0.19480407238006592;1.1289350986480713;0.3212595582008362;0.6182380318641663
145;7;3;4.603254386025357;0.9727227934245413;0.9943639636039734;0.9961478114128113;0.107536181807518;0.07953957468271255;-0.25433385372161865;1.814511775970459;0.9949221014976501;1.956171989440918
146;7;1;9.813150127147203;0.9999430038890083;0.9939613938331604;0.9961626529693604;0.10786594450473785;0.07939086109399796;0.4312675893306732;1.1477872133255005;0.06161189079284668;1.302991509437561
146;7;2;9.81040125110911;0.9999430038893102;0.9939613938331604;0.9961626529693604;0.10786594450473785;0.07939086109399796;0.19497297704219818;1.1308480501174927;0.32113033533096313;0.618411123752594
146;7;3;4.593488887543881;0.9767533800892565;0.9939613938331604;0.9961626529693604;0.10786594450473785;0.07939086109399796;-0.25498950481414795;1.8177452087402344;0.9950531125068665;1.9563572406768799
147;7;1;9.813151911376423;0.9999430038890154;0.9939613938331604;0.996157705783844;0.10802039504051208;0.07924474030733109;0.4315069317817688;1.1504278182983398;0.06095104292035103;1.303536295890808
147;7;2;9.812137292719157;0.9999430038893031;0.9939613938331604;0.996157705783844;0.10802039504051208;0.07924474030733109;0.19515450298786163;1.1327173709869385;0.3210263252258301;0.6185562014579773
147;7;3;4.581734553874725;0.9765082760863493;0.9939613938331604;0.996157705783844;0.10802039504051208;0.07924474030733109;-0.2556488513946533;1.8209067583084106;0.9951627850532532;1.9565123319625854
148;7;1;9.813153681491343;0.9999430038890083;0.9939613938331604;0.9961626529693604;0.10817219316959381;0.07909348607063293;0.43171462416648865;1.1530379056930542;0.06029641628265381;1.3040205240249634
148;7;2;9.812177118752363;0.9999430038893173;0.9939613938331604;0.9961626529693604;0.10817219316959381;0.07909348607063293;0.19534547626972198;1.134540319442749;0.32094067335128784;0.6186807751655579
148;7;3;4.556521160692551;0.9805462513737577;0.9939613938331604;0.9961626529693604;0.10817219316959381;0.07909348607063293;-0.25630518794059753;1.8239920139312744;0.9952568411827087;1.9566453695297241
149;7;1;9.813155365955133;0.9999430038890296;0.9935588240623474;0.9961626529693604;0.10830394178628922;0.07895272225141525;0.4318734109401703;1.1555495262145996;0.05959867313504219;1.304587960243225
149;7;2;9.810651315330826;0.9999430038893244;0.9935588240623474;0.9961626529693604;0.10830394178628922;0.07895272225141525;0.1955493986606598;1.1363131999969482;0.32087141275405884;0.6187870502471924
149;7;3;4.538482588417075;0.9822984955473633;0.9935588240623474;0.9961626529693604;0.10830394178628922;0.07895272225141525;-0.25696033239364624;1.8269952535629272;0.9953368306159973;1.9567584991455078
150;7;1;9.813157012150377;0.9999430038890154;0.9935588240623474;0.996147871017456;0.108330637216568;0.07882622629404068;0.43197137117385864;1.157910943031311;0.0588027723133564;1.3053380250930786
150;7;2;9.810863669466464;0.9999430038893315;0.9935588240623474;0.996147871017456;0.108330637216568;0.07882622629404068;0.19575777649879456;1.138032078742981;0.3208045959472656;0.6188910007476807
150;7;3;4.515076562298695;0.9809241549368615;0.9935588240623474;0.996147871017456;0.108330637216568;0.07882622629404068;-0.2575986981391907;1.8299096822738647;0.9954140782356262;1.9568676948547363
151;7;1;9.813158591821342;0.9999430038890083;0.9935588240623474;0.9961429238319397;0.10829471051692963;0.07870572060346603;0.4321424067020416;1.1603540182113647;0.058206021785736084;1.305661678314209
151;7;2;9.812219105047053;0.9999430038893244;0.9935588240623474;0.9961429238319397;0.10829471051692963;0.07870572060346603;0.1959511786699295;1.1396939754486084;0.32071805000305176;0.6190183758735657
151;7;3;4.482063715215492;0.9739169940092989;0.9935588240623474;0.9961429238319397;0.10829471051692963;0.07870572060346603;-0.25819113850593567;1.8327304124832153;0.995506227016449;1.9569981098175049
152;7;1;9.813160042348088;0.9999430038890011;0.9935587644577026;0.9961379170417786;0.10857589542865753;0.07856540381908417;0.4323522746562958;1.162798523902893;0.057725656777620316;1.3057632446289062
152;7;2;9.812246856994669;0.9999430038893244;0.9935587644577026;0.9961379170417786;0.10857589542865753;0.07856540381908417;0.1961504966020584;1.1412984132766724;0.3206299841403961;0.6191480159759521
152;7;3;4.4474796539176715;0.9664306343537135;0.9935587644577026;0.9961379170417786;0.10857589542865753;0.07856540381908417;-0.25876694917678833;1.8354567289352417;0.9955988526344299;1.9571290016174316
153;7;1;9.81316140788865;0.9999430038890225;0.9935588240623474;0.9961675405502319;0.10893962532281876;0.07843780517578125;0.43257036805152893;1.1651794910430908;0.057293809950351715;1.3058133125305176
153;7;2;9.812247960548213;0.9999430038893138;0.9935588240623474;0.9961675405502319;0.10893962532281876;0.07843780517578125;0.19637325406074524;1.142845630645752;0.3205559551715851;0.6192616820335388
153;7;3;4.429309380697756;0.9703362201964705;0.9935588240623474;0.9961675405502319;0.10893962532281876;0.07843780517578125;-0.25935107469558716;1.838089942932129;0.9956796765327454;1.9572433233261108
154;7;1;9.813162645979283;0.9999430038890154;0.9935588240623474;0.9961626529693604;0.10917800664901733;0.07831523567438126;0.4327883720397949;1.1674565076828003;0.05686306953430176;1.3058929443359375
154;7;2;9.81223450515693;0.9999430038893244;0.9935588240623474;0.9961626529693604;0.10917800664901733;0.07831523567438126;0.19660234451293945;1.1443359851837158;0.3204769790172577;0.6193813681602478
154;7;3;4.402758219020011;0.967974005052433;0.9935588240623474;0.9961626529693604;0.10917800664901733;0.07831523567438126;-0.25991833209991455;1.8406295776367188;0.9957637190818787;1.957362174987793
155;7;1;9.813163781164143;0.9999430038889869;0.9931561946868896;0.9961774349212646;0.10940228402614594;0.07820101082324982;0.4330178201198578;1.169619083404541;0.05642054229974747;1.305999755859375
155;7;2;9.812205209974742;0.9999430038893173;0.9931561946868896;0.9961774349212646;0.10940228402614594;0.07820101082324982;0.1968032717704773;1.1457704305648804;0.320359468460083;0.61954665184021
155;7;3;4.376046714971645;0.9686905950106066;0.9931561946868896;0.9961774349212646;0.10940228402614594;0.07820101082324982;-0.26042068004608154;1.8430765867233276;0.9958775639533997;1.957523226737976
156;7;1;9.813164788864007;0.9999430038890225;0.9931561946868896;0.9961526989936829;0.10986503958702087;0.0780951976776123;0.4333277642726898;1.1717424392700195;0.05615590885281563;1.3059239387512207
156;7;2;9.812162220474356;0.9999430038893209;0.9931561946868896;0.9961526989936829;0.10986503958702087;0.0780951976776123;0.19696573913097382;1.1471534967422485;0.3201988637447357;0.619763195514679
156;7;3;4.364522159907182;0.9715734142151344;0.9931561946868896;0.9961526989936829;0.10986503958702087;0.0780951976776123;-0.26084890961647034;1.8454375267028809;0.9960247874259949;1.9577313661575317
157;7;1;9.81316569726497;0.9999430038890154;0.9935587644577026;0.9961626529693604;0.1106533408164978;0.0779750794172287;0.43373194336891174;1.1738392114639282;0.05614863708615303;1.3056676387786865
157;7;2;9.812109798472129;0.9999430038893173;0.9935587644577026;0.9961626529693604;0.1106533408164978;0.0779750794172287;0.19712509214878082;1.148492693901062;0.32003775238990784;0.6199811697006226
157;7;3;4.3607570918948255;0.96995288166924;0.9935587644577026;0.9961626529693604;0.1106533408164978;0.0779750794172287;-0.2612605094909668;1.8477240800857544;0.996171772480011;1.9579392671585083
158;7;1;9.813166488049063;0.9999430038890154;0.9931561946868896;0.996147871017456;0.11145845055580139;0.07785546034574509;0.43420466780662537;1.1758744716644287;0.056359101086854935;1.3053621053695679
158;7;2;9.812042078642133;0.9999430038893102;0.9931561946868896;0.996147871017456;0.11145845055580139;0.07785546034574509;0.1973155438899994;1.149793267250061;0.319914311170578;0.6201550960540771
158;7;3;4.354508210622967;0.9711953248893419;0.9931561946868896;0.996147871017456;0.11145845055580139;0.07785546034574509;-0.2617085576057434;1.8499459028244019;0.9962885975837708;1.9581044912338257
159;7;1;9.813167122495877;0.9999430038890225;0.9931561946868896;0.9961379766464233;0.1119375079870224;0.0777360051870346;0.43473267555236816;1.1778172254562378;0.05673021078109741;1.305080771446228
159;7;2;9.81195165319507;0.9999430038893173;0.9931561946868896;0.9961379766464233;0.1119375079870224;0.0777360051870346;0.19752267003059387;1.1510570049285889;0.3198127746582031;0.6203033924102783
159;7;3;4.346374111376628;0.9729147126646289;0.9931561946868896;0.9961379766464233;0.1119375079870224;0.0777360051870346;-0.26217207312583923;1.8521056175231934;0.9963876605033875;1.9582445621490479
160;7;1;9.81316767185934;0.9999430038890154;0.9927536249160767;0.996157705783844;0.11219523102045059;0.07762546092271805;0.43531176447868347;1.1796557903289795;0.05721577629446983;1.3048261404037476
160;7;2;9.811838141627703;0.9999430038893209;0.9927536249160767;0.996157705783844;0.11219523102045059;0.07762546092271805;0.19770143926143646;1.1522830724716187;0.3196839690208435;0.6204845309257507
160;7;3;4.341372631501095;0.973259386196089;0.9927536249160767;0.996157705783844;0.11219523102045059;0.07762546092271805;-0.2625841200351715;1.8542011976242065;0.9965075850486755;1.9584141969680786
161;7;1;9.81316809246173;0.9999430038890154;0.9927536249160767;0.996157705783844;0.11255065351724625;0.07753262668848038;0.4359038472175598;1.1813775300979614;0.05768879875540733;1.3046506643295288
161;7;2;9.811600743355147;0.9999430038893173;0.9927536249160767;0.996157705783844;0.11255065351724625;0.07753262668848038;0.19783000648021698;1.15347158908844;0.31950291991233826;0.6207289099693298
161;7;3;4.3366446769521225;0.9785823471213817;0.9927536249160767;0.996157705783844;0.11255065351724625;0.07753262668848038;-0.26291170716285706;1.8562332391738892;0.9966679215431213;1.9586409330368042
162;7;1;9.813168526648838;0.9999430038890154;0.9927536249160767;0.9961823225021362;0.11315380781888962;0.07744627445936203;0.4364876449108124;1.1829499006271362;0.05811116844415665;1.3046660423278809
162;7;2;9.809253136585937;0.9999430038893138;0.9927536249160767;0.9961823225021362;0.11315380781888962;0.07744627445936203;0.19793349504470825;1.1546257734298706;0.3192957639694214;0.621005654335022
162;7;3;4.3279107134390635;0.9774465246063357;0.9927536249160767;0.9961823225021362;0.11315380781888962;0.07744627445936203;-0.26319217681884766;1.8582079410552979;0.9968482851982117;1.9588960409164429
163;7;1;9.813168898413473;0.9999430038890367;0.9927536249160767;0.9961972236633301;0.11379032582044601;0.07736516743898392;0.43705740571022034;1.1843870878219604;0.058506179600954056;1.3048815727233887
163;7;2;9.809344718334195;0.9999430038893173;0.9927536249160767;0.9961972236633301;0.11379032582044601;0.07736516743898392;0.19804485142230988;1.1557508707046509;0.3190993070602417;0.6212707757949829
163;7;3;4.315359820120513;0.9733112551569558;0.9927536249160767;0.9961972236633301;0.11379032582044601;0.07736516743898392;-0.2634759545326233;1.8601336479187012;0.9970198273658752;1.9591385126113892
164;7;1;9.813169241722363;0.9999430038890083;0.9927536249160767;0.9961971640586853;0.11422290652990341;0.07727186381816864;0.4377216398715973;1.1859245300292969;0.05916595458984375;1.3047215938568115
164;7;2;9.811300494734372;0.9999430038893067;0.9927536249160767;0.9961971640586853;0.11422290652990341;0.07727186381816864;0.19816511869430542;1.1568502187728882;0.3189184367656708;0.6215178966522217
164;7;3;4.311952048248127;0.9791033375060572;0.9927536249160767;0.9961971640586853;0.11422290652990341;0.07727186381816864;-0.26376813650131226;1.862016201019287;0.9971787333488464;1.959363341331482
165;7;1;9.81316951483403;0.9999430038890154;0.9927536249160767;0.9962169528007507;0.1146707683801651;0.07714811712503433;0.438452810049057;1.1875150203704834;0.06001826748251915;1.3043177127838135
165;7;2;9.81117422701131;0.9999430038893102;0.9927536249160767;0.9962169528007507;0.1146707683801651;0.07714811712503433;0.19829873740673065;1.1579259634017944;0.3187560737133026;0.6217432022094727
165;7;3;4.311616417583524;0.9734489031423941;0.9927536249160767;0.9962169528007507;0.1146707683801651;0.07714811712503433;-0.2640742063522339;1.8638590574264526;0.9973227381706238;1.9595669507980347
166;7;1;9.813169757243642;0.9999430038890154;0.9927536249160767;0.9962367415428162;0.115079864859581;0.07702677696943283;0.4392162263393402;1.189104437828064;0.06097123771905899;1.3038115501403809
166;7;2;9.810854440277986;0.9999430038893138;0.9927536249160767;0.9962367415428162;0.115079864859581;0.07702677696943283;0.1984410583972931;1.15897798538208;0.3186020851135254;0.62195885181427
166;7;3;4.303380906239354;0.9744513679090225;0.9927536249160767;0.9962367415428162;0.115079864859581;0.07702677696943283;-0.26438355445861816;1.8656624555587769;0.9974598288536072;1.9597607851028442
167;7;1;9.813169950415997;0.9999430038890154;0.9931561946868896;0.9962269067764282;0.11547110974788666;0.07691436260938644;0.439918577671051;1.1907039880752563;0.06181061267852783;1.3032599687576294
167;7;2;9.80945406324723;0.9999430038893209;0.9931561946868896;0.9962269067764282;0.11547110974788666;0.07691436260938644;0.1985785961151123;1.1600046157836914;0.3184366226196289;0.6221891641616821
167;7;3;4.293933405380681;0.9741585120525418;0.9931561946868896;0.9962269067764282;0.11547110974788666;0.07691436260938644;-0.2646724283695221;1.8674249649047852;0.9976053833961487;1.9599666595458984
168;7;1;9.813170197190658;0.9999430038890225;0.9931561946868896;0.9962021112442017;0.11602099984884262;0.07682213932275772;0.44052934646606445;1.1922667026519775;0.06243395805358887;1.3027899265289307
168;7;2;9.810663932782852;0.9999430038893138;0.9931561946868896;0.9962021112442017;0.11602099984884262;0.07682213932275772;0.1987077295780182;1.1610066890716553;0.3182532787322998;0.6224424242973328
168;7;3;4.285099397738376;0.977406061853646;0.9931561946868896;0.9962021112442017;0.11602099984884262;0.07682213932275772;-0.2649335265159607;1.8691486120224;0.9977644085884094;1.9601916074752808
169;7;1;9.813170497688091;0.9999430038890154;0.9927536249160767;0.9962218999862671;0.11674591898918152;0.07673755288124084;0.4410441815853119;1.1937644481658936;0.06283140182495117;1.3024791479110718
169;7;2;9.81047388709808;0.9999430038893173;0.9927536249160767;0.9962218999862671;0.11674591898918152;0.07673755288124084;0.19883690774440765;1.1619877815246582;0.31806260347366333;0.6227054595947266
169;7;3;4.268163566840668;0.9772845343211767;0.9927536249160767;0.9962218999862671;0.11674591898918152;0.07673755288124084;-0.2651806175708771;1.8708382844924927;0.9979286789894104;1.9604239463806152
170;7;1;9.813170828024269;0.9999430038890083;0.9927536249160767;0.9962416887283325;0.11742794513702393;0.07666124403476715;0.441472589969635;1.1951866149902344;0.06302379816770554;1.3023591041564941
170;7;2;9.810280218098445;0.999943003889328;0.9927536249160767;0.9962416887283325;0.11742794513702393;0.07666124403476715;0.19897235929965973;1.1629524230957031;0.3178771734237671;0.6229628920555115
170;7;3;4.264030902689452;0.9714918597713016;0.9927536249160767;0.9962416887283325;0.11742794513702393;0.07666124403476715;-0.26542776823043823;1.8725017309188843;0.9980884194374084;1.960649847984314
171;7;1;9.81317118485363;0.9999430038890083;0.9931561946868896;0.9962762594223022;0.11806249618530273;0.07659376412630081;0.44185471534729004;1.1965478658676147;0.06311183422803879;1.302372694015503
171;7;2;9.810093466209416;0.9999430038893173;0.9931561946868896;0.9962762594223022;0.11806249618530273;0.07659376412630081;0.19910983741283417;1.163906216621399;0.31770122051239014;0.6232092380523682
171;7;3;4.280879611685798;0.9809575438106606;0.9931561946868896;0.9962762594223022;0.11806249618530273;0.07659376412630081;-0.26567599177360535;1.8741458654403687;0.9982405304908752;1.9608649015426636
172;7;1;9.813171592047837;0.9999430038890083;0.9931561946868896;0.9962663650512695;0.11863019317388535;0.07653592526912689;0.4422183036804199;1.197867751121521;0.0631464496254921;1.3024605512619019
172;7;2;9.809932241497762;0.9999430038893138;0.9931561946868896;0.9962663650512695;0.11863019317388535;0.07653592526912689;0.1992408037185669;1.1648527383804321;0.3175339698791504;0.6234452724456787
172;7;3;4.276076923697776;0.9780394335671954;0.9931561946868896;0.9962663650512695;0.11863019317388535;0.07653592526912689;-0.2659197449684143;1.8757761716842651;0.998385488986969;1.961069941520691
173;7;1;9.813172012727065;0.9999430038890083;0.9931561946868896;0.9962811470031738;0.11912944167852402;0.07648225873708725;0.44258013367652893;1.1991537809371948;0.06315942108631134;1.302600383758545
173;7;2;9.809806877882927;0.9999430038893138;0.9931561946868896;0.9962811470031738;0.11912944167852402;0.07648225873708725;0.19936750829219818;1.165794849395752;0.3173827528953552;0.6236616373062134
173;7;3;4.264300935552994;0.9760006303186657;0.9931561946868896;0.9962811470031738;0.11912944167852402;0.07648225873708725;-0.2661665081977844;1.8773962259292603;0.9985175728797913;1.961256742477417
174;7;1;9.813172490171667;0.9999430038890225;0.9931561946868896;0.9962664246559143;0.11951132863759995;0.07642744481563568;0.44294166564941406;1.2003968954086304;0.06315501779317856;1.3028165102005005
174;7;2;9.809719196736864;0.9999430038893244;0.9931561946868896;0.9962664246559143;0.11951132863759995;0.07642744481563568;0.1995002031326294;1.1667333841323853;0.31725913286209106;0.6238433718681335
174;7;3;4.2603273462914295;0.9812589296640883;0.9931561946868896;0.9962664246559143;0.11951132863759995;0.07642744481563568;-0.26643189787864685;1.8790074586868286;0.9986280798912048;1.961413025856018
175;7;1;9.813172975819604;0.9999430038890154;0.9927536249160767;0.9962564706802368;0.11958873271942139;0.07636919617652893;0.4432978630065918;1.20158052444458;0.06311674416065216;1.3031458854675293
175;7;2;9.80966006851962;0.9999430038893138;0.9927536249160767;0.9962564706802368;0.11958873271942139;0.07636919617652893;0.19964085519313812;1.1676664352416992;0.3171624541282654;0.623991072177887
175;7;3;4.257018002919743;0.9797986353446664;0.9927536249160767;0.9962564706802368;0.11958873271942139;0.07636919617652893;-0.2667168974876404;1.8806071281433105;0.9987173676490784;1.9615392684936523
176;7;1;9.813173477479197;0.9999430038890225;0.9927536249160767;0.9962614178657532;0.11945308744907379;0.07630819082260132;0.44364133477211;1.202688455581665;0.06301376968622208;1.3036112785339355
176;7;2;9.809622848392884;0.9999430038893315;0.9927536249160767;0.9962614178657532;0.11945308744907379;0.07630819082260132;0.19977758824825287;1.1685904264450073;0.31707581877708435;0.6241261959075928
176;7;3;4.23625811417511;0.9788832356063235;0.9927536249160767;0.9962614178657532;0.11945308744907379;0.07630819082260132;-0.26700103282928467;1.8821897506713867;0.998798668384552;1.9616541862487793
177;7;1;9.813173987177258;0.9999430038890154;0.9927536249160767;0.9962564706802368;0.11928733438253403;0.07624755054712296;0.44396504759788513;1.2037078142166138;0.06281659752130508;1.3042277097702026
177;7;2;9.809599746849411;0.9999430038893209;0.9927536249160767;0.9962564706802368;0.11928733438253403;0.07624755054712296;0.1998973935842514;1.1695013046264648;0.31698092818260193;0.6242721080780029
177;7;3;4.229859168566424;0.9817195550793585;0.9927536249160767;0.9962564706802368;0.11928733438253403;0.07624755054712296;-0.2672622799873352;1.8837488889694214;0.9988861680030823;1.9617780447006226
178;7;1;9.813174512801417;0.9999430038890225;0.9927536249160767;0.9962614178657532;0.11918801814317703;0.0761878490447998;0.44426241517066956;1.2046302556991577;0.06250777095556259;1.3050105571746826
178;7;2;9.809587544075558;0.9999430038893209;0.9927536249160767;0.9962614178657532;0.11918801814317703;0.0761878490447998;0.19999952614307404;1.170396327972412;0.31687313318252563;0.6244348883628845
178;7;3;4.213640328726971;0.977454239811399;0.9927536249160767;0.9962614178657532;0.11918801814317703;0.0761878490447998;-0.2674967646598816;1.885280966758728;0.9989833235740662;1.961915373802185
179;7;1;9.813175036416702;0.9999430038890154;0.9927536249160767;0.9962811470031738;0.1191902607679367;0.07612846046686172;0.44453439116477966;1.2054564952850342;0.06209443882107735;1.3059583902359009
179;7;2;9.809577325518337;0.9999430038893138;0.9927536249160767;0.9962811470031738;0.1191902607679367;0.07612846046686172;0.20009157061576843;1.1712745428085327;0.3167589604854584;0.624606192111969
179;7;3;4.2036586480625004;0.976618376894141;0.9927536249160767;0.9962811470031738;0.1191902607679367;0.07612846046686172;-0.2677147388458252;1.8867839574813843;0.9990852475166321;1.962059497833252
180;7;1;9.813175552473894;0.9999430038890083;0.9927536249160767;0.9962860941886902;0.11927425116300583;0.07606923580169678;0.4448035657405853;1.2061972618103027;0.061628758907318115;1.3070294857025146
180;7;2;9.80956294212264;0.9999430038893173;0.9927536249160767;0.9962860941886902;0.11927425116300583;0.07606923580169678;0.20017698407173157;1.172135829925537;0.3166431784629822;0.624779999256134
180;7;3;4.199855945050603;0.9781380708866578;0.9927536249160767;0.9962860941886902;0.11927425116300583;0.07606923580169678;-0.26792246103286743;1.8882580995559692;0.999188244342804;1.962205171585083
181;7;1;9.813176022318189;0.9999430038890011;0.9927536249160767;0.9962959885597229;0.11940445005893707;0.07601021230220795;0.44508782029151917;1.2068814039230347;0.06115013360977173;1.3081457614898682
181;7;2;9.809543236860321;0.9999430038893138;0.9927536249160767;0.9962959885597229;0.11940445005893707;0.07601021230220795;0.2002509981393814;1.1729811429977417;0.3165236711502075;0.6249590516090393
181;7;3;4.193698080780848;0.970663560136872;0.9927536249160767;0.9962959885597229;0.11940445005893707;0.07601021230220795;-0.2681158185005188;1.8897035121917725;0.999293863773346;1.9623545408248901
182;7;1;9.813176484039197;0.9999430038890154;0.9927536249160767;0.9962910413742065;0.11950753629207611;0.07595375180244446;0.44540444016456604;1.2075390815734863;0.060700275003910065;1.3092302083969116
182;7;2;9.809520539676662;0.9999430038893244;0.9927536249160767;0.9962910413742065;0.11950753629207611;0.07595375180244446;0.2003108561038971;1.1738115549087524;0.3164006173610687;0.6251431107521057
182;7;3;4.185335133767044;0.97232970032581;0.9927536249160767;0.9962910413742065;0.11950753629207611;0.07595375180244446;-0.268293559551239;1.8911216259002686;0.9994021058082581;1.962507724761963
183;7;1;9.813176918242782;0.9999430038890225;0.9927536249160767;0.9962959885597229;0.11957012116909027;0.07589959353208542;0.44576215744018555;1.2081924676895142;0.06030933931469917;1.310235619544983
183;7;2;9.80949773005425;0.9999430038893244;0.9927536249160767;0.9962959885597229;0.11957012116909027;0.07589959353208542;0.20036298036575317;1.1746281385421753;0.31628209352493286;0.6253218054771423
183;7;3;4.193929954989075;0.9774210524573146;0.9927536249160767;0.9962959885597229;0.11957012116909027;0.07589959353208542;-0.26846644282341003;1.892514705657959;0.9995066523551941;1.9626555442810059
184;7;1;9.813177330854892;0.9999430038890225;0.9927536249160767;0.9963058829307556;0.11964843422174454;0.07584784924983978;0.446150541305542;1.208855390548706;0.059950508177280426;1.3111518621444702
184;7;2;9.809135458072635;0.999943003889328;0.9927536249160767;0.9963058829307556;0.11964843422174454;0.07584784924983978;0.20041650533676147;1.1754319667816162;0.3161771893501282;0.6254830360412598
184;7;3;4.183933656103504;0.9792765290291268;0.9927536249160767;0.9963058829307556;0.11964843422174454;0.07584784924983978;-0.2686474025249481;1.8938839435577393;0.9996005892753601;1.9627883434295654
185;7;1;9.813177713071063;0.9999430038890225;0.9927536249160767;0.9963009357452393;0.11973027884960175;0.07579775154590607;0.44656601548194885;1.2095330953598022;0.05963016673922539;1.311974287033081
185;7;2;9.8072265228699;0.9999430038893067;0.9927536249160767;0.9963009357452393;0.11973027884960175;0.07579775154590607;0.20047627389431;1.176222801208496;0.3160887360572815;0.6256229877471924
185;7;3;4.167789052240142;0.9787867383232403;0.9927536249160767;0.9963009357452393;0.11973027884960175;0.07579775154590607;-0.2688419818878174;1.8952298164367676;0.9996817708015442;1.9629031419754028
186;7;1;9.813178072358014;0.9999430038890083;0.9927536249160767;0.9963156580924988;0.11978989094495773;0.07574856281280518;0.44700342416763306;1.2102268934249878;0.05934378132224083;1.312699317932129
186;7;2;9.807563675470611;0.9999430038893209;0.9927536249160767;0.9963156580924988;0.11978989094495773;0.07574856281280518;0.20053790509700775;1.1770002841949463;0.3160090148448944;0.6257516741752625
186;7;3;4.159056929499609;0.9714698728999895;0.9927536249160767;0.9963156580924988;0.11978989094495773;0.07574856281280518;-0.26904159784317017;1.8965518474578857;0.9997561573982239;1.9630084037780762
187;7;1;9.813178399043757;0.9999430038890225;0.9927536249160767;0.9963206648826599;0.11985661834478378;0.07570068538188934;0.44745469093322754;1.2109335660934448;0.059078361839056015;1.3133348226547241
187;7;2;9.808523294007848;0.999943003889328;0.9927536249160767;0.9963206648826599;0.11985661834478378;0.07570068538188934;0.2005952000617981;1.1777628660202026;0.315927654504776;0.6258828043937683
187;7;3;4.157170729483724;0.9754081397799776;0.9927536249160767;0.9963206648826599;0.11985661834478378;0.07570068538188934;-0.2692343592643738;1.8978484869003296;0.9998316168785095;1.9631150960922241
188;7;1;9.813178705022281;0.9999430038890083;0.9927536249160767;0.9963206648826599;0.11996874213218689;0.07565418630838394;0.4479072690010071;1.211645483970642;0.058814823627471924;1.3139067888259888
188;7;2;9.80936591994567;0.9999430038893138;0.9927536249160767;0.9963206648826599;0.11996874213218689;0.07565418630838394;0.2006489634513855;1.1785098314285278;0.315841406583786;0.626020610332489
188;7;3;4.151314432975946;0.9769296189275387;0.9927536249160767;0.9963206648826599;0.11996874213218689;0.07565418630838394;-0.269418329000473;1.8991197347640991;0.9999107718467712;1.9632270336151123
189;7;1;9.813178967581408;0.9999430038890154;0.9927536249160767;0.9963157176971436;0.12012340128421783;0.07560916990041733;0.4483482539653778;1.2123531103134155;0.05853762850165367;1.3144490718841553
189;7;2;9.809335857032437;0.9999430038893315;0.9927536249160767;0.9963157176971436;0.12012340128421783;0.07560916990041733;0.20070496201515198;1.1792411804199219;0.31575289368629456;0.6261616945266724
189;7;3;4.1409357633325925;0.9780839975038234;0.9927536249160767;0.9963157176971436;0.12012340128421783;0.07560916990041733;-0.2695991098880768;1.9003657102584839;0.9999914765357971;1.9633411169052124
190;7;1;9.813179239131244;0.999943003888994;0.9927536249160767;0.9963157773017883;0.12028761953115463;0.075565405189991;0.44877052307128906;1.2130523920059204;0.05823957920074463;1.3149795532226562
190;7;2;9.809248048001916;0.9999430038893173;0.9927536249160767;0.9963157773017883;0.12028761953115463;0.075565405189991;0.20076562464237213;1.1799570322036743;0.3156627118587494;0.6263052225112915
190;7;3;4.132293032271768;0.9785680830297423;0.9927536249160767;0.9963157773017883;0.12028761953115463;0.075565405189991;-0.2697785794734955;1.901586890220642;1.0000733137130737;1.9634569883346558
191;7;1;9.813179486491691;0.9999430038890296;0.9927536249160767;0.996310830116272;0.12044485658407211;0.07552248984575272;0.4491739273071289;1.2137451171875;0.057923462241888046;1.3154927492141724
191;7;2;9.80827327182882;0.9999430038893351;0.9927536249160767;0.996310830116272;0.12044485658407211;0.07552248984575272;0.2008274495601654;1.1806576251983643;0.3155672550201416;0.6264560222625732
191;7;3;4.133722878337437;0.9791760054858187;0.9927536249160767;0.996310830116272;0.12044485658407211;0.07552248984575272;-0.26995164155960083;1.9027847051620483;1.0001591444015503;1.9635783433914185
192;7;1;9.813179692486067;0.9999430038890225;0.9927536249160767;0.9963256120681763;0.12060768157243729;0.075480617582798;0.4495615065097809;1.2144376039505005;0.05759664997458458;1.315975546836853
192;7;2;9.806774360148715;0.9999430038893173;0.9927536249160767;0.9963256120681763;0.12060768157243729;0.075480617582798;0.20088791847229004;1.1813440322875977;0.3154648244380951;0.6266165375709534
192;7;3;4.127902090136768;0.976963914959537;0.9927536249160767;0.9963256120681763;0.12060768157243729;0.075480617582798;-0.27011507749557495;1.9039599895477295;1.000250220298767;1.9637072086334229
193;7;1;9.813179921895667;0.9999430038890225;0.9927536249160767;0.9963157176971436;0.12078287452459335;0.0754396915435791;0.44993525743484497;1.215133547782898;0.05726795271039009;1.3164225816726685
193;7;2;9.806781560617456;0.9999430038893173;0.9927536249160767;0.9963157176971436;0.12078287452459335;0.0754396915435791;0.2009502500295639;1.18201744556427;0.31536048650741577;0.6267800331115723
193;7;3;4.125215307159408;0.979303773440785;0.9927536249160767;0.9963157176971436;0.12078287452459335;0.0754396915435791;-0.2702745199203491;1.905114769935608;1.0003427267074585;1.96383798122406
194;7;1;9.813180111094653;0.9999430038890011;0.9927536249160767;0.9963157176971436;0.1209450513124466;0.0753997191786766;0.45029622316360474;1.215834379196167;0.056944847106933594;1.3168370723724365
194;7;2;9.807405701261509;0.999943003889328;0.9927536249160767;0.9963157176971436;0.1209450513124466;0.0753997191786766;0.2010199874639511;1.1826791763305664;0.31526148319244385;0.626936674118042
194;7;3;4.121735236971608;0.9792421602129533;0.9927536249160767;0.9963157176971436;0.1209450513124466;0.0753997191786766;-0.27043890953063965;1.9062509536743164;1.0004310607910156;1.9639629125595093
195;7;1;9.813180308969308;0.9999430038890011;0.9927536249160767;0.9963207244873047;0.12105855345726013;0.0753604993224144;0.4506455957889557;1.2165403366088867;0.0566302053630352;1.3172194957733154
195;7;2;9.807415671270999;0.9999430038893244;0.9927536249160767;0.9963207244873047;0.12105855345726013;0.0753604993224144;0.20109787583351135;1.183329701423645;0.3151702284812927;0.6270832419395447
195;7;3;4.12098281998472;0.9798803181461295;0.9927536249160767;0.9963207244873047;0.12105855345726013;0.0753604993224144;-0.2706102132797241;1.9073693752288818;1.0005133152008057;1.9640792608261108
196;7;1;9.813180506358982;0.9999430038890154;0.9927536249160767;0.9963157176971436;0.1211182102560997;0.07532183825969696;0.45098501443862915;1.2172508239746094;0.05632207542657852;1.3175675868988037
196;7;2;9.80692495192914;0.9999430038893244;0.9927536249160767;0.9963157176971436;0.1211182102560997;0.07532183825969696;0.20117966830730438;1.1839690208435059;0.3150833547115326;0.6272242069244385
196;7;3;4.121679872817266;0.9784830954344628;0.9927536249160767;0.9963157176971436;0.1211182102560997;0.07532183825969696;-0.2707828879356384;1.908469319343567;1.0005922317504883;1.9641908407211304
197;7;1;9.813180690266897;0.9999430038890154;0.9927536249160767;0.996310830116272;0.121150441467762;0.07528389990329742;0.4513135850429535;1.2179615497589111;0.05601313337683678;1.317887783050537
197;7;2;9.806380485419162;0.9999430038893244;0.9927536249160767;0.996310830116272;0.121150441467762;0.07528389990329742;0.20126210153102875;1.1845968961715698;0.31499797105789185;0.627363383769989
197;7;3;4.116790187583927;0.9796136016448393;0.9927536249160767;0.996310830116272;0.121150441467762;0.07528389990329742;-0.2709522843360901;1.909550666809082;1.0006698369979858;1.964300513267517
198;7;1;9.813180887443252;0.9999430038890296;0.9927536249160767;0.9963158369064331;0.12117956578731537;0.07524675130844116;0.4516284167766571;1.2186652421951294;0.0556936040520668;1.3181982040405273
198;7;2;9.805954509656587;0.9999430038893067;0.9927536249160767;0.9963158369064331;0.12117956578731537;0.07524675130844116;0.20134612917900085;1.1852129697799683;0.3149152398109436;0.6274991631507874
198;7;3;4.104807781363657;0.9758501012850367;0.9927536249160767;0.9963158369064331;0.12117956578731537;0.07524675130844116;-0.27111974358558655;1.9106125831604004;1.0007452964782715;1.9644073247909546
199;7;1;9.813181061621982;0.9999430038890011;0.9927536249160767;0.9963157176971436;0.1211593970656395;0.07521060109138489;0.4519258141517639;1.2193552255630493;0.055353403091430664;1.3185172080993652
199;7;2;9.805643158139812;0.9999430038893173;0.9927536249160767;0.9963157176971436;0.1211593970656395;0.07521060109138489;0.20143382251262665;1.185817003250122;0.3148374557495117;0.6276283860206604
199;7;3;4.093271795282076;0.9739517633359469;0.9927536249160767;0.9963157176971436;0.1211593970656395;0.07521060109138489;-0.27128806710243225;1.9116547107696533;1.0008169412612915;1.9645086526870728
0;8;1;9.809154176048835;0.9999430038890935;0.1694847047328949;0.18724936246871948;0.7927218675613403;0.7679839134216309;0.007384979631751776;0.48166683316230774;0.013834917917847633;0.5272898077964783
0;8;2;9.423824980917669;0.9573566175509889;0.1694847047328949;0.18724936246871948;0.7927218675613403;0.7679839134216309;0.01810268685221672;0.285550057888031;-0.13961175084114075;0.23384696245193481
0;8;3;5.559929217651682;0.30201716953543567;0.1694847047328949;0.18724936246871948;0.7927218675613403;0.7679839134216309;0.2793395519256592;0.2530807554721832;0.09503428637981415;0.06945520639419556
1;8;1;9.809204826417876;0.999943003889129;0.19967792928218842;0.22448685765266418;0.7727587819099426;0.7505401968955994;0.006436169147491455;0.4796362519264221;0.009180868044495583;0.5188449621200562
1;8;2;9.309194535964433;0.9197556442320334;0.19967792928218842;0.22448685765266418;0.7727587819099426;0.7505401968955994;0.010561840608716011;0.2796197235584259;-0.15352055430412292;0.2329365313053131
1;8;3;5.36258903503421;0.23540230979183185;0.19967792928218842;0.22448685765266418;0.7727587819099426;0.7505401968955994;0.27193740010261536;0.24534757435321808;0.07786227762699127;0.04517032206058502
2;8;1;9.809295479065746;0.9999430038890509;0.2922705411911011;0.31323957443237305;0.7417166829109192;0.7244077920913696;0.0054198624566197395;0.47772952914237976;0.0038251043297350407;0.5082878470420837
2;8;2;9.015421419172018;0.820881563204793;0.2922705411911011;0.31323957443237305;0.7417166829109192;0.7244077920913696;0.001017761300317943;0.27318453788757324;-0.17085795104503632;0.2326468676328659
2;8;3;5.0396686847411996;0.17545487931994508;0.2922705411911011;0.31323957443237305;0.7417166829109192;0.7244077920913696;0.2631855607032776;0.23715069890022278;0.055782899260520935;0.013945369981229305
3;8;1;9.809416111955414;0.9999430038891148;0.40982288122177124;0.42101597785949707;0.713763415813446;0.7017960548400879;0.005035233683884144;0.4770282506942749;-0.0004709959030151367;0.4975607097148895
3;8;2;8.230617036119817;0.7178063382982742;0.40982288122177124;0.42101597785949707;0.713763415813446;0.7017960548400879;-0.008245885372161865;0.2685592472553253;-0.1865515559911728;0.2295185923576355
3;8;3;4.685276686952427;0.2834505559428617;0.40982288122177124;0.42101597785949707;0.713763415813446;0.7017960548400879;0.2544761300086975;0.23042163252830505;0.03137926384806633;0.020566580817103386
4;8;1;9.809211378069413;0.9999430022520741;0.489533007144928;0.5066227912902832;0.6966334581375122;0.6888220906257629;0.005515301134437323;0.4780120551586151;-0.00324040069244802;0.4873407483100891
4;8;2;7.836556756655106;0.6363858781545026;0.489533007144928;0.5066227912902832;0.6966334581375122;0.6888220906257629;-0.01637156866490841;0.2667098045349121;-0.1990697979927063;0.2230731099843979
4;8;3;4.383500935482147;0.3653843099027405;0.489533007144928;0.5066227912902832;0.6966334581375122;0.6888220906257629;0.24660953879356384;0.2260143756866455;0.0067254528403282166;0.055432334542274475
5;8;1;9.809340001858601;0.9999430003967618;0.5813204050064087;0.6189229488372803;0.6832682490348816;0.6790279746055603;0.006865060422569513;0.4808935523033142;-0.004416084382683039;0.4778600037097931
5;8;2;7.651976096179389;0.6000849956856769;0.5813204050064087;0.6189229488372803;0.6832682490348816;0.6790279746055603;-0.02310798317193985;0.26802220940589905;-0.20812201499938965;0.21385866403579712
5;8;3;4.217925854839233;0.42216990703863644;0.5813204050064087;0.6189229488372803;0.6832682490348816;0.6790279746055603;0.24023443460464478;0.22412319481372833;-0.016545262187719345;0.0883421003818512
6;8;1;9.80948233665805;0.9999429971896276;0.7198067903518677;0.7482418417930603;0.6727595925331116;0.6711364984512329;0.009096527472138405;0.4857921600341797;-0.003953504841774702;0.4692762494087219
6;8;2;7.552141724747212;0.5452831073344484;0.7198067903518677;0.7482418417930603;0.6727595925331116;0.6711364984512329;-0.02820149064064026;0.27267810702323914;-0.21326518058776855;0.20248810946941376
6;8;3;4.225687334658538;0.41355930659924844;0.7198067903518677;0.7482418417930603;0.6727595925331116;0.6711364984512329;0.23589448630809784;0.2245345562696457;-0.037279367446899414;0.11766455322504044
7;8;1;9.809626538829185;0.9999429923289114;0.8029388189315796;0.8285741209983826;0.6642431020736694;0.6647114157676697;0.012199747376143932;0.4927361309528351;-0.001890981220640242;0.46166378259658813
7;8;2;6.8593196699546155;0.574933169299424;0.8029388189315796;0.8285741209983826;0.6642431020736694;0.6647114157676697;-0.03126290440559387;0.28062593936920166;-0.21369537711143494;0.19027793407440186
7;8;3;4.097961314479406;0.4330948733395612;0.8029388189315796;0.8285741209983826;0.6642431020736694;0.6647114157676697;0.2339508980512619;0.2269534021615982;-0.05486198887228966;0.14253012835979462
8;8;1;9.80976787183377;0.9999429860491063;0.8234701752662659;0.8380613327026367;0.6555529832839966;0.6573367714881897;0.016101110726594925;0.5017339587211609;0.001739758299663663;0.4549919664859772
8;8;2;6.002331760453163;0.5207032625213444;0.8234701752662659;0.8380613327026367;0.6555529832839966;0.6573367714881897;-0.032267194241285324;0.29162660241127014;-0.2096857726573944;0.17733976244926453
8;8;3;3.8352757660947905;0.3483294994811654;0.8234701752662659;0.8380613327026367;0.6555529832839966;0.6573367714881897;0.23466847836971283;0.2313101440668106;-0.06918124854564667;0.16278064250946045
9;8;1;9.809919217428678;0.9999429792863168;0.8405796885490417;0.8330682516098022;0.6451274156570435;0.6465615630149841;0.020687056705355644;0.5127918720245361;0.006936186458915472;0.4492809474468231
9;8;2;5.6301446632510945;0.5596834416962118;0.8405796885490417;0.8330682516098022;0.6451274156570435;0.6465615630149841;-0.03130188584327698;0.3054318130016327;-0.20169126987457275;0.16385860741138458
9;8;3;3.8511141377164826;0.36240025779409457;0.8405796885490417;0.8330682516098022;0.6451274156570435;0.6465615630149841;0.238332137465477;0.23786410689353943;-0.08058230578899384;0.17890416085720062
10;8;1;9.8100617357373;0.9999429732911835;0.8270933032035828;0.8303619623184204;0.6318494081497192;0.6315972208976746;0.025817370042204857;0.525887668132782;0.013661510311067104;0.44459912180900574
10;8;2;5.520729432079108;0.6050513523629952;0.8270933032035828;0.8303619623184204;0.6318494081497192;0.6315972208976746;-0.02852904424071312;0.3217822313308716;-0.19026225805282593;0.15045954287052155
10;8;3;4.02863861316696;0.37992916840222435;0.8270933032035828;0.8303619623184204;0.6318494081497192;0.6315972208976746;0.2451876699924469;0.2471441626548767;-0.08983340859413147;0.19198720157146454
11;8;1;9.810205560690378;0.9999429688657244;0.8214572668075562;0.8257442116737366;0.6158913373947144;0.612429678440094;0.03125958517193794;0.5408655405044556;0.021695787087082863;0.4410567879676819
11;8;2;5.723872274705336;0.6392766915203438;0.8214572668075562;0.8257442116737366;0.6158913373947144;0.612429678440094;-0.024265920743346214;0.3402963876724243;-0.17635565996170044;0.1383824348449707
11;8;3;4.343893353004088;0.39069330611689956;0.8214572668075562;0.8257442116737366;0.6158913373947144;0.612429678440094;0.2553054690361023;0.2597466707229614;-0.09814035892486572;0.20373497903347015
12;8;1;9.810351807265768;0.9999429654071008;0.8204509019851685;0.8200476169586182;0.5976104736328125;0.5902500152587891;0.036734651774168015;0.5574643611907959;0.03088749758899212;0.43864360451698303
12;8;2;6.106112677780665;0.6629422950940231;0.8204509019851685;0.8200476169586182;0.5976104736328125;0.5902500152587891;-0.01893860474228859;0.3604675233364105;-0.16095951199531555;0.1289260983467102
12;8;3;4.770593274094743;0.402575904544765;0.8204509019851685;0.8200476169586182;0.5976104736328125;0.5902500152587891;0.268388569355011;0.27596625685691833;-0.10713723301887512;0.2164584994316101
13;8;1;9.810494842467435;0.9999429602610803;0.8212560415267944;0.8238255977630615;0.5795255899429321;0.5681663751602173;0.041848182678222656;0.575123131275177;0.04083135351538658;0.43721717596054077
13;8;2;6.663802428445479;0.7010781084581161;0.8212560415267944;0.8238255977630615;0.5795255899429321;0.5681663751602173;-0.013194339349865913;0.38147422671318054;-0.14549386501312256;0.12328607589006424
13;8;3;5.300333793111999;0.42849912868590856;0.8212560415267944;0.8238255977630615;0.5795255899429321;0.5681663751602173;0.28359299898147583;0.295310378074646;-0.11878857016563416;0.23293597996234894
14;8;1;9.810734226555915;0.9999429474104033;0.8200483322143555;0.8476768732070923;0.5667560696601868;0.549676775932312;0.04593949392437935;0.5929774641990662;0.050817906856536865;0.43679216504096985
14;8;2;7.282560220788266;0.770120188818801;0.8200483322143555;0.8476768732070923;0.5667560696601868;0.549676775932312;-0.007689152378588915;0.4023149609565735;-0.13085497915744781;0.121155746281147
14;8;3;5.856993745116153;0.49190835578712644;0.8200483322143555;0.8476768732070923;0.5667560696601868;0.549676775932312;0.29955440759658813;0.31628653407096863;-0.1351189911365509;0.2560306787490845
15;8;1;9.810847240859246;0.9999429108335889;0.8305153250694275;0.8605716824531555;0.5615381002426147;0.5378978252410889;0.04837144538760185;0.6099857091903687;0.05994230508804321;0.4369809925556183
15;8;2;7.685725819097446;0.8457848591439792;0.8305153250694275;0.8605716824531555;0.5615381002426147;0.5378978252410889;-0.00322128739207983;0.4217709004878998;-0.11842658370733261;0.12167677283287048
15;8;3;6.215587353135472;0.5562932338865281;0.8305153250694275;0.8605716824531555;0.5615381002426147;0.5378978252410889;0.31464487314224243;0.3366524577140808;-0.15782049298286438;0.28813546895980835
16;8;1;9.810966618553095;0.9999427921366291;0.8381642699241638;0.8666561245918274;0.5611980557441711;0.5322511196136475;0.04862194135785103;0.6252084374427795;0.06736748665571213;0.437271386384964
16;8;2;7.761310756887319;0.8630914453386538;0.8381642699241638;0.8666561245918274;0.5611980557441711;0.5322511196136475;-0.0004762173048220575;0.4387657940387726;-0.10942386835813522;0.1232687458395958
16;8;3;6.314574305293448;0.5942102275328622;0.8381642699241638;0.8666561245918274;0.5611980557441711;0.5322511196136475;0.327404648065567;0.3541190028190613;-0.18785232305526733;0.3306068778038025
17;8;1;9.811092400645855;0.9999423493239945;0.8421900272369385;0.8726468086242676;0.5598716139793396;0.5276442170143127;0.04641622304916382;0.6380822062492371;0.07254930585622787;0.4372982084751129
17;8;2;7.806811728509544;0.8949868600076663;0.8421900272369385;0.8726468086242676;0.5598716139793396;0.5276442170143127;0.00014284055214375257;0.4526599049568176;-0.104453906416893;0.12444279342889786
17;8;3;6.336783657963679;0.6315226225687809;0.8421900272369385;0.8726468086242676;0.5598716139793396;0.5276442170143127;0.3369221091270447;0.36709722876548767;-0.2252604216337204;0.38350990414619446
18;8;1;9.81123276370132;0.999940634280442;0.8514492511749268;0.8788250088691711;0.5508729815483093;0.5181732773780823;0.04185911640524864;0.6485463976860046;0.07550950348377228;0.4370374381542206
18;8;2;7.7347187159617405;0.8816588247131172;0.8514492511749268;0.8788250088691711;0.5508729815483093;0.5181732773780823;-0.0013910781126469374;0.46338093280792236;-0.10339485108852386;0.12440705299377441
18;8;3;6.242216058044351;0.6379726247717166;0.8514492511749268;0.8788250088691711;0.5508729815483093;0.5181732773780823;0.34300678968429565;0.37510478496551514;-0.26920974254608154;0.4456636607646942
19;8;1;9.811361698984676;0.9999355420819427;0.8584944009780884;0.8827067613601685;0.5325824618339539;0.5016729831695557;0.035371508449316025;0.6570166945457458;0.07672996819019318;0.43686622381210327
19;8;2;7.473755192310815;0.8569535882503132;0.8584944009780884;0.8827067613601685;0.5325824618339539;0.5016729831695557;-0.004678041208535433;0.47138240933418274;-0.10530531406402588;0.12310858815908432
19;8;3;6.007329753645987;0.6469497519980028;0.8584944009780884;0.8827067613601685;0.5325824618339539;0.5016729831695557;0.3461396396160126;0.3787390887737274;-0.31815865635871887;0.5148878693580627
20;8;1;9.811456104278648;0.9999291762771136;0.8623188734054565;0.8848551511764526;0.5076804757118225;0.48083293437957764;0.027563918381929398;0.6642734408378601;0.07698965817689896;0.43718770146369934
20;8;2;7.125352711205405;0.8338949176858392;0.8623188734054565;0.8848551511764526;0.5076804757118225;0.48083293437957764;-0.009111412800848484;0.47745949029922485;-0.10892453044652939;0.12092551589012146
20;8;3;5.806308904972916;0.6573761940743186;0.8623188734054565;0.8848551511764526;0.5076804757118225;0.48083293437957764;0.3472690284252167;0.37934979796409607;-0.3701292872428894;0.5883854627609253
21;8;1;9.810505498482385;0.9999410364254118;0.8764089941978455;0.8827388286590576;0.48223212361335754;0.4601258337497711;0.018972206860780716;0.6712868809700012;0.07697007805109024;0.4382006824016571
21;8;2;6.798626084152069;0.7901014709748821;0.8764089941978455;0.8827388286590576;0.48223212361335754;0.4601258337497711;-0.014032903127372265;0.4825448989868164;-0.11305861920118332;0.11850377917289734
21;8;3;5.564584417482102;0.6228637551981322;0.8764089941978455;0.8827388286590576;0.48223212361335754;0.4601258337497711;0.3475643992424011;0.3786512613296509;-0.42296481132507324;0.6631061434745789
22;8;1;9.810686683902162;0.9999430037319712;0.8715780973434448;0.8767508268356323;0.46073710918426514;0.4428705871105194;0.010130799375474453;0.6790204644203186;0.07742346823215485;0.43983179330825806
22;8;2;6.290807506401833;0.7351831531130308;0.8715780973434448;0.8767508268356323;0.46073710918426514;0.4428705871105194;-0.018786171451210976;0.48756998777389526;-0.11669090390205383;0.1162974163889885
22;8;3;5.230957719893981;0.5989670612052738;0.8715780973434448;0.8767508268356323;0.46073710918426514;0.4428705871105194;0.348219633102417;0.37841105461120605;-0.47456538677215576;0.7360804080963135
23;8;1;9.810959701601924;0.9999430038865071;0.8747987151145935;0.8761482238769531;0.44537973403930664;0.4310339391231537;0.0015027046902105212;0.6882933974266052;0.07893265783786774;0.4416704773902893
23;8;2;6.045711253137597;0.7115145159858258;0.8747987151145935;0.8761482238769531;0.44537973403930664;0.4310339391231537;-0.02277355082333088;0.4933313727378845;-0.11880916357040405;0.1146899089217186
23;8;3;5.108468190413584;0.5917283433752107;0.8747987151145935;0.8761482238769531;0.44537973403930664;0.4310339391231537;0.3502633273601532;0.38016173243522644;-0.5230912566184998;0.804706335067749
24;8;1;9.810516011608541;0.9999430038890651;0.8796296119689941;0.8785904049873352;0.43506568670272827;0.4240279495716095;-0.0065573276951909065;0.6996206641197205;0.08180524408817291;0.44322487711906433
24;8;2;5.842764117291619;0.6961116246338435;0.8796296119689941;0.8785904049873352;0.43506568670272827;0.4240279495716095;-0.025506632402539253;0.5003876090049744;-0.11852632462978363;0.11392927169799805
24;8;3;4.954045771987493;0.5747660785134308;0.8796296119689941;0.8785904049873352;0.43506568670272827;0.4240279495716095;0.3544055223464966;0.3849838972091675;-0.5671660900115967;0.8670375347137451
25;8;1;9.810455716663498;0.9999430038890793;0.8848631978034973;0.8829808831214905;0.42790377140045166;0.4187416136264801;-0.013866025023162365;0.7131447196006775;0.08624317497015;0.4441114664077759
25;8;2;5.724468575777134;0.6940955152474864;0.8848631978034973;0.8829808831214905;0.42790377140045166;0.4187416136264801;-0.026693498715758324;0.5090002417564392;-0.1152874156832695;0.11427281051874161
25;8;3;4.878443087131194;0.5941098364747504;0.8848631978034973;0.8829808831214905;0.42790377140045166;0.4187416136264801;0.36095818877220154;0.39340895414352417;-0.6060056090354919;0.9219649434089661
26;8;1;9.810383669035069;0.9999430038890864;0.8900966644287109;0.8861095905303955;0.4204438626766205;0.4123191833496094;-0.02041044272482395;0.7286364436149597;0.09213995188474655;0.44420212507247925
26;8;2;5.653485461963701;0.6918312926252881;0.8900966644287109;0.8861095905303955;0.4204438626766205;0.4123191833496094;-0.02629995532333851;0.5191052556037903;-0.10903029143810272;0.11612170189619064
26;8;3;4.8481457118676765;0.5978689168743596;0.8900966644287109;0.8861095905303955;0.4204438626766205;0.4123191833496094;0.3698056936264038;0.4053672254085541;-0.6394875645637512;0.9693155288696289
27;8;1;9.8103244595112;0.9999430038890651;0.8917069435119629;0.8880258202552795;0.4112716615200043;0.40333008766174316;-0.026301879435777664;0.7455255389213562;0.09921097010374069;0.44375795125961304
27;8;2;5.637093166835484;0.6940559304456357;0.8917069435119629;0.8880258202552795;0.4112716615200043;0.40333008766174316;-0.024570660665631294;0.5303469896316528;-0.10020896047353745;0.11983423680067062
27;8;3;4.833041048437721;0.6248158622264803;0.8917069435119629;0.8880258202552795;0.4112716615200043;0.40333008766174316;0.3804590702056885;0.42022839188575745;-0.6680817604064941;1.0097538232803345
28;8;1;9.810281114768301;0.9999430038890438;0.8921095132827759;0.8903862833976746;0.40084755420684814;0.39281466603279114;-0.031743165105581284;0.7630340456962585;0.10705714672803879;0.44326168298721313
28;8;2;5.641462725549001;0.6960708524845671;0.8921095132827759;0.8903862833976746;0.40084755420684814;0.39281466603279114;-0.02195490151643753;0.5421625375747681;-0.08963416516780853;0.12541182339191437
28;8;3;4.77559205792582;0.6145571706969495;0.8921095132827759;0.8903862833976746;0.40084755420684814;0.39281466603279114;0.3921670913696289;0.4369242787361145;-0.6926670670509338;1.044522762298584
29;8;1;9.81025289835582;0.999943003889058;0.8933172225952148;0.895806610584259;0.39070236682891846;0.3829710781574249;-0.036960043013095856;0.7803421020507812;0.11533091217279434;0.44316449761390686
29;8;2;5.684394541145625;0.710890423803594;0.8933172225952148;0.895806610584259;0.39070236682891846;0.3829710781574249;-0.01895802654325962;0.5539045929908752;-0.07809153199195862;0.13255658745765686
29;8;3;4.720443243323254;0.6297310290011886;0.8933172225952148;0.895806610584259;0.39070236682891846;0.3829710781574249;0.40407413244247437;0.4541635811328888;-0.7142889499664307;1.0751006603240967
30;8;1;9.810768290228665;0.9999430038891077;0.8945249319076538;0.9002217054367065;0.38246047496795654;0.37511491775512695;-0.04217138886451721;0.7967272400856018;0.12358410656452179;0.4437801241874695
30;8;2;5.737352958221482;0.7240575152755326;0.8945249319076538;0.9002217054367065;0.38246047496795654;0.37511491775512695;-0.016082214191555977;0.5649546384811401;-0.0663563534617424;0.1407787948846817
30;8;3;4.647079131072484;0.6451229166507773;0.8945249319076538;0.9002217054367065;0.38246047496795654;0.37511491775512695;0.41537946462631226;0.47068384289741516;-0.7339560389518738;1.1029142141342163
31;8;1;9.810782241233888;0.9999430038890509;0.8961352109909058;0.9027379751205444;0.3766389489173889;0.36979278922080994;-0.04758226498961449;0.8116707801818848;0.1314525008201599;0.4451500177383423
31;8;2;5.773584142606701;0.7288381558470753;0.8961352109909058;0.9027379751205444;0.3766389489173889;0.36979278922080994;-0.013776062987744808;0.5748189091682434;-0.05523006245493889;0.1493464559316635
31;8;3;4.547699597876882;0.6568732316486763;0.8961352109909058;0.9027379751205444;0.3766389489173889;0.36979278922080994;0.42545172572135925;0.4854479134082794;-0.752489447593689;1.1291242837905884
32;8;1;9.810813489995638;0.9999430038890793;0.8953301310539246;0.9068272113800049;0.3723772466182709;0.3661923110485077;-0.05331302806735039;0.8249110579490662;0.138620525598526;0.4471122920513153
32;8;2;5.844005891346889;0.7452592289254625;0.8953301310539246;0.9068272113800049;0.3723772466182709;0.3661923110485077;-0.012316280975937843;0.5831915736198425;-0.04516877233982086;0.15769003331661224
32;8;3;4.472995542000618;0.6580608732829205;0.8953301310539246;0.9068272113800049;0.3723772466182709;0.3661923110485077;0.43389517068862915;0.49777650833129883;-0.7704460620880127;1.1545188426971436
33;8;1;9.81085999245807;0.9999430038890651;0.9041868448257446;0.9154945611953735;0.36811381578445435;0.3627886176109314;-0.05939258262515068;0.8364231586456299;0.14481757581233978;0.4494786262512207
33;8;2;5.941084483970915;0.7644538669794692;0.9041868448257446;0.9154945611953735;0.36811381578445435;0.3627886176109314;-0.01173185370862484;0.5899679660797119;-0.03601936995983124;0.16580908000469208
33;8;3;4.440249816852203;0.6710167740893311;0.9041868448257446;0.9154945611953735;0.36811381578445435;0.3627886176109314;0.4405694603919983;0.5074009299278259;-0.7881052494049072;1.179492712020874
34;8;1;9.81090888054515;0.9999430038890651;0.907608687877655;0.9158105850219727;0.3627180755138397;0.3586081266403198;-0.06579294055700302;0.8463987112045288;0.15006978809833527;0.4519760310649872
34;8;2;5.991456162747937;0.7698950669494415;0.907608687877655;0.9158105850219727;0.3627180755138397;0.3586081266403198;-0.012005037628114223;0.5952330827713013;-0.027917053550481796;0.17351709306240082
34;8;3;4.437466044364186;0.6783591137826637;0.907608687877655;0.9158105850219727;0.3627180755138397;0.3586081266403198;0.44556212425231934;0.5144317746162415;-0.8055031299591064;1.204097032546997
35;8;1;9.810929522372483;0.9999430038890793;0.9170692563056946;0.9196627736091614;0.35608112812042236;0.35360562801361084;-0.07239371538162231;0.8551335334777832;0.15449386835098267;0.4545213282108307
35;8;2;6.07150372333539;0.7698344051755015;0.9170692563056946;0.9196627736091614;0.35608112812042236;0.35360562801361084;-0.012927165254950523;0.5992152690887451;-0.020515894517302513;0.18109020590782166
35;8;3;4.469798405167527;0.6850632049403131;0.9170692563056946;0.9196627736091614;0.35608112812042236;0.35360562801361084;0.4491428732872009;0.5192883014678955;-0.8224714994430542;1.2280939817428589
36;8;1;9.81088813993729;0.999943003889058;0.9178743362426758;0.9246730804443359;0.3490353226661682;0.3482440412044525;-0.0790066346526146;0.8629400134086609;0.1583675593137741;0.45721814036369324
36;8;2;6.169976628036444;0.798017471059687;0.9178743362426758;0.9246730804443359;0.3490353226661682;0.3482440412044525;-0.014119548723101616;0.6022316813468933;-0.013133138418197632;0.18919645249843597
36;8;3;4.598714170184955;0.6923175710364884;0.9178743362426758;0.9246730804443359;0.3490353226661682;0.3482440412044525;0.45170101523399353;0.5225958228111267;-0.8387037515640259;1.2510497570037842
37;8;1;9.811057565975375;0.9999430038890296;0.9190820455551147;0.9257274866104126;0.34201183915138245;0.34365174174308777;-0.0854012593626976;0.8701310753822327;0.1618983894586563;0.46019017696380615
37;8;2;6.2138237499951465;0.7926970169851053;0.9190820455551147;0.9257274866104126;0.34201183915138245;0.34365174174308777;-0.0152356568723917;0.6046289205551147;-0.0053316159173846245;0.19829976558685303
37;8;3;4.677673574621645;0.6947952882384172;0.9190820455551147;0.9257274866104126;0.34201183915138245;0.34365174174308777;0.45365411043167114;0.5250437259674072;-0.8538383841514587;1.2724534273147583
38;8;1;9.811096977376906;0.9999430038890509;0.9281400442123413;0.926611602306366;0.33620432019233704;0.3403337299823761;-0.09134431928396225;0.8769071102142334;0.16537217795848846;0.46367132663726807
38;8;2;6.261807651348477;0.8039646411769894;0.9281400442123413;0.926611602306366;0.33620432019233704;0.3403337299823761;-0.01595299132168293;0.6067181825637817;0.0032571256160736084;0.2088182419538498
38;8;3;4.75487478702904;0.7094073139355519;0.9281400442123413;0.926611602306366;0.33620432019233704;0.3403337299823761;0.45537683367729187;0.5272626280784607;-0.8675370812416077;1.2918262481689453
39;8;1;9.811126440479406;0.9999430038890438;0.9454508423805237;0.9295796155929565;0.3308461010456085;0.338177353143692;-0.0966387540102005;0.8833274841308594;0.16894912719726562;0.4679752290248871
39;8;2;6.402719933592259;0.8020616554904656;0.9454508423805237;0.9295796155929565;0.3308461010456085;0.338177353143692;-0.01595727540552616;0.6087124943733215;0.01308402419090271;0.22128640115261078
39;8;3;4.916536946093476;0.7056252997197543;0.9454508423805237;0.9295796155929565;0.3308461010456085;0.338177353143692;0.4571356773376465;0.5297120213508606;-0.8795846700668335;1.3088641166687012
40;8;1;9.810782976970543;0.9999430038890509;0.9454509019851685;0.9329873323440552;0.3257717192173004;0.33620452880859375;-0.10125058144330978;0.8892951607704163;0.1727769821882248;0.47347986698150635
40;8;2;6.563466020754472;0.8316644367343713;0.9454509019851685;0.9329873323440552;0.3257717192173004;0.33620452880859375;-0.015093309804797173;0.6107019782066345;0.024417918175458908;0.23603270947933197
40;8;3;5.012224913450483;0.7058521612036639;0.9454509019851685;0.9329873323440552;0.3257717192173004;0.33620452880859375;0.4590489864349365;0.5326048731803894;-0.8899820446968079;1.3235682249069214
41;8;1;9.810777378290105;0.9999430038890793;0.9545087814331055;0.9362394213676453;0.32073014974594116;0.3332642614841461;-0.10520155727863312;0.8946728110313416;0.17682354152202606;0.48044106364250183
41;8;2;6.768920284850694;0.8501204888134453;0.9545087814331055;0.9362394213676453;0.32073014974594116;0.3332642614841461;-0.013467581011354923;0.612665593624115;0.03703499957919121;0.2529207766056061
41;8;3;5.184248023462912;0.7233060139305003;0.9545087814331055;0.9362394213676453;0.32073014974594116;0.3332642614841461;0.46108588576316833;0.5358954668045044;-0.8989965319633484;1.3363165855407715
42;8;1;9.810608956841548;0.9999430038890864;0.9537036418914795;0.9391655921936035;0.3162159323692322;0.3295191526412964;-0.10853290557861328;0.8993259072303772;0.18103566765785217;0.48886263370513916
42;8;2;7.070148554981802;0.8542568423574508;0.9537036418914795;0.9391655921936035;0.3162159323692322;0.3295191526412964;-0.011328266933560371;0.6145044565200806;0.05032920092344284;0.27131348848342896
42;8;3;5.383768673691645;0.7374248153008356;0.9537036418914795;0.9391655921936035;0.3162159323692322;0.3295191526412964;0.46309372782707214;0.5393142104148865;-0.907123327255249;1.3478096723556519
43;8;1;9.8080501222016;0.9999430038890864;0.9541062712669373;0.9431016445159912;0.31290507316589355;0.3257586359977722;-0.11133885383605957;0.9030994176864624;0.18531902134418488;0.49855828285217285
43;8;2;7.354185841407794;0.8972947283870809;0.9541062712669373;0.9431016445159912;0.31290507316589355;0.3257586359977722;-0.008961254730820656;0.6160480380058289;0.06376108527183533;0.2905717194080353
43;8;3;5.5620036533002715;0.7408238899072845;0.9541062712669373;0.9431016445159912;0.31290507316589355;0.3257586359977722;0.4648366868495941;0.5424345135688782;-0.9150049090385437;1.358955979347229
44;8;1;9.807805514385116;0.9999430038890367;0.9553139805793762;0.9468649625778198;0.3118971884250641;0.3225785493850708;-0.11374100297689438;0.9059620499610901;0.1893761157989502;0.508950412273407
44;8;2;7.713454127889168;0.9198004299775846;0.9553139805793762;0.9468649625778198;0.3118971884250641;0.3225785493850708;-0.006705715786665678;0.6171294450759888;0.07654409855604172;0.30963134765625
44;8;3;5.788254540977782;0.7740290023179615;0.9553139805793762;0.9468649625778198;0.3118971884250641;0.3225785493850708;0.4660451114177704;0.5447553992271423;-0.9233457446098328;1.3707516193389893
45;8;1;9.806448739745704;0.9999430038891006;0.9557165503501892;0.9478946924209595;0.3132745623588562;0.3210116922855377;-0.11579535156488419;0.9080616235733032;0.19286386668682098;0.51905757188797
45;8;2;8.079604400033983;0.9340682888338172;0.9557165503501892;0.9478946924209595;0.3132745623588562;0.3210116922855377;-0.004968883935362101;0.6176376342773438;0.08760353177785873;0.3269202411174774
45;8;3;6.034077546544612;0.7740901441769985;0.9557165503501892;0.9478946924209595;0.3132745623588562;0.3210116922855377;0.466459721326828;0.5457790493965149;-0.9328111410140991;1.384137749671936
46;8;1;9.80623646240155;0.9999430038890438;0.956119179725647;0.9492009282112122;0.3161951005458832;0.3207504451274872;-0.11754160374403;0.9095925688743591;0.19554686546325684;0.5279303789138794
46;8;2;8.379981790009737;0.9421224593070754;0.956119179725647;0.9492009282112122;0.3161951005458832;0.3207504451274872;-0.00403532013297081;0.6175115704536438;0.09614615887403488;0.3412071466445923
46;8;3;6.198544853512331;0.7974535518960018;0.956119179725647;0.9492009282112122;0.3161951005458832;0.3207504451274872;0.46589916944503784;0.5451369285583496;-0.9438970685005188;1.399815559387207
47;8;1;9.810034717062997;0.9999430038890722;0.95652174949646;0.9500405192375183;0.3187650740146637;0.32108497619628906;-0.11894537508487701;0.910814642906189;0.19734831154346466;0.5348491072654724
47;8;2;8.69032837792906;0.9345962496796147;0.95652174949646;0.9500405192375183;0.3187650740146637;0.32108497619628906;-0.004106420557945967;0.616797149181366;0.10158772766590118;0.35141831636428833
47;8;3;6.425365125513466;0.7866473540870356;0.95652174949646;0.9500405192375183;0.3187650740146637;0.32108497619628906;0.46430978178977966;0.5426914691925049;-0.9568493366241455;1.4181329011917114
48;8;1;9.8095703458916;0.9999430038890438;0.9573268890380859;0.9503961205482483;0.31933048367500305;0.3209417760372162;-0.1199076697230339;0.9119302034378052;0.19840972125530243;0.5396117568016052
48;8;2;8.90381177133786;0.948091737202752;0.9573268890380859;0.9503961205482483;0.31933048367500305;0.3209417760372162;-0.0051776692271232605;0.615617036819458;0.10382991284132004;0.3573260009288788
48;8;3;6.626771333270753;0.8025154586686121;0.9573268890380859;0.9503961205482483;0.31933048367500305;0.3209417760372162;0.4618033170700073;0.5386173129081726;-0.9715960621833801;1.4389877319335938
49;8;1;9.810665297265352;0.9999430038890438;0.956119179725647;0.9505985379219055;0.3174252212047577;0.3199443519115448;-0.12032970041036606;0.9130959510803223;0.19895073771476746;0.542461097240448
49;8;2;9.001506276432192;0.9383944954476391;0.956119179725647;0.9505985379219055;0.3174252212047577;0.3199443519115448;-0.007021177094429731;0.6141719222068787;0.10328441113233566;0.3594096004962921
49;8;3;6.722066170744016;0.7983526441835611;0.956119179725647;0.9505985379219055;0.3174252212047577;0.3199443519115448;0.4586528241634369;0.533404529094696;-0.9877476692199707;1.4618297815322876
50;8;1;9.810815513068718;0.9999430038890509;0.9581320881843567;0.9507467150688171;0.3132272958755493;0.318366140127182;-0.11999867111444473;0.9144076108932495;0.19931915402412415;0.5440270304679871
50;8;2;9.016196115528029;0.9584540442509493;0.9581320881843567;0.9507467150688171;0.3132272958755493;0.318366140127182;-0.009341430850327015;0.6127102971076965;0.10063464939594269;0.35869723558425903
50;8;3;6.816128258731522;0.7981187635324787;0.9581320881843567;0.9507467150688171;0.3132272958755493;0.318366140127182;0.4552421569824219;0.5277590751647949;-1.0046870708465576;1.485785722732544
51;8;1;9.810872234394076;0.9999430038890296;0.9589372277259827;0.9508109092712402;0.30913046002388;0.3169596493244171;-0.11873646080493927;0.9158921241760254;0.1999119520187378;0.5451297760009766
51;8;2;9.018762772635444;0.9533364610124124;0.9589372277259827;0.9508109092712402;0.30913046002388;0.3169596493244171;-0.011711079627275467;0.6114887595176697;0.09681226313114166;0.35636159777641296
51;8;3;6.887366583533284;0.8119165698771145;0.9589372277259827;0.9508109092712402;0.30913046002388;0.3169596493244171;0.45198559761047363;0.5224460363388062;-1.0217094421386719;1.5098589658737183
52;8;1;9.8109191323964;0.9999430038890296;0.9601449966430664;0.950835645198822;0.30594703555107117;0.31600648164749146;-0.11648321151733398;0.9175384044647217;0.20105235278606415;0.5464890599250793
52;8;2;8.968607616450623;0.9528828745216948;0.9601449966430664;0.950835645198822;0.30594703555107117;0.31600648164749146;-0.013771560974419117;0.6107169389724731;0.09264364838600159;0.35349103808403015
52;8;3;6.9041437721555425;0.8123926375586645;0.9601449966430664;0.950835645198822;0.30594703555107117;0.31600648164749146;0.4492306113243103;0.5181108117103577;-1.0381895303726196;1.5331652164459229
53;8;1;9.810448814680335;0.999943003889058;0.9601449966430664;0.9511911869049072;0.3037000596523285;0.3150731921195984;-0.1132652536034584;0.9193313717842102;0.20292074978351593;0.5485686659812927
53;8;2;8.95465807081164;0.9357450710695012;0.9601449966430664;0.9511911869049072;0.3037000596523285;0.3150731921195984;-0.01530730165541172;0.6105238199234009;0.08872337639331818;0.3508422076702118
53;8;3;6.918884280166315;0.7943986125702533;0.9601449966430664;0.9511911869049072;0.3037000596523285;0.3150731921195984;0.44719409942626953;0.5151559710502625;-1.053708553314209;1.5551124811172485
54;8;1;9.810804986867893;0.9999430038890509;0.9597423076629639;0.9519221782684326;0.30213987827301025;0.31362542510032654;-0.10921817272901535;0.9212498664855957;0.2055215835571289;0.5515352487564087
54;8;2;8.923697691516377;0.9388665716597657;0.9597423076629639;0.9519221782684326;0.30213987827301025;0.31362542510032654;-0.016235537827014923;0.6109378337860107;0.08535795658826828;0.34873223304748535
54;8;3;6.906784899423947;0.7933632177033925;0.9597423076629639;0.9519221782684326;0.30213987827301025;0.31362542510032654;0.44592976570129395;0.5136775374412537;-1.0681178569793701;1.5754903554916382
55;8;1;9.810944479476078;0.9999430038890367;0.9605474472045898;0.952761709690094;0.30111750960350037;0.3115568161010742;-0.10455900430679321;0.9232574701309204;0.20870578289031982;0.555267333984375
55;8;2;8.90628032363918;0.9351800450237207;0.9605474472045898;0.952761709690094;0.30111750960350037;0.3115568161010742;-0.01665196754038334;0.6118766069412231;0.08253984153270721;0.34710583090782166
55;8;3;6.880039752666162;0.8042187661986624;0.9605474472045898;0.952761709690094;0.30111750960350037;0.3115568161010742;0.4453282952308655;0.5134631395339966;-1.081529974937439;1.594457983970642
56;8;1;9.810798152023402;0.9999430038890438;0.9601449370384216;0.95351243019104;0.3008275032043457;0.309265673160553;-0.09957928955554962;0.9253089427947998;0.21221421658992767;0.5593762397766113
56;8;2;8.929407516368776;0.9448829258499281;0.9601449370384216;0.95351243019104;0.3008275032043457;0.309265673160553;-0.01681974157691002;0.6131694912910461;0.07995203137397766;0.34561097621917725
56;8;3;6.829725465106547;0.8040946765664305;0.9601449370384216;0.95351243019104;0.3008275032043457;0.309265673160553;0.4451555907726288;0.5140575766563416;-1.094243049621582;1.6124370098114014
57;8;1;9.807642960882482;0.9999430038890864;0.9597423076629639;0.9540407657623291;0.3013807535171509;0.3074188232421875;-0.0945698693394661;0.9273103475570679;0.21584360301494598;0.5634108781814575
57;8;2;8.924103382472527;0.9403760086364663;0.9597423076629639;0.9540407657623291;0.3013807535171509;0.3074188232421875;-0.017003173008561134;0.6145928502082825;0.07729258388280869;0.34381428360939026
57;8;3;6.81801006577199;0.8157912912635954;0.9597423076629639;0.9540407657623291;0.3013807535171509;0.3074188232421875;0.44512128829956055;0.5148903727531433;-1.1066213846206665;1.629942536354065
58;8;1;9.80451702856719;0.999943003889058;0.9605475068092346;0.9545050263404846;0.30178195238113403;0.30618131160736084;-0.08973068743944168;0.929141104221344;0.21946711838245392;0.5670129060745239
58;8;2;8.851428349063426;0.9381347646790168;0.9605475068092346;0.9545050263404846;0.30178195238113403;0.30618131160736084;-0.0174338910728693;0.6159235835075378;0.07429389655590057;0.3413577079772949
58;8;3;6.730496462010464;0.8093936353146862;0.9605475068092346;0.9545050263404846;0.30178195238113403;0.30618131160736084;0.44495195150375366;0.5154172778129578;-1.11898672580719;1.6474297046661377
59;8;1;9.802195827786335;0.9999430038890438;0.9585345983505249;0.9545841217041016;0.3022173345088959;0.30548736453056335;-0.08526375144720078;0.9306958317756653;0.22292767465114594;0.5699551105499268
59;8;2;8.885779525234774;0.9591629563561312;0.9585345983505249;0.9545841217041016;0.3022173345088959;0.30548736453056335;-0.01826910302042961;0.6169866323471069;0.07081551849842072;0.33800527453422546
59;8;3;6.729866886942487;0.8195825707313151;0.9585345983505249;0.9545841217041016;0.3022173345088959;0.30548736453056335;0.44444602727890015;0.5152308940887451;-1.1315441131591797;1.6651886701583862
60;8;1;9.80012129391713;0.9999430038890793;0.9589371681213379;0.9545742273330688;0.30226606130599976;0.3049561381340027;-0.08125361055135727;0.9318990111351013;0.2262273132801056;0.5721871852874756
60;8;2;8.870940143672037;0.9504727558015738;0.9589371681213379;0.9545742273330688;0.30226606130599976;0.3049561381340027;-0.019598674029111862;0.6176890134811401;0.06679322570562363;0.33374080061912537
60;8;3;6.694608814343795;0.8279801927466295;0.9589371681213379;0.9545742273330688;0.30226606130599976;0.3049561381340027;0.44351398944854736;0.5141440629959106;-1.1443393230438232;1.6832836866378784
61;8;1;9.79882001125408;0.999943003889058;0.9593397974967957;0.9547075629234314;0.3015836775302887;0.30428552627563477;-0.07773197442293167;0.9327272176742554;0.22932639718055725;0.5738463401794434
61;8;2;8.839591722712186;0.9537314140845012;0.9593397974967957;0.9547075629234314;0.3015836775302887;0.30428552627563477;-0.021368833258748055;0.6180274486541748;0.06241069361567497;0.3288252055644989
61;8;3;6.659110331570497;0.8302265243929128;0.9593397974967957;0.9547075629234314;0.3015836775302887;0.30428552627563477;0.44218870997428894;0.5122148990631104;-1.1572589874267578;1.7015548944473267
62;8;1;9.799031915229087;0.9999430038890793;0.9593397974967957;0.9547470808029175;0.30018478631973267;0.3034531772136688;-0.07467842847108841;0.9331899881362915;0.23226885497570038;0.5752345323562622
62;8;2;8.751500270693551;0.9513330724142683;0.9593397974967957;0.9547470808029175;0.30018478631973267;0.3034531772136688;-0.023451335728168488;0.6180795431137085;0.057953089475631714;0.32375097274780273
62;8;3;6.625935959301307;0.8180000871425399;0.9593397974967957;0.9547470808029175;0.30018478631973267;0.3034531772136688;0.44060760736465454;0.5097129940986633;-1.1700656414031982;1.7196662425994873
63;8;1;9.800255596662602;0.999943003889058;0.9585345983505249;0.9547470808029175;0.29874104261398315;0.3025681674480438;-0.07200109213590622;0.9333372116088867;0.23521685600280762;0.576718270778656
63;8;2;8.703162724339553;0.9467917108654724;0.9585345983505249;0.9547470808029175;0.29874104261398315;0.3025681674480438;-0.02567823976278305;0.6179909110069275;0.05373411625623703;0.3190092444419861
63;8;3;6.619427567729872;0.8188226507538232;0.9585345983505249;0.9547470808029175;0.29874104261398315;0.3025681674480438;0.43897756934165955;0.5070478320121765;-1.1824533939361572;1.7371852397918701
64;8;1;9.802710856770346;0.9999430038890864;0.9585345983505249;0.9547865390777588;0.29732969403266907;0.3018345534801483;-0.06959773600101471;0.9332289099693298;0.23831787705421448;0.5787081122398376
64;8;2;8.679599425236699;0.947898916163286;0.9585345983505249;0.9547865390777588;0.29732969403266907;0.3018345534801483;-0.027794845402240753;0.6179345846176147;0.050170063972473145;0.31505441665649414
64;8;3;6.625641876620948;0.8218928337530098;0.9585345983505249;0.9547865390777588;0.29732969403266907;0.3018345534801483;0.4375263452529907;0.5046733021736145;-1.1941121816635132;1.7536731958389282
65;8;1;9.804465628754642;0.9999430038890722;0.9589371681213379;0.9548457860946655;0.29619452357292175;0.3013046681880951;-0.06735394150018692;0.9329293966293335;0.2417353242635727;0.5815057754516602
65;8;2;8.678845807168766;0.9440692685390246;0.9589371681213379;0.9548457860946655;0.29619452357292175;0.3013046681880951;-0.029663320630788803;0.6180615425109863;0.04744822904467583;0.3122648000717163
65;8;3;6.630302620804301;0.8108732384133308;0.9589371681213379;0.9548457860946655;0.29619452357292175;0.3013046681880951;0.43644794821739197;0.502977728843689;-1.2047977447509766;1.7687848806381226
66;8;1;9.805467629795302;0.9999430038890367;0.9593397378921509;0.9549495577812195;0.29541048407554626;0.3008210062980652;-0.0651899054646492;0.9324819445610046;0.24556870758533478;0.5853176116943359
66;8;2;8.671301127443318;0.9456305767541089;0.9593397378921509;0.9549495577812195;0.29541048407554626;0.3008210062980652;-0.031174229457974434;0.6184763312339783;0.045684993267059326;0.31081950664520264
66;8;3;6.643396928741888;0.8133546931634523;0.9593397378921509;0.9549495577812195;0.29541048407554626;0.3008210062980652;0.43586525321006775;0.5022079348564148;-1.214381456375122;1.7823383808135986
67;8;1;9.806066891765617;0.9999430038890296;0.9585345983505249;0.9551125168800354;0.2949022948741913;0.3002144992351532;-0.06306653469800949;0.9319288730621338;0.2498023808002472;0.5901356935501099
67;8;2;8.66224300315341;0.9496778529222603;0.9585345983505249;0.9551125168800354;0.2949022948741913;0.3002144992351532;-0.032319262623786926;0.6192099452018738;0.04484916850924492;0.31071433424949646
67;8;3;6.665854877275532;0.8170867820316339;0.9585345983505249;0.9551125168800354;0.2949022948741913;0.3002144992351532;0.43580520153045654;0.5024198293685913;-1.22287917137146;1.794355869293213
68;8;1;9.806438566407095;0.9999430038890651;0.9585345983505249;0.9552459120750427;0.29461437463760376;0.2994225323200226;-0.06100283935666084;0.9312815070152283;0.25432315468788147;0.5958486199378967
68;8;2;8.701258481833644;0.9521997586298916;0.9585345983505249;0.9552459120750427;0.29461437463760376;0.2994225323200226;-0.03310814127326012;0.6202259063720703;0.04486651346087456;0.3116928040981293
68;8;3;6.695033276131403;0.8240343903130292;0.9585345983505249;0.9552459120750427;0.29461437463760376;0.2994225323200226;0.4361984431743622;0.5034775733947754;-1.2304458618164062;1.8050568103790283
69;8;1;9.807485628550445;0.9999430038890509;0.9585345983505249;0.9553446173667908;0.2945406138896942;0.2985179126262665;-0.0590163953602314;0.9305629730224609;0.2589857876300812;0.6021014451980591
69;8;2;8.721894974953251;0.9540835807217718;0.9585345983505249;0.9553446173667908;0.2945406138896942;0.2985179126262665;-0.03369951248168945;0.6214176416397095;0.045429788529872894;0.3133874237537384
69;8;3;6.718636894925421;0.8259043889415558;0.9585345983505249;0.9553446173667908;0.2945406138896942;0.2985179126262665;0.4368947744369507;0.5050825476646423;-1.2373476028442383;1.8148173093795776
70;8;1;9.808480559840213;0.9999430038890438;0.9577294588088989;0.9554038643836975;0.29475754499435425;0.2976544201374054;-0.05714643746614456;0.9297991991043091;0.2635732889175415;0.6084738969802856
70;8;2;8.753367024135706;0.9586306418226336;0.9577294588088989;0.9554038643836975;0.29475754499435425;0.2976544201374054;-0.03425006940960884;0.6226502656936646;0.04623791575431824;0.3153079152107239
70;8;3;6.751719268657315;0.8366483323173508;0.9577294588088989;0.9554038643836975;0.29475754499435425;0.2976544201374054;0.4377053380012512;0.5068547129631042;-1.2439024448394775;1.8240872621536255
71;8;1;9.808988992094797;0.9999430038890367;0.9577294588088989;0.9554482698440552;0.29517364501953125;0.2969581186771393;-0.05544593930244446;0.9290250539779663;0.2678610682487488;0.6145349740982056
71;8;2;8.813153390367685;0.9592840975293164;0.9577294588088989;0.9554482698440552;0.29517364501953125;0.2969581186771393;-0.03491578996181488;0.623790442943573;0.04699891060590744;0.3169867992401123
71;8;3;6.780914582339308;0.833730102795549;0.9577294588088989;0.9554482698440552;0.29517364501953125;0.2969581186771393;0.43844765424728394;0.5084248781204224;-1.2504136562347412;1.833295464515686
72;8;1;9.809540377662294;0.9999430038890225;0.9581320285797119;0.955512523651123;0.2955154478549957;0.29640984535217285;-0.053944360464811325;0.9282680749893188;0.2716939449310303;0.6199771761894226
72;8;2;8.840921499584297;0.9531389607973502;0.9581320285797119;0.955512523651123;0.2955154478549957;0.29640984535217285;-0.03580213710665703;0.6247400045394897;0.04749956727027893;0.31809374690055847
72;8;3;6.795502497768387;0.8413324821377035;0.9581320285797119;0.955512523651123;0.2955154478549957;0.29640984535217285;0.4389897286891937;0.5095250010490417;-1.2571090459823608;1.8427642583847046
73;8;1;9.81125380089017;0.9999430038890154;0.9585346579551697;0.9556063413619995;0.29555386304855347;0.2958858609199524;-0.05263295769691467;0.9275636076927185;0.27499768137931824;0.6246391534805298
73;8;2;8.82021441368283;0.9608560872665102;0.9585346579551697;0.9556063413619995;0.29555386304855347;0.2958858609199524;-0.036933884024620056;0.6254628896713257;0.047651272267103195;0.3184639513492584
73;8;3;6.795722776904936;0.8344943631177291;0.9585346579551697;0.9556063413619995;0.29555386304855347;0.2958858609199524;0.4392780661582947;0.5100488662719727;-1.2641037702560425;1.8526562452316284
74;8;1;9.811646051976552;0.9999430038890509;0.9589372277259827;0.9555224180221558;0.2950860261917114;0.29530397057533264;-0.05145292356610298;0.9269720911979675;0.2777751386165619;0.6284769773483276
74;8;2;8.87997220858604;0.9586149683067369;0.9589372277259827;0.9555224180221558;0.2950860261917114;0.29530397057533264;-0.038301438093185425;0.6259918212890625;0.04741419479250908;0.31807708740234375
74;8;3;6.820589760972334;0.8353996363931895;0.9589372277259827;0.9555224180221558;0.2950860261917114;0.29530397057533264;0.43934500217437744;0.5100670456886292;-1.2713921070098877;1.8629635572433472
75;8;1;9.811639222860947;0.9999430038890296;0.9589372277259827;0.9554877877235413;0.29413554072380066;0.29465582966804504;-0.05031723529100418;0.9265269041061401;0.2801063656806946;0.6316670775413513
75;8;2;8.882145503356512;0.9511067067041843;0.9589372277259827;0.9554877877235413;0.29413554072380066;0.29465582966804504;-0.039813410490751266;0.6264157295227051;0.04688984155654907;0.317110151052475
75;8;3;6.8251675119091075;0.8041039075229879;0.9589372277259827;0.9554877877235413;0.29413554072380066;0.29465582966804504;0.4392964839935303;0.509802520275116;-1.2788625955581665;1.8735283613204956
76;8;1;9.811850476604015;0.9999430038890438;0.9589372277259827;0.9556359648704529;0.2929137349128723;0.29403042793273926;-0.04912858083844185;0.9262535572052002;0.2821062207221985;0.6344793438911438
76;8;2;8.877453932755454;0.9582892898009661;0.9589372277259827;0.9556359648704529;0.2929137349128723;0.29403042793273926;-0.04133506864309311;0.6268551349639893;0.046251147985458374;0.31584644317626953
76;8;3;6.864932688753273;0.8241968376511419;0.9589372277259827;0.9556359648704529;0.2929137349128723;0.29403042793273926;0.43927907943725586;0.5095625519752502;-1.2863411903381348;1.8841047286987305
77;8;1;9.811930047108682;0.9999430038890225;0.9589372277259827;0.9557792544364929;0.2916935980319977;0.2935117781162262;-0.04779309034347534;0.9261605143547058;0.283917099237442;0.637195885181427
77;8;2;8.898889465544979;0.9564244656131322;0.9589372277259827;0.9557792544364929;0.2916935980319977;0.2935117781162262;-0.04272657632827759;0.6274271011352539;0.04568446800112724;0.3145885467529297
77;8;3;6.884482012560074;0.8197178939930936;0.9589372277259827;0.9557792544364929;0.2916935980319977;0.2935117781162262;0.4394364356994629;0.5096474885940552;-1.2936489582061768;1.894439458847046
78;8;1;9.81194762699458;0.9999430038890509;0.9597423672676086;0.9558384418487549;0.290653795003891;0.29307717084884644;-0.04622921347618103;0.9262389540672302;0.2856989800930023;0.6400267481803894
78;8;2;8.86505532515902;0.9519328070074451;0.9597423672676086;0.9558384418487549;0.290653795003891;0.29307717084884644;-0.04390069842338562;0.6282147169113159;0.04530053585767746;0.31353047490119934
78;8;3;6.887607723782445;0.8298266217325931;0.9597423672676086;0.9558384418487549;0.290653795003891;0.29307717084884644;0.43986815214157104;0.5102663040161133;-1.3006576299667358;1.9043512344360352
79;8;1;9.8116897097715;0.9999430038890296;0.9597423672676086;0.9559323191642761;0.2898777723312378;0.29263049364089966;-0.044415391981601715;0.9264819622039795;0.28748029470443726;0.6430538296699524
79;8;2;8.85297495639124;0.9457689609860225;0.9597423672676086;0.9559323191642761;0.2898777723312378;0.29263049364089966;-0.044830966740846634;0.6292435526847839;0.04513024538755417;0.3127407431602478
79;8;3;6.882359452646769;0.8125834425027207;0.9597423672676086;0.9559323191642761;0.2898777723312378;0.29263049364089966;0.4406028389930725;0.511481523513794;-1.3073254823684692;1.913780927658081
80;8;1;9.809393021350125;0.9999430038890367;0.9597423672676086;0.9560607671737671;0.28937119245529175;0.2921174168586731;-0.04237906262278557;0.9268744587898254;0.28920871019363403;0.6462318897247314
80;8;2;8.88876543739854;0.9582563363040748;0.9597423672676086;0.9560607671737671;0.28937119245529175;0.2921174168586731;-0.04552598297595978;0.6304802894592285;0.04515158385038376;0.31214240193367004
80;8;3;6.9075026204472785;0.8235678978866545;0.9597423672676086;0.9560607671737671;0.28937119245529175;0.2921174168586731;0.44159385561943054;0.5132006406784058;-1.3137041330337524;1.9228017330169678
81;8;1;9.809081699627171;0.9999430038890509;0.9597423672676086;0.9560903310775757;0.2891159653663635;0.291543573141098;-0.04016786813735962;0.9273950457572937;0.29083454608917236;0.6493819355964661
81;8;2;8.9150877084016;0.9567835992234528;0.9597423672676086;0.9560903310775757;0.2891159653663635;0.291543573141098;-0.04607907310128212;0.6318393349647522;0.045239996165037155;0.31156331300735474
81;8;3;6.919570741358768;0.8318919202886068;0.9597423672676086;0.9560903310775757;0.2891159653663635;0.291543573141098;0.44273504614830017;0.5152072310447693;-1.3199187517166138;1.9315905570983887
82;8;1;9.809178404421402;0.9999430038890083;0.9589371681213379;0.9561940431594849;0.28904709219932556;0.29096534848213196;-0.0378509946167469;0.9280241131782532;0.2922619879245758;0.6522718667984009
82;8;2;8.920806319718125;0.9649813146655042;0.9589371681213379;0.9561940431594849;0.28904709219932556;0.29096534848213196;-0.04661726579070091;0.6332100033760071;0.04521780461072922;0.31079334020614624
82;8;3;6.907068537594306;0.8253732729115235;0.9589371681213379;0.9561940431594849;0.28904709219932556;0.29096534848213196;0.4438931345939636;0.5172273516654968;-1.3261252641677856;1.9403679370880127
83;8;1;9.809174461501712;0.9999430038890154;0.9597423672676086;0.9563570618629456;0.28903499245643616;0.290436327457428;-0.03550460934638977;0.9287385940551758;0.2933926582336426;0.654710054397583
83;8;2;8.922867342297629;0.9580722277256193;0.9597423672676086;0.9563570618629456;0.28903499245643616;0.290436327457428;-0.04722204431891441;0.6344925165176392;0.04498476907610893;0.30962932109832764
83;8;3;6.905483047957365;0.8399121866393386;0.9597423672676086;0.9563570618629456;0.28903499245643616;0.290436327457428;0.4449459910392761;0.5190094709396362;-1.3324601650238037;1.949326753616333
84;8;1;9.809034952540934;0.9999430038890438;0.9597423672676086;0.9564903974533081;0.28892773389816284;0.28994348645210266;-0.03317534923553467;0.9295249581336975;0.29421088099479675;0.6565366387367249
84;8;2;8.939584320074701;0.964572030801218;0.9597423672676086;0.9564903974533081;0.28892773389816284;0.28994348645210266;-0.04796697571873665;0.635618269443512;0.04447219893336296;0.30796000361442566
84;8;3;6.882207655412447;0.83874050746204;0.9597423672676086;0.9564903974533081;0.28892773389816284;0.28994348645210266;0.4458138644695282;0.5203889012336731;-1.3390021324157715;1.9585785865783691
85;8;1;9.808623721928775;0.9999430038890154;0.9597423672676086;0.9565446972846985;0.2885442078113556;0.2894331216812134;-0.030898695811629295;0.9303643703460693;0.2946826219558716;0.6577717065811157
85;8;2;8.91112395863172;0.9590366787014659;0.9597423672676086;0.9565446972846985;0.2885442078113556;0.2894331216812134;-0.04883613809943199;0.6365702748298645;0.04373881220817566;0.305804967880249
85;8;3;6.8709753419968465;0.8362964630611192;0.9597423672676086;0.9565446972846985;0.2885442078113556;0.2894331216812134;0.44647836685180664;0.5213286876678467;-1.3457485437393188;1.968119502067566
86;8;1;9.807594465870757;0.9999430038890509;0.9597423672676086;0.9566336274147034;0.2878224551677704;0.2888827621936798;-0.028670107945799828;0.9312357306480408;0.29486754536628723;0.6585476994514465
86;8;2;8.918951161816675;0.9651037080385798;0.9597423672676086;0.9566336274147034;0.2878224551677704;0.2888827621936798;-0.04979803040623665;0.6373787522315979;0.042858511209487915;0.3033003509044647
86;8;3;6.868171291637196;0.8356650273492097;0.9597423672676086;0.9566336274147034;0.2878224551677704;0.2888827621936798;0.44698044657707214;0.5219149589538574;-1.3526216745376587;1.977839469909668
87;8;1;9.806008730386544;0.9999430038890225;0.9601448774337769;0.9567323923110962;0.28685206174850464;0.2883128523826599;-0.026457279920578003;0.9320979118347168;0.29492610692977905;0.6591148972511292
87;8;2;8.85049914410233;0.945072218507697;0.9601448774337769;0.9567323923110962;0.28685206174850464;0.2883128523826599;-0.05077305808663368;0.6381096839904785;0.04197763651609421;0.300666481256485
87;8;3;6.849862893481191;0.8258666626667779;0.9601448774337769;0.9567323923110962;0.28685206174850464;0.2883128523826599;0.4474028944969177;0.5223211050033569;-1.3594924211502075;1.9875562191009521
88;8;1;9.802929207442041;0.9999430038890651;0.9609500169754028;0.9569051861763;0.28581321239471436;0.2877703309059143;-0.024230582639575005;0.9329385161399841;0.29493188858032227;0.6597151160240173
88;8;2;8.870626283482505;0.9694141102034557;0.9609500169754028;0.9569051861763;0.28581321239471436;0.2877703309059143;-0.05167541652917862;0.6388408541679382;0.041240811347961426;0.29812321066856384
88;8;3;6.845716841259655;0.8348481517253941;0.9609500169754028;0.9569051861763;0.28581321239471436;0.2877703309059143;0.44784069061279297;0.5227454304695129;-1.3662195205688477;1.9970697164535522
89;8;1;9.802706348240939;0.9999430038890509;0.9613527059555054;0.9570138454437256;0.2848501205444336;0.2872595191001892;-0.02196960523724556;0.9337442517280579;0.2949649393558502;0.6605490446090698
89;8;2;8.864424351171419;0.969473768428351;0.9613527059555054;0.9570138454437256;0.2848501205444336;0.2872595191001892;-0.05243956670165062;0.6396366953849792;0.04075726866722107;0.29585373401641846
89;8;3;6.85152105205491;0.8405279776681667;0.9613527059555054;0.9570138454437256;0.2848501205444336;0.2872595191001892;0.44837236404418945;0.5233513712882996;-1.3726872205734253;2.006216287612915
90;8;1;9.802741601264763;0.9999430038890509;0.9613527059555054;0.9570731520652771;0.28407034277915955;0.2867586612701416;-0.01966691017150879;0.9345035552978516;0.2950705289840698;0.6617353558540344
90;8;2;8.84592343086123;0.9618088819291764;0.9613527059555054;0.9570731520652771;0.28407034277915955;0.2867586612701416;-0.05302116274833679;0.6405321955680847;0.040613412857055664;0.2939550578594208
90;8;3;6.856150766018784;0.8416235186123444;0.9613527059555054;0.9570731520652771;0.28407034277915955;0.2867586612701416;0.4490395486354828;0.5242246389389038;-1.3788325786590576;2.0149073600769043
91;8;1;9.799597816003889;0.999943003889058;0.9617552757263184;0.9571472406387329;0.2835127115249634;0.2862429618835449;-0.017345935106277466;0.9352052211761475;0.2952636182308197;0.6632892489433289
91;8;2;8.843403136186236;0.9626827670073652;0.9617552757263184;0.9571472406387329;0.2835127115249634;0.2862429618835449;-0.053434424102306366;0.6415228843688965;0.04079865664243698;0.2924301326274872
91;8;3;6.849473075498457;0.8377283378487448;0.9617552757263184;0.9571472406387329;0.2835127115249634;0.2862429618835449;0.44983744621276855;0.5253546833992004;-1.3846572637557983;2.0231447219848633
92;8;1;9.798626002767861;0.9999430038890296;0.9617552757263184;0.9572016000747681;0.28314030170440674;0.28571516275405884;-0.015031212940812111;0.9358545541763306;0.2955055236816406;0.665104329586029
92;8;2;8.858054214109405;0.9694944328264512;0.9617552757263184;0.9572016000747681;0.28314030170440674;0.28571516275405884;-0.053757194429636;0.6425687074661255;0.0412149652838707;0.29120972752571106
92;8;3;6.8454995431194945;0.8436899250568732;0.9617552757263184;0.9572016000747681;0.28314030170440674;0.28571516275405884;0.450722336769104;0.5266498327255249;-1.390217661857605;2.031008243560791
93;8;1;9.800862723407725;0.9999430038890651;0.9613527059555054;0.9572855234146118;0.28290796279907227;0.285186767578125;-0.012748504057526588;0.9364609718322754;0.2957909405231476;0.6669965386390686
93;8;2;8.861297982375277;0.9678271748637748;0.9613527059555054;0.9572855234146118;0.28290796279907227;0.285186767578125;-0.05409051105380058;0.6436142325401306;0.041730236262083054;0.290158748626709
93;8;3;6.835604053063902;0.8431326101920806;0.9613527059555054;0.9572855234146118;0.28290796279907227;0.285186767578125;0.4516308903694153;0.5279781818389893;-1.3955994844436646;2.03861927986145
94;8;1;9.803081135855138;0.9999430038890367;0.9613527059555054;0.9574090242385864;0.2827223837375641;0.28467434644699097;-0.010475337505340576;0.9370142817497253;0.29610151052474976;0.6688643097877502
94;8;2;8.868167215008231;0.953389129759298;0.9613527059555054;0.9574090242385864;0.2827223837375641;0.28467434644699097;-0.054479386657476425;0.6446115374565125;0.04229854792356491;0.28915461897850037
94;8;3;6.815667407461927;0.8362954381824164;0.9613527059555054;0.9574090242385864;0.2827223837375641;0.28467434644699097;0.4525049328804016;0.529218852519989;-1.400885820388794;2.046095371246338
95;8;1;9.801980962826676;0.9999430038890154;0.9613527059555054;0.9575225114822388;0.2824658453464508;0.2841591536998749;-0.008232719264924526;0.9375243186950684;0.29642707109451294;0.6705878376960754
95;8;2;8.878712058783801;0.9729819816768739;0.9613527059555054;0.9575225114822388;0.2824658453464508;0.2841591536998749;-0.05496447533369064;0.6455287337303162;0.04285573214292526;0.28810736536979675
95;8;3;6.8240893671190435;0.8421285732981882;0.9613527059555054;0.9575225114822388;0.2824658453464508;0.2841591536998749;0.45330581068992615;0.5302912592887878;-1.4061381816864014;2.053523302078247
96;8;1;9.803079536969975;0.9999430038890296;0.9613527059555054;0.9576509594917297;0.2820551097393036;0.28363555669784546;-0.00602650037035346;0.938005268573761;0.2967343330383301;0.6721318960189819
96;8;2;8.914960687570648;0.9693671680504217;0.9613527059555054;0.9576509594917297;0.2820551097393036;0.28363555669784546;-0.05554577708244324;0.6463630199432373;0.043400418013334274;0.2869706153869629
96;8;3;6.819249086938797;0.8352546154052867;0.9613527059555054;0.9576509594917297;0.2820551097393036;0.28363555669784546;0.4540262818336487;0.531180202960968;-1.411380648612976;2.0609371662139893
97;8;1;9.80591672466641;0.9999430038890438;0.9613527059555054;0.9578288197517395;0.2814505398273468;0.28309157490730286;-0.0038472830783575773;0.9384675025939941;0.29702821373939514;0.6735361814498901
97;8;2;8.928794403548856;0.9568775009123165;0.9613527059555054;0.9578288197517395;0.2814505398273468;0.28309157490730286;-0.05619426071643829;0.6471386551856995;0.043961238116025925;0.28575798869132996
97;8;3;6.8338506467506495;0.8277213921101527;0.9613527059555054;0.9578288197517395;0.2814505398273468;0.28309157490730286;0.4546912610530853;0.5319364666938782;-1.4165992736816406;2.068317413330078
98;8;1;9.806606415807416;0.999943003889058;0.9613527059555054;0.95797199010849;0.2807140648365021;0.28253448009490967;-0.001674139522947371;0.9389239549636841;0.297326922416687;0.674882709980011
98;8;2;8.927543189028498;0.9608960334765762;0.9613527059555054;0.95797199010849;0.2807140648365021;0.28253448009490967;-0.05687152221798897;0.6478981971740723;0.04456555098295212;0.28452736139297485
98;8;3;6.857327873402113;0.8404880757056237;0.9613527059555054;0.95797199010849;0.2807140648365021;0.28253448009490967;0.45534735918045044;0.5326563119888306;-1.4217534065246582;2.07560658454895
99;8;1;9.805848536333784;0.9999430038890367;0.9609501361846924;0.9580460786819458;0.2799208462238312;0.2819801867008209;0.0005182027816772461;0.9393874406814575;0.29768088459968567;0.6762504577636719
99;8;2;8.938003276965297;0.9627945426168552;0.9609501361846924;0.9580460786819458;0.2799208462238312;0.2819801867008209;-0.05753089115023613;0.648689329624176;0.045245688408613205;0.28335580229759216
99;8;3;6.884208289176552;0.8559661208934628;0.9609501361846924;0.9580460786819458;0.2799208462238312;0.2819801867008209;0.4560479521751404;0.5334493517875671;-1.4267939329147339;2.0827348232269287
100;8;1;9.806251662984792;0.9999430038890438;0.9605475664138794;0.958174467086792;0.27915871143341064;0.281440407037735;0.002756476402282715;0.9398719072341919;0.29811593890190125;0.6777045130729675
100;8;2;8.946260995832365;0.9583305200752861;0.9605475664138794;0.958174467086792;0.27915871143341064;0.281440407037735;-0.0581672228872776;0.649548351764679;0.04598444700241089;0.2822987139225006
100;8;3;6.870083117074222;0.8386465430134216;0.9605475664138794;0.958174467086792;0.27915871143341064;0.281440407037735;0.4568363130092621;0.534404993057251;-1.4316835403442383;2.0896499156951904
101;8;1;9.806894645888185;0.9999430038890225;0.9613527059555054;0.9583719968795776;0.278523713350296;0.28089407086372375;0.005114847328513861;0.9403722286224365;0.2986803948879242;0.6793007254600525
101;8;2;8.964874775215371;0.9617998723393484;0.9613527059555054;0.9583719968795776;0.278523713350296;0.28089407086372375;-0.05875777080655098;0.6504969596862793;0.0467899851500988;0.28136906027793884
101;8;3;6.881600864032599;0.8392956677203234;0.9613527059555054;0.9583719968795776;0.278523713350296;0.28089407086372375;0.4577353000640869;0.5355703830718994;-1.4364099502563477;2.0963339805603027
102;8;1;9.80559564315508;0.9999430038890438;0.9621578454971313;0.9584904909133911;0.2780338525772095;0.2803393602371216;0.007583004422485828;0.9409036040306091;0.2993476092815399;0.6809951663017273
102;8;2;8.993646635709862;0.9577687597516622;0.9621578454971313;0.9584904909133911;0.2780338525772095;0.2803393602371216;-0.0593009889125824;0.6515315175056458;0.04764925688505173;0.2805229127407074
102;8;3;6.9002311415536735;0.8474166101491267;0.9621578454971313;0.9584904909133911;0.2780338525772095;0.2803393602371216;0.4587380588054657;0.5369310975074768;-1.4409960508346558;2.1028196811676025
103;8;1;9.803070980633493;0.9999430038890083;0.9621578454971313;0.958604097366333;0.2776728868484497;0.279780775308609;0.01014090795069933;0.9414852261543274;0.3001388609409332;0.6826382279396057
103;8;2;9.034867950585312;0.9738979383965827;0.9621578454971313;0.958604097366333;0.2776728868484497;0.279780775308609;-0.0598231665790081;0.6526258587837219;0.04852663725614548;0.27968522906303406
103;8;3;6.921037867724353;0.8511362002022036;0.9621578454971313;0.958604097366333;0.2776728868484497;0.279780775308609;0.45981305837631226;0.5384218692779541;-1.4454931020736694;2.1091794967651367
104;8;1;9.799594617804509;0.9999430038890438;0.9625604152679443;0.9587374925613403;0.2773599922657013;0.2792228162288666;0.01276242733001709;0.942120373249054;0.300990492105484;0.6841484904289246
104;8;2;9.037989396459334;0.9691021813588243;0.9625604152679443;0.9587374925613403;0.2773599922657013;0.2792228162288666;-0.06035253405570984;0.6537458896636963;0.04939284920692444;0.2787717878818512
104;8;3;6.92601243258615;0.8596745755125088;0.9625604152679443;0.9587374925613403;0.2773599922657013;0.2792228162288666;0.46091967821121216;0.5399582982063293;-1.449960708618164;2.115497589111328
105;8;1;9.79846273643728;0.9999430038890296;0.9625604152679443;0.9588807225227356;0.2770274877548218;0.27866503596305847;0.015423715114593506;0.9428256750106812;0.30186399817466736;0.6854064464569092
105;8;2;9.096589670797218;0.9747805647544787;0.9625604152679443;0.9588807225227356;0.2770274877548218;0.27866503596305847;-0.06094133481383324;0.6548596620559692;0.05017629265785217;0.2777034342288971
105;8;3;6.953764961515953;0.8522318145310841;0.9625604152679443;0.9588807225227356;0.2770274877548218;0.27866503596305847;0.46202191710472107;0.5414654612541199;-1.4544495344161987;2.1218457221984863
106;8;1;9.798707088105218;0.999943003889058;0.9625604152679443;0.9590239524841309;0.2765878438949585;0.27810606360435486;0.018119096755981445;0.943601667881012;0.3027726709842682;0.6863560676574707
106;8;2;9.072074211771753;0.9703103786303586;0.9625604152679443;0.9590239524841309;0.2765878438949585;0.27810606360435486;-0.06161446124315262;0.6559509634971619;0.050859540700912476;0.27646583318710327
106;8;3;6.950503455827231;0.8477496545151038;0.9625604152679443;0.9590239524841309;0.2765878438949585;0.27810606360435486;0.46310365200042725;0.5429090261459351;-1.4589825868606567;2.1282565593719482
107;8;1;9.799967220088966;0.9999430038890864;0.9633655548095703;0.9591622352600098;0.2759895324707031;0.27754032611846924;0.02084568701684475;0.9444457292556763;0.3037131428718567;0.6870270371437073
107;8;2;9.094568425493176;0.9668065989320205;0.9633655548095703;0.9591622352600098;0.2759895324707031;0.27754032611846924;-0.062354423105716705;0.6570273041725159;0.051470041275024414;0.27508673071861267
107;8;3;6.954685229953299;0.8484850152205361;0.9633655548095703;0.9591622352600098;0.2759895324707031;0.27754032611846924;0.46417349576950073;0.5443065166473389;-1.4635488986968994;2.134714365005493
108;8;1;9.80030648870818;0.9999430038890296;0.9637681245803833;0.9592807292938232;0.2752394378185272;0.2769654095172882;0.023608971387147903;0.9453523755073547;0.30469653010368347;0.6874991655349731
108;8;2;9.12303838458028;0.9768835193373988;0.9637681245803833;0.9592807292938232;0.2752394378185272;0.2769654095172882;-0.0631246268749237;0.6581134796142578;0.05205234885215759;0.2736307978630066
108;8;3;6.948098765828874;0.853935426797058;0.9637681245803833;0.9592807292938232;0.2752394378185272;0.2769654095172882;0.4652596414089203;0.5457155704498291;-1.468111276626587;2.1411664485931396
109;8;1;9.799916017386849;0.9999430038890651;0.9641706943511963;0.9593449831008911;0.27437642216682434;0.2763901948928833;0.02642054669559002;0.9463139772415161;0.3057534694671631;0.6878682374954224
109;8;2;9.129852622474722;0.9748146498435091;0.9641706943511963;0.9593449831008911;0.27437642216682434;0.2763901948928833;-0.06391353160142899;0.6592370271682739;0.05261945724487305;0.2721775770187378
109;8;3;6.964681067406916;0.8663530943690017;0.9641706943511963;0.9593449831008911;0.27437642216682434;0.2763901948928833;0.46639710664749146;0.5472074747085571;-1.472622275352478;2.1475460529327393
110;8;1;9.799797861459083;0.9999430038890154;0.9641706943511963;0.9594387412071228;0.27351900935173035;0.2758238911628723;0.029279952868819237;0.9473249316215515;0.30689141154289246;0.6882205605506897
110;8;2;9.101253650134542;0.9709897541668973;0.9641706943511963;0.9594387412071228;0.27351900935173035;0.2758238911628723;-0.06468453258275986;0.660423219203949;0.053215157240629196;0.2707960903644562
110;8;3;6.9337971554262925;0.8516038441723719;0.9641706943511963;0.9594387412071228;0.27351900935173035;0.2758238911628723;0.4676152169704437;0.5488424301147461;-1.477040410041809;2.153794050216675
111;8;1;9.799250005435923;0.9999430038890296;0.9641706943511963;0.9595375061035156;0.2727298438549042;0.27526089549064636;0.032183099538087845;0.9483727812767029;0.30808648467063904;0.6886389255523682
111;8;2;9.08651509508093;0.9656553715169203;0.9641706943511963;0.9595375061035156;0.2727298438549042;0.27526089549064636;-0.0654190257191658;0.661682665348053;0.053862959146499634;0.2695251405239105
111;8;3;6.928511092513473;0.8503912435282057;0.9641706943511963;0.9595375061035156;0.2727298438549042;0.27526089549064636;0.4689270257949829;0.550646960735321;-1.4813439846038818;2.1598803997039795
112;8;1;9.798744551667134;0.9999430038890509;0.9641706943511963;0.9596658945083618;0.27204975485801697;0.27469757199287415;0.03511166200041771;0.9494509696960449;0.3093254566192627;0.6891258955001831
112;8;2;9.114588125937345;0.9807639699770441;0.9641706943511963;0.9596658945083618;0.27204975485801697;0.27469757199287415;-0.06611496955156326;0.6630073189735413;0.054566722363233566;0.2683607041835785
112;8;3;6.939921197919464;0.8565651521376374;0.9641706943511963;0.9596658945083618;0.27204975485801697;0.27469757199287415;0.4703238606452942;0.5526029467582703;-1.4855387210845947;2.1658124923706055
113;8;1;9.79909850854036;0.9999430038890438;0.9645732641220093;0.9597499370574951;0.2714698910713196;0.27413567900657654;0.038038820028305054;0.9505623579025269;0.3105714023113251;0.6896224021911621
113;8;2;9.113283102064415;0.9807887624833356;0.9645732641220093;0.9597499370574951;0.2714698910713196;0.27413567900657654;-0.06679992377758026;0.6643721461296082;0.05529746413230896;0.2672719359397888
113;8;3;6.955832223690688;0.8563745748021212;0.9645732641220093;0.9597499370574951;0.2714698910713196;0.27413567900657654;0.4717792868614197;0.5546558499336243;-1.4896527528762817;2.171630620956421
114;8;1;9.799496671963489;0.9999430038890367;0.9645732641220093;0.9598388075828552;0.2709517478942871;0.2735872268676758;0.04093432426452637;0.9517057538032532;0.3117387294769287;0.690093457698822
114;8;2;9.11387193167485;0.9732220540340926;0.9645732641220093;0.9598388075828552;0.2709517478942871;0.2735872268676758;-0.06750146299600601;0.6657471656799316;0.05603783577680588;0.26622095704078674
114;8;3;6.943510271814363;0.8601224487226915;0.9645732641220093;0.9598388075828552;0.2709517478942871;0.2735872268676758;0.4732608199119568;0.5567389726638794;-1.493722677230835;2.177386522293091
115;8;1;9.79851628355987;0.999943003889058;0.9645732641220093;0.9599770307540894;0.2704440653324127;0.2730463743209839;0.04378974065184593;0.952864944934845;0.3128316104412079;0.6905083060264587
115;8;2;9.111194620057681;0.9732878696495781;0.9645732641220093;0.9599770307540894;0.2704440653324127;0.2730463743209839;-0.06823694705963135;0.6671072840690613;0.05677647516131401;0.2651839256286621
115;8;3;6.9176610099735;0.8478157774816495;0.9645732641220093;0.9599770307540894;0.2704440653324127;0.2730463743209839;0.47474145889282227;0.5587965250015259;-1.4977798461914062;2.183124303817749
116;8;1;9.798370210265425;0.9999430038890367;0.9653784036636353;0.960115373134613;0.269896924495697;0.2725081443786621;0.04659789800643921;0.9540423154830933;0.3138481676578522;0.6908231973648071
116;8;2;9.09368858872061;0.9721685052449871;0.9653784036636353;0.960115373134613;0.269896924495697;0.2725081443786621;-0.06904394179582596;0.668437123298645;0.057475727051496506;0.264143168926239
116;8;3;6.9215136927879435;0.8539881997823784;0.9653784036636353;0.960115373134613;0.269896924495697;0.2725081443786621;0.4762069582939148;0.5607989430427551;-1.5018407106399536;2.1888670921325684
117;8;1;9.79960370738985;0.9999430038890438;0.9649758338928223;0.9602240324020386;0.2692703306674957;0.2719709873199463;0.04936116933822632;0.9552336931228638;0.314790815114975;0.6910596489906311
117;8;2;9.110906081078884;0.9700320143784857;0.9649758338928223;0.9602240324020386;0.2692703306674957;0.2719709873199463;-0.06990668177604675;0.6697412729263306;0.05816426873207092;0.2631249725818634
117;8;3;6.923660559420801;0.848347913000234;0.9649758338928223;0.9602240324020386;0.2692703306674957;0.2719709873199463;0.47766241431236267;0.5627566576004028;-1.5058993101119995;2.1946067810058594
118;8;1;9.801099368189519;0.9999430038890438;0.9637681245803833;0.9602881669998169;0.2685776352882385;0.2714358866214752;0.052086181938648224;0.956434965133667;0.3156832754611969;0.6912662982940674
118;8;2;9.101538705346336;0.9832627047510805;0.9637681245803833;0.9602881669998169;0.2685776352882385;0.2714358866214752;-0.07079997658729553;0.6710377335548401;0.058870039880275726;0.2621757686138153
118;8;3;6.945975656231166;0.8663082567673523;0.9637681245803833;0.9602881669998169;0.2685776352882385;0.2714358866214752;0.4791277348995209;0.5647101402282715;-1.5099327564239502;2.2003109455108643
119;8;1;9.802294618397006;0.9999430038890225;0.9637681245803833;0.9603672027587891;0.2678660452365875;0.2709066867828369;0.05478162690997124;0.9576374292373657;0.3165294826030731;0.6915300488471985
119;8;2;9.073339912156559;0.9783868939726545;0.9637681245803833;0.9603672027587891;0.2678660452365875;0.2709066867828369;-0.07168333977460861;0.6723493933677673;0.059654366225004196;0.26135820150375366
119;8;3;6.9340721133105045;0.8628646783973721;0.9637681245803833;0.9603672027587891;0.2678660452365875;0.2709066867828369;0.48062798380851746;0.5667106509208679;-1.5139130353927612;2.205940008163452
120;8;1;9.80215819211594;0.9999430038890154;0.9641706943511963;0.9604610204696655;0.2672017514705658;0.2703801989555359;0.057454999536275864;0.9588403105735779;0.3173312842845917;0.6918985247612
120;8;2;9.077685552476797;0.9749073841570883;0.9641706943511963;0.9604610204696655;0.2672017514705658;0.2703801989555359;-0.07252762466669083;0.6736934185028076;0.06054038926959038;0.26070311665534973
120;8;3;6.931885044866313;0.8650865327576955;0.9641706943511963;0.9604610204696655;0.2672017514705658;0.2703801989555359;0.4821805953979492;0.5687934160232544;-1.5178229808807373;2.2114694118499756
121;8;1;9.802246991501164;0.999943003889058;0.9641706943511963;0.9605302214622498;0.2666303813457489;0.269851952791214;0.06010403856635094;0.9600462913513184;0.3180839717388153;0.6923725008964539
121;8;2;9.073352908295568;0.9781970501820787;0.9641706943511963;0.9605302214622498;0.2666303813457489;0.269851952791214;-0.07332389801740646;0.6750724911689758;0.061538130044937134;0.26021140813827515
121;8;3;6.916745027248023;0.8675499154317805;0.9641706943511963;0.9605302214622498;0.2666303813457489;0.269851952791214;0.4837877154350281;0.5709620714187622;-1.5216656923294067;2.2169039249420166
122;8;1;9.802487038910193;0.9999430038890722;0.9641706943511963;0.9606537222862244;0.26615533232688904;0.26932603120803833;0.06272652745246887;0.9612629413604736;0.3187909424304962;0.6928933262825012
122;8;2;9.069524761399077;0.9799940902384954;0.9641706943511963;0.9606537222862244;0.26615533232688904;0.26932603120803833;-0.07409381121397018;0.6764745116233826;0.06260006874799728;0.25984862446784973
122;8;3;6.916758888648321;0.8667518590006189;0.9641706943511963;0.9606537222862244;0.26615533232688904;0.26932603120803833;0.4854357838630676;0.5731886625289917;-1.5254639387130737;2.2222752571105957
123;8;1;9.802168430056597;0.9999430038890367;0.9641706943511963;0.9607177972793579;0.26574501395225525;0.2688087522983551;0.0653054267168045;0.9625057578086853;0.3194415271282196;0.6933707594871521
123;8;2;9.096916936960362;0.9804704584656783;0.9641706943511963;0.9607177972793579;0.26574501395225525;0.2688087522983551;-0.07486844807863235;0.677880048751831;0.06367193162441254;0.25956353545188904
123;8;3;6.9235433125769426;0.8749438029059657;0.9641706943511963;0.9607177972793579;0.26574501395225525;0.2688087522983551;0.48710379004478455;0.575429379940033;-1.5292503833770752;2.227630138397217
124;8;1;9.802105200040018;0.9999430038890864;0.9641706943511963;0.9607968330383301;0.2653195858001709;0.26830166578292847;0.06783310323953629;0.9637861251831055;0.3200241029262543;0.6937302350997925
124;8;2;9.096754236047236;0.98166309984747;0.9641706943511963;0.9607968330383301;0.2653195858001709;0.26830166578292847;-0.07567010819911957;0.6792729496955872;0.0647195503115654;0.25932568311691284
124;8;3;6.932674260370028;0.8750040965764398;0.9641706943511963;0.9607968330383301;0.2653195858001709;0.26830166578292847;0.48877447843551636;0.5776491761207581;-1.5330522060394287;2.2330069541931152
125;8;1;9.802241170789777;0.9999430038890367;0.9645732641220093;0.960900604724884;0.2648308575153351;0.2677989900112152;0.07030456513166428;0.965120255947113;0.3204905092716217;0.6939385533332825
125;8;2;9.106064891515388;0.9903428381993784;0.9645732641220093;0.960900604724884;0.2648308575153351;0.2677989900112152;-0.0765063688158989;0.6806488037109375;0.06572182476520538;0.2591226100921631
125;8;3;6.9351569155020645;0.8784925774019907;0.9645732641220093;0.960900604724884;0.2648308575153351;0.2677989900112152;0.4904429614543915;0.5798375606536865;-1.5368807315826416;2.2384212017059326
126;8;1;9.802473717634413;0.9999430038890154;0.9645732641220093;0.9610092639923096;0.26429283618927;0.2673013210296631;0.07272790372371674;0.9665067791938782;0.32085514068603516;0.694013237953186
126;8;2;9.076481775308327;0.9754113603756238;0.9645732641220093;0.9610092639923096;0.26429283618927;0.2673013210296631;-0.07736729830503464;0.6820151805877686;0.06669177114963531;0.2589770257472992
126;8;3;6.922475253998057;0.8715285392944132;0.9645732641220093;0.9610092639923096;0.26429283618927;0.2673013210296631;0.4921177327632904;0.5820123553276062;-1.540729284286499;2.243863821029663
127;8;1;9.802650561796987;0.9999430038890296;0.9641706943511963;0.9610833525657654;0.2637300193309784;0.2668090760707855;0.07510516792535782;0.967940092086792;0.3211047649383545;0.6940218210220337
127;8;2;9.024323325614553;0.9685346078139645;0.9641706943511963;0.9610833525657654;0.2637300193309784;0.2668090760707855;-0.0782213881611824;0.6833886504173279;0.06767359375953674;0.2589298188686371
127;8;3;6.926825677617192;0.8666086183081152;0.9641706943511963;0.9610833525657654;0.2637300193309784;0.2668090760707855;0.4938160181045532;0.5842083692550659;-1.544580101966858;2.249309778213501
128;8;1;9.802756267939763;0.9999430038890154;0.9645732641220093;0.9611673355102539;0.2631916105747223;0.26631924510002136;0.07743921130895615;0.9694163203239441;0.32125839591026306;0.6940060257911682
128;8;2;9.057306994952498;0.9792120414471377;0.9645732641220093;0.9611673355102539;0.2631916105747223;0.26631924510002136;-0.07904890924692154;0.6847829222679138;0.06869538128376007;0.2590174376964569
128;8;3;6.921659650004118;0.864742537598417;0.9645732641220093;0.9611673355102539;0.2631916105747223;0.26631924510002136;0.49555301666259766;0.586456298828125;-1.5484168529510498;2.2547357082366943
129;8;1;9.802863343902352;0.9999430038890509;0.9645732641220093;0.9612610936164856;0.26267382502555847;0.26583507657051086;0.07973261922597885;0.970938503742218;0.3213386535644531;0.6939632892608643
129;8;2;9.02837939371766;0.9750470070762418;0.9645732641220093;0.9612610936164856;0.26267382502555847;0.26583507657051086;-0.0798460841178894;0.6862046122550964;0.06974983215332031;0.2592358887195587
129;8;3;6.9291935392264445;0.8699819524339567;0.9645732641220093;0.9612610936164856;0.26267382502555847;0.26583507657051086;0.4973350167274475;0.5887688994407654;-1.5522339344024658;2.260133743286133
130;8;1;9.802913604561724;0.9999430038890438;0.9641706943511963;0.9613351821899414;0.2621200382709503;0.2653506398200989;0.08197066187858582;0.972507655620575;0.32133886218070984;0.6938810348510742
130;8;2;9.052672878000486;0.9825453023226522;0.9641706943511963;0.9613351821899414;0.2621200382709503;0.2653506398200989;-0.0806092619895935;0.6876486539840698;0.07087325304746628;0.2596082389354706
130;8;3;6.9179014533049425;0.8757012858811795;0.9641706943511963;0.9613351821899414;0.2621200382709503;0.2653506398200989;0.4991585612297058;0.5911386609077454;-1.556037425994873;2.265512704849243
131;8;1;9.802757915159738;0.9999430038890651;0.9641706943511963;0.9614192247390747;0.2615987956523895;0.2648508846759796;0.08415296673774719;0.9741261601448059;0.32125356793403625;0.6937181949615479
131;8;2;9.065763719413923;0.9810790250597918;0.9641706943511963;0.9614192247390747;0.2615987956523895;0.2648508846759796;-0.08134575188159943;0.6891037225723267;0.0720793753862381;0.26014262437820435
131;8;3;6.929194859094961;0.876342266696625;0.9641706943511963;0.9614192247390747;0.2615987956523895;0.2648508846759796;0.5010131597518921;0.5935428738594055;-1.5598422288894653;2.2708935737609863
132;8;1;9.802431945363338;0.9999430038890296;0.9641706943511963;0.9615327715873718;0.26101845502853394;0.26435279846191406;0.0862731859087944;0.9757866263389587;0.32111406326293945;0.6934504508972168
132;8;2;9.081760230124154;0.9872855313383226;0.9641706943511963;0.9615327715873718;0.26101845502853394;0.26435279846191406;-0.08207434415817261;0.690558671951294;0.07334133982658386;0.2608279883861542
132;8;3;6.921382773757895;0.8778110390507603;0.9641706943511963;0.9615327715873718;0.26101845502853394;0.26435279846191406;0.5028879642486572;0.5959584712982178;-1.5636624097824097;2.2762961387634277
133;8;1;9.802193483386084;0.9999430038890509;0.9641706943511963;0.9616364240646362;0.2603742778301239;0.2638517916202545;0.08833323419094086;0.977486252784729;0.3209196627140045;0.6930654644966125
133;8;2;9.06007296200973;0.9840940470847173;0.9641706943511963;0.9616364240646362;0.2603742778301239;0.2638517916202545;-0.08280128240585327;0.6920067667961121;0.07466613501310349;0.26167938113212585
133;8;3;6.91610845433552;0.8708472868286226;0.9641706943511963;0.9616364240646362;0.2603742778301239;0.2638517916202545;0.5047776699066162;0.5983732342720032;-1.5675041675567627;2.281729221343994
134;8;1;9.801072850643855;0.9999430038890367;0.9641706943511963;0.9617500305175781;0.25961223244667053;0.2633468210697174;0.09033123403787613;0.9792071580886841;0.32066428661346436;0.692618191242218
134;8;2;9.07223797671508;0.9836746843726232;0.9641706943511963;0.9617500305175781;0.25961223244667053;0.2633468210697174;-0.08349403738975525;0.6934510469436646;0.0761057436466217;0.2627522945404053
134;8;3;6.912219549741996;0.8721430691239433;0.9641706943511963;0.9617500305175781;0.25961223244667053;0.2633468210697174;0.506685197353363;0.6007921695709229;-1.571362853050232;2.2871861457824707
135;8;1;9.800339766142692;0.9999430038890509;0.9649758338928223;0.9618685245513916;0.25876015424728394;0.2628343999385834;0.0922747254371643;0.9809482097625732;0.3203652799129486;0.6921181678771973
135;8;2;9.051562121522725;0.9798163532293174;0.9649758338928223;0.9618685245513916;0.25876015424728394;0.2628343999385834;-0.08415333181619644;0.694896936416626;0.0776401162147522;0.2640444338321686
135;8;3;6.9118382332778605;0.8689637826739407;0.9649758338928223;0.9618685245513916;0.25876015424728394;0.2628343999385834;0.5086154937744141;0.6032240390777588;-1.575230360031128;2.2926557064056396
136;8;1;9.798663793097042;0.9999430038890509;0.9649758338928223;0.961992084980011;0.2578839957714081;0.26232337951660156;0.09416287392377853;0.9827026724815369;0.3200201690196991;0.6915938854217529
136;8;2;9.033677469102159;0.9793988088023049;0.9649758338928223;0.961992084980011;0.2578839957714081;0.26232337951660156;-0.08475828915834427;0.6963490843772888;0.07929515093564987;0.26558980345726013
136;8;3;6.883437199662522;0.8618200385951802;0.9649758338928223;0.961992084980011;0.2578839957714081;0.26232337951660156;0.5105729103088379;0.6056768298149109;-1.5790988206863403;2.298126459121704
137;8;1;9.79842320416138;0.9999430038890367;0.9661835432052612;0.9621106386184692;0.25700777769088745;0.26180440187454224;0.09601278603076935;0.9844620227813721;0.3196631371974945;0.6910464763641357
137;8;2;9.03490683394202;0.9862620082016491;0.9661835432052612;0.9621106386184692;0.25700777769088745;0.26180440187454224;-0.0853339210152626;0.69780433177948;0.08104854077100754;0.26737675070762634
137;8;3;6.879194140053309;0.8718771572171296;0.9661835432052612;0.9621106386184692;0.25700777769088745;0.26180440187454224;0.5125564932823181;0.608147144317627;-1.5829670429229736;2.3035969734191895
138;8;1;9.798451500038126;0.9999430038890651;0.9665861129760742;0.9622093439102173;0.25614097714424133;0.2612845003604889;0.09782104939222336;0.9862214922904968;0.31927379965782166;0.6904823184013367
138;8;2;9.018396537254965;0.9788226484567453;0.9665861129760742;0.9622093439102173;0.25614097714424133;0.2612845003604889;-0.08587271720170975;0.6992573142051697;0.08291416615247726;0.26942455768585205
138;8;3;6.846901360607468;0.8679459482342384;0.9665861129760742;0.9622093439102173;0.25614097714424133;0.2612845003604889;0.5145610570907593;0.6106238961219788;-1.5868388414382935;2.309072494506836
139;8;1;9.797361548881057;0.9999430038890367;0.9665861129760742;0.9623130559921265;0.2553071975708008;0.2607382535934448;0.09958034008741379;0.9879754781723022;0.31881392002105713;0.6899059414863586
139;8;2;9.015435935675004;0.976679482000872;0.9665861129760742;0.9623130559921265;0.2553071975708008;0.2607382535934448;-0.08637203276157379;0.7006978988647461;0.08491633832454681;0.2717675566673279
139;8;3;6.825491887823784;0.8524595329924463;0.9665861129760742;0.9623130559921265;0.2553071975708008;0.2607382535934448;0.5165782570838928;0.6130883693695068;-1.5907237529754639;2.3145666122436523
140;8;1;9.794485946038726;0.9999430038890296;0.966988742351532;0.9624365568161011;0.2544671297073364;0.2601729929447174;0.10128696262836456;0.9897097945213318;0.31827011704444885;0.6893245577812195
140;8;2;9.008878455179861;0.9770405404522187;0.966988742351532;0.9624365568161011;0.2544671297073364;0.2601729929447174;-0.08682995289564133;0.7021132707595825;0.08709143847227097;0.2744547724723816
140;8;3;6.821987077823325;0.8506554987069137;0.966988742351532;0.9624365568161011;0.2544671297073364;0.2601729929447174;0.518598198890686;0.6155186891555786;-1.5946345329284668;2.3200972080230713
141;8;1;9.794755439301838;0.9999430038890296;0.966988742351532;0.9625501036643982;0.2536121606826782;0.25956422090530396;0.10293068736791611;0.9914108514785767;0.31762582063674927;0.6887520551681519
141;8;2;8.99407105445485;0.9771219084246532;0.966988742351532;0.9625501036643982;0.2536121606826782;0.25956422090530396;-0.08723247796297073;0.7034934759140015;0.0894707590341568;0.27754122018814087
141;8;3;6.824451660260282;0.8557903438469836;0.966988742351532;0.9625501036643982;0.2536121606826782;0.25956422090530396;0.5206127166748047;0.6178953051567078;-1.5985848903656006;2.325684070587158
142;8;1;9.79602292360434;0.9999430038890509;0.967391312122345;0.9626834392547607;0.25273430347442627;0.2589363753795624;0.1045122966170311;0.9930747151374817;0.31689563393592834;0.6881736516952515
142;8;2;9.027868250625225;0.9877182476653097;0.967391312122345;0.9626834392547607;0.25273430347442627;0.2589363753795624;-0.0875883623957634;0.7048328518867493;0.09201760590076447;0.28100883960723877
142;8;3;6.837129101498627;0.8582634801337736;0.967391312122345;0.9626834392547607;0.25273430347442627;0.2589363753795624;0.5226149559020996;0.6202015280723572;-1.602588415145874;2.331345796585083
143;8;1;9.796852611139244;0.9999430038890722;0.967793881893158;0.9628118276596069;0.25182095170021057;0.258282870054245;0.10603387653827667;0.994694173336029;0.31608229875564575;0.6875943541526794
143;8;2;9.078733320635482;0.9925946467266122;0.967793881893158;0.9628118276596069;0.25182095170021057;0.258282870054245;-0.08789452165365219;0.7061277031898499;0.0947200208902359;0.28486692905426025
143;8;3;6.835603660672836;0.8562325341481785;0.967793881893158;0.9628118276596069;0.25182095170021057;0.258282870054245;0.5246011018753052;0.6224273443222046;-1.6066564321517944;2.3370988368988037
144;8;1;9.795591489934267;0.9999430038890438;0.967793881893158;0.9629995822906494;0.25089529156684875;0.2575746476650238;0.10748475044965744;0.9962636232376099;0.3151434361934662;0.68703693151474
144;8;2;9.098712698753289;0.9844433712779619;0.967793881893158;0.9629995822906494;0.25089529156684875;0.2575746476650238;-0.08812644332647324;0.7073754072189331;0.09762294590473175;0.2891825735569
144;8;3;6.864562259855273;0.8505689974532373;0.967793881893158;0.9629995822906494;0.25089529156684875;0.2575746476650238;0.5265707969665527;0.6245682835578918;-1.610798954963684;2.3429572582244873
145;8;1;9.795968094573368;0.9999430038890438;0.967793881893158;0.9631723761558533;0.24995948374271393;0.25683119893074036;0.10887362062931061;0.9978014826774597;0.31407955288887024;0.6864573955535889
145;8;2;9.163276406676168;0.9764779897794362;0.967793881893158;0.9631723761558533;0.24995948374271393;0.25683119893074036;-0.08832988142967224;0.7085755467414856;0.10062286257743835;0.2938494086265564
145;8;3;6.858341498331118;0.8512899355337336;0.967793881893158;0.9631723761558533;0.24995948374271393;0.25683119893074036;0.5285214781761169;0.6266162395477295;-1.6150307655334473;2.3489420413970947
146;8;1;9.796178448022573;0.9999430038890864;0.967793881893158;0.9633501768112183;0.24907039105892181;0.2560923099517822;0.11020135879516602;0.9993153214454651;0.3128717243671417;0.6858327984809875
146;8;2;9.241171322955058;0.9766371911361134;0.967793881893158;0.9633501768112183;0.24907039105892181;0.2560923099517822;-0.08850626647472382;0.7097250819206238;0.10370754450559616;0.29887014627456665
146;8;3;6.861910010350927;0.854217315777726;0.967793881893158;0.9633501768112183;0.24907039105892181;0.2560923099517822;0.5304511189460754;0.6285653710365295;-1.6193667650222778;2.355074167251587
147;8;1;9.793940840692493;0.999943003889058;0.968196451663971;0.9634835720062256;0.2484896034002304;0.2553294599056244;0.11148551851511002;1.0008418560028076;0.3115413784980774;0.6850540637969971
147;8;2;9.285549056487174;0.97984345673283;0.968196451663971;0.9634835720062256;0.2484896034002304;0.2553294599056244;-0.08875756710767746;0.7108184099197388;0.10676220059394836;0.30412009358406067
147;8;3;6.8862489212283595;0.8475880222030643;0.968196451663971;0.9634835720062256;0.2484896034002304;0.2553294599056244;0.5323582887649536;0.6304118037223816;-1.6238220930099487;2.361374855041504
148;8;1;9.794242693599188;0.999943003889058;0.9677938222885132;0.963690996170044;0.2480303943157196;0.25460267066955566;0.11274468153715134;1.0024089813232422;0.3101721704006195;0.6840388178825378
148;8;2;9.336310457491017;0.9879522414768616;0.9677938222885132;0.963690996170044;0.2480303943157196;0.25460267066955566;-0.08911550045013428;0.7118674516677856;0.10969850420951843;0.30949026346206665
148;8;3;6.910535424364282;0.8674209754617817;0.9677938222885132;0.963690996170044;0.2480303943157196;0.25460267066955566;0.5342521667480469;0.6321747303009033;-1.6283974647521973;2.367845296859741
149;8;1;9.795053188848549;0.9999430038890438;0.9681963920593262;0.9638243317604065;0.24750161170959473;0.2538304924964905;0.11396181583404541;1.0039993524551392;0.3086864948272705;0.6829200983047485
149;8;2;9.421271862196605;0.9893087620176004;0.9681963920593262;0.9638243317604065;0.24750161170959473;0.2538304924964905;-0.08949019759893417;0.7128899693489075;0.11266008019447327;0.31513941287994385
149;8;3;6.938240098675065;0.858066129370588;0.9681963920593262;0.9638243317604065;0.24750161170959473;0.2538304924964905;0.5361565351486206;0.6338996887207031;-1.6330773830413818;2.3744637966156006
150;8;1;9.795537706143321;0.9999430038890722;0.9681963920593262;0.9640564322471619;0.24698635935783386;0.25299784541130066;0.11514349281787872;1.0056384801864624;0.30706679821014404;0.6816844344139099
150;8;2;9.441052382024779;0.9866198797671792;0.9681963920593262;0.9640564322471619;0.24698635935783386;0.25299784541130066;-0.0899202972650528;0.7138976454734802;0.11562153697013855;0.32102635502815247
150;8;3;6.940861413299592;0.8637845010310414;0.9681963920593262;0.9640564322471619;0.24698635935783386;0.25299784541130066;0.5380873680114746;0.6356160044670105;-1.6378579139709473;2.3812243938446045
151;8;1;9.793723956196231;0.9999430038890438;0.9681963920593262;0.9642342329025269;0.24652022123336792;0.2521239221096039;0.11629330366849899;1.0073288679122925;0.3053611218929291;0.6803306341171265
151;8;2;9.435099946534582;0.9823969664669505;0.9681963920593262;0.9642342329025269;0.24652022123336792;0.2521239221096039;-0.09040432423353195;0.7148998379707336;0.11855845898389816;0.3271150588989258
151;8;3;6.957439994875873;0.8650036431528942;0.9681963920593262;0.9642342329025269;0.24652022123336792;0.2521239221096039;0.5400536060333252;0.6373379230499268;-1.6427453756332397;2.388136386871338
152;8;1;9.792274261147341;0.9999430038890438;0.9681965112686157;0.9645107984542847;0.24609003961086273;0.251233845949173;0.11742096394300461;1.0090994834899902;0.30360493063926697;0.6787745952606201
152;8;2;9.448488494192326;0.9845241794858275;0.9681965112686157;0.9645107984542847;0.24609003961086273;0.251233845949173;-0.09100312739610672;0.7158982753753662;0.12138707935810089;0.33330222964286804
152;8;3;6.974141150451709;0.8535120000352308;0.9681965112686157;0.9645107984542847;0.24609003961086273;0.251233845949173;0.5420575141906738;0.6390677094459534;-1.6477534770965576;2.395218849182129
153;8;1;9.789759180872736;0.9999430038890651;0.9685990810394287;0.9647477865219116;0.24564698338508606;0.25032368302345276;0.11852860450744629;1.0109562873840332;0.3018396198749542;0.6770046353340149
153;8;2;9.45926259468039;0.9865887199589132;0.9685990810394287;0.9647477865219116;0.24564698338508606;0.25032368302345276;-0.09172014892101288;0.7169016003608704;0.12409237027168274;0.33956238627433777
153;8;3;6.989250784198575;0.8692038787835052;0.9685990810394287;0.9647477865219116;0.24564698338508606;0.25032368302345276;0.5441083908081055;0.6408209800720215;-1.6528871059417725;2.4024789333343506
154;8;1;9.789361060697388;0.9999430038890793;0.9681965112686157;0.9650835990905762;0.24512937664985657;0.24938726425170898;0.11963429301977158;1.012926459312439;0.3001062273979187;0.6749924421310425
154;8;2;9.465498051669357;0.9840478889256445;0.9681965112686157;0.9650835990905762;0.24512937664985657;0.24938726425170898;-0.0926075205206871;0.7179290056228638;0.12661369144916534;0.34577974677085876
154;8;3;6.995208997932121;0.8765897576474302;0.9681965112686157;0.9650835990905762;0.24512937664985657;0.24938726425170898;0.5462251901626587;0.642632007598877;-1.6581377983093262;2.4099044799804688
155;8;1;9.789788668304674;0.9999430038890864;0.9685990810394287;0.9653108716011047;0.2444702535867691;0.24841462075710297;0.12072384357452393;1.0149753093719482;0.2983984649181366;0.6729199886322021
155;8;2;9.46866291985144;0.9919400430405894;0.9685990810394287;0.9653108716011047;0.2444702535867691;0.24841462075710297;-0.09355348348617554;0.7190120816230774;0.1291007399559021;0.3520980179309845
155;8;3;7.0156054742307195;0.8935466125856042;0.9685990810394287;0.9653108716011047;0.2444702535867691;0.24841462075710297;0.548443078994751;0.6445650458335876;-1.6634767055511475;2.417454957962036
156;8;1;9.789368715836368;0.9999430038891148;0.9685990810394287;0.965552806854248;0.2438012659549713;0.24742110073566437;0.12179578840732574;1.0170994997024536;0.29672303795814514;0.6708658933639526
156;8;2;9.461708082154555;0.9870290078474966;0.9685990810394287;0.965552806854248;0.2438012659549713;0.24742110073566437;-0.09452063590288162;0.7201763391494751;0.13160070776939392;0.35853955149650574
156;8;3;7.009436551150785;0.8768101835712407;0.9685990810394287;0.965552806854248;0.2438012659549713;0.24742110073566437;0.5507887601852417;0.6466678977012634;-1.6688854694366455;2.4251041412353516
157;8;1;9.78628668442839;0.9999430038890367;0.9690016508102417;0.9659232497215271;0.2431606501340866;0.24640868604183197;0.1228405237197876;1.0192797183990479;0.29508674144744873;0.6688961982727051
157;8;2;9.450170993724583;0.9889671215017408;0.9690016508102417;0.9659232497215271;0.2431606501340866;0.24640868604183197;-0.09546486288309097;0.7214296460151672;0.13417363166809082;0.36517244577407837
157;8;3;7.001122320724452;0.8712936106834306;0.9690016508102417;0.9659232497215271;0.2431606501340866;0.24640868604183197;0.5532726049423218;0.6489585041999817;-1.6743630170822144;2.4328503608703613
158;8;1;9.781723141624319;0.9999430038890651;0.9694042205810547;0.9662492275238037;0.2425740510225296;0.24537889659404755;0.12384231388568878;1.0214900970458984;0.29352477192878723;0.6670097708702087
158;8;2;9.44144220870744;0.9846981832334087;0.9694042205810547;0.9662492275238037;0.2425740510225296;0.24537889659404755;-0.09635225683450699;0.7227576375007629;0.1368871033191681;0.3721160590648651
158;8;3;6.984974161308646;0.8734495336882482;0.9694042205810547;0.9662492275238037;0.2425740510225296;0.24537889659404755;0.5558872818946838;0.6514224410057068;-1.679927945137024;2.440720319747925
159;8;1;9.780607690724352;0.9999430038890367;0.9698067307472229;0.9665850400924683;0.24200664460659027;0.24436089396476746;0.12478423118591309;1.0237104892730713;0.292036771774292;0.6651853322982788
159;8;2;9.420903275721468;0.9794053749541973;0.9698067307472229;0.9665850400924683;0.24200664460659027;0.24436089396476746;-0.09715966880321503;0.7241387367248535;0.13977888226509094;0.3794771134853363
159;8;3;6.978584645833973;0.8836333755432584;0.9698067307472229;0.9665850400924683;0.24200664460659027;0.24436089396476746;0.5586166381835938;0.6540325284004211;-1.6856056451797485;2.4487497806549072
160;8;1;9.776305966647207;0.9999430038890935;0.9706118702888489;0.9668467044830322;0.2413671761751175;0.24332551658153534;0.1256529986858368;1.025941014289856;0.2906133532524109;0.6634123921394348
160;8;2;9.435613409118709;0.9907398088350199;0.9706118702888489;0.9668467044830322;0.2413671761751175;0.24332551658153534;-0.09794019907712936;0.7255600690841675;0.14279475808143616;0.38718974590301514
160;8;3;6.96720372278496;0.8745262332661063;0.9706118702888489;0.9668467044830322;0.2413671761751175;0.24332551658153534;0.5614477396011353;0.6567698121070862;-1.6914149522781372;2.456965446472168
161;8;1;9.776902776961357;0.9999430038890438;0.9718196392059326;0.9671924710273743;0.24060063064098358;0.2422487735748291;0.12644898891448975;1.028154730796814;0.28928327560424805;0.6617392301559448
161;8;2;9.426560496843305;0.9858487506662357;0.9718196392059326;0.9671924710273743;0.24060063064098358;0.2422487735748291;-0.09864088147878647;0.7270223498344421;0.14600348472595215;0.39534997940063477
161;8;3;6.956185674470623;0.869475267409614;0.9718196392059326;0.9671924710273743;0.24060063064098358;0.2422487735748291;0.5643830299377441;0.6596468687057495;-1.6973539590835571;2.465364456176758
162;8;1;9.77656282315489;0.999943003889058;0.9714170694351196;0.9675381779670715;0.2397252917289734;0.24112576246261597;0.12717358767986298;1.0303504467010498;0.28799447417259216;0.6602306365966797
162;8;2;9.433567462910005;0.9881229811685053;0.9714170694351196;0.9675381779670715;0.2397252917289734;0.24112576246261597;-0.09923866391181946;0.728538453578949;0.14941540360450745;0.40395280718803406
162;8;3;6.94794860039444;0.8715695299380215;0.9714170694351196;0.9675381779670715;0.2397252917289734;0.24112576246261597;0.5674312114715576;0.662688672542572;-1.703412652015686;2.4739327430725098
163;8;1;9.775388090393648;0.9999430038890438;0.9718196392059326;0.9679036140441895;0.23884078860282898;0.2399532049894333;0.12784233689308167;1.0325326919555664;0.2867572009563446;0.6588917374610901
163;8;2;9.399820470631461;0.9848850661849369;0.9718196392059326;0.9679036140441895;0.23884078860282898;0.2399532049894333;-0.09976362437009811;0.7301133275032043;0.15299534797668457;0.4129270315170288
163;8;3;6.986232314917112;0.8770382787136182;0.9718196392059326;0.9679036140441895;0.23884078860282898;0.2399532049894333;0.5705921053886414;0.6659052968025208;-1.7095903158187866;2.4826693534851074
164;8;1;9.77573989096593;0.999943003889058;0.9718196392059326;0.9682789444923401;0.2379869818687439;0.2387387454509735;0.12846875190734863;1.0347126722335815;0.285591185092926;0.6576730012893677
164;8;2;9.391751006766086;0.9839684567096612;0.9718196392059326;0.9682789444923401;0.2379869818687439;0.2387387454509735;-0.10022742301225662;0.7317475080490112;0.15667814016342163;0.4221843481063843
164;8;3;6.991030720169812;0.8801980309621857;0.9718196392059326;0.9682789444923401;0.2379869818687439;0.2387387454509735;0.5738544464111328;0.6692874431610107;-1.7158997058868408;2.4915921688079834
165;8;1;9.776006371890183;0.9999430038890793;0.9722222089767456;0.9686740636825562;0.23718680441379547;0.2375037968158722;0.12905482947826385;1.0368983745574951;0.28448909521102905;0.6565189957618713
165;8;2;9.410462190046236;0.9833489101574742;0.9722222089767456;0.9686740636825562;0.23718680441379547;0.2375037968158722;-0.1006503701210022;0.7334306240081787;0.16039857268333435;0.43164876103401184
165;8;3;6.991064983262474;0.8776190736437286;0.9722222089767456;0.9686740636825562;0.23718680441379547;0.2375037968158722;0.5771968364715576;0.6728084087371826;-1.7223644256591797;2.500734806060791
166;8;1;9.775287403597986;0.9999430038890509;0.9726247787475586;0.9690741300582886;0.23640139400959015;0.23625287413597107;0.129617378115654;1.0391132831573486;0.2834676206111908;0.6553031206130981
166;8;2;9.382284666324452;0.9887168974572376;0.9726247787475586;0.9690741300582886;0.23640139400959015;0.23625287413597107;-0.10108180344104767;0.7351487874984741;0.16404874622821808;0.4412001967430115
166;8;3;6.984721653430761;0.8711907902593232;0.9726247787475586;0.9690741300582886;0.23640139400959015;0.23625287413597107;0.580592155456543;0.6764326691627502;-1.7290133237838745;2.5101377964019775
167;8;1;9.777004850677073;0.9999430038890367;0.9722222089767456;0.9695432186126709;0.23552794754505157;0.23498108983039856;0.13016028702259064;1.0413728952407837;0.28251296281814575;0.6539648771286011
167;8;2;9.39959912416574;0.9859642142371108;0.9722222089767456;0.9695432186126709;0.23552794754505157;0.23498108983039856;-0.10156966745853424;0.7368916869163513;0.16755998134613037;0.45074740052223206
167;8;3;6.988089170778602;0.8625339414549842;0.9722222089767456;0.9695432186126709;0.23552794754505157;0.23498108983039856;0.5840212106704712;0.6801385879516602;-1.7358649969100952;2.519827365875244
168;8;1;9.776815947493247;0.9999430038890864;0.9734299182891846;0.9699926972389221;0.23453712463378906;0.23366767168045044;0.13068288564682007;1.0436846017837524;0.28156882524490356;0.6525118947029114
168;8;2;9.405776408335775;0.9876518319322152;0.9734299182891846;0.9699926972389221;0.23453712463378906;0.23366767168045044;-0.1020938903093338;0.7386627793312073;0.1709255427122116;0.4602821469306946
168;8;3;6.983178961577661;0.8645557623247058;0.9734299182891846;0.9699926972389221;0.23453712463378906;0.23366767168045044;0.5874793529510498;0.6839300990104675;-1.742920994758606;2.529806137084961
169;8;1;9.77763235468295;0.9999430038890722;0.9734299182891846;0.9703878164291382;0.23349620401859283;0.232328400015831;0.13119915127754211;1.0460542440414429;0.28065308928489685;0.650961697101593
169;8;2;9.407418571749378;0.9868939752882291;0.9734299182891846;0.9703878164291382;0.23349620401859283;0.232328400015831;-0.10266755521297455;0.7404736280441284;0.17411741614341736;0.46972283720970154
169;8;3;6.991439587166866;0.8843324436618492;0.9734299182891846;0.9703878164291382;0.23349620401859283;0.232328400015831;0.5909679532051086;0.6878198981285095;-1.7501767873764038;2.540067434310913
170;8;1;9.778253089593306;0.9999430038890864;0.9746377468109131;0.9707927703857422;0.23243053257465363;0.23096022009849548;0.13172397017478943;1.0484724044799805;0.27980563044548035;0.6493662595748901
170;8;2;9.3798483303305;0.9921773513357479;0.9746377468109131;0.9707927703857422;0.23243053257465363;0.23096022009849548;-0.10328836739063263;0.7423362731933594;0.17713162302970886;0.4790010154247284
170;8;3;6.991846367135949;0.88616145186319;0.9746377468109131;0.9707927703857422;0.23243053257465363;0.23096022009849548;0.5944888591766357;0.6918197870254517;-1.7576276063919067;2.5506043434143066
171;8;1;9.780326374364805;0.9999430038891077;0.9746377468109131;0.9711977243423462;0.2313368171453476;0.22956600785255432;0.13226290047168732;1.051003336906433;0.2789689898490906;0.6475419998168945
171;8;2;9.379619882260553;0.9911324069907899;0.9746377468109131;0.9711977243423462;0.2313368171453476;0.22956600785255432;-0.10396751016378403;0.7442546486854553;0.17986807227134705;0.4881258010864258
171;8;3;6.996119638553342;0.886689907157459;0.9746377468109131;0.9711977243423462;0.2313368171453476;0.22956600785255432;0.5980395674705505;0.6959323883056641;-1.7652753591537476;2.56141996383667
172;8;1;9.780358795750729;0.9999430038890722;0.9746377468109131;0.9716866612434387;0.2301592379808426;0.2281036227941513;0.132821187376976;1.0536388158798218;0.2781635820865631;0.6455352306365967
172;8;2;9.362996522624222;0.9840870431362845;0.9746377468109131;0.9716866612434387;0.2301592379808426;0.2281036227941513;-0.10471274703741074;0.7462354302406311;0.1823391169309616;0.4970616400241852
172;8;3;6.984319547039849;0.8922013321349453;0.9746377468109131;0.9716866612434387;0.2301592379808426;0.2281036227941513;0.6016215085983276;0.7001659274101257;-1.7731165885925293;2.5725090503692627
173;8;1;9.777416453363458;0.9999430038890509;0.9746377468109131;0.9720965623855591;0.2288799285888672;0.2266324907541275;0.1333758383989334;1.0563428401947021;0.2773517370223999;0.6434837579727173
173;8;2;9.357250405890017;0.9798485633015552;0.9746377468109131;0.9720965623855591;0.2288799285888672;0.2266324907541275;-0.10544731467962265;0.7482837438583374;0.18462908267974854;0.5059133768081665
173;8;3;6.971378915922708;0.8987059073916068;0.9746377468109131;0.9720965623855591;0.2288799285888672;0.2266324907541275;0.6052404046058655;0.7045342922210693;-1.7811416387557983;2.5838582515716553
174;8;1;9.7752156602524;0.9999430038890438;0.9750403165817261;0.9725509285926819;0.2275899052619934;0.22519566118717194;0.13387154042720795;1.0590105056762695;0.27642807364463806;0.6416568160057068
174;8;2;9.354729262879939;0.9873613463380977;0.9750403165817261;0.9725509285926819;0.2275899052619934;0.22519566118717194;-0.10596129298210144;0.7503809928894043;0.1869562566280365;0.5150388479232788
174;8;3;6.9888428976430745;0.8810947441253454;0.9750403165817261;0.9725509285926819;0.2275899052619934;0.22519566118717194;0.6088895797729492;0.7090307474136353;-1.7893521785736084;2.5954697132110596
175;8;1;9.770368882401698;0.9999430038890651;0.975845456123352;0.9730546474456787;0.2266523689031601;0.22373837232589722;0.13430121541023254;1.0616599321365356;0.2753760814666748;0.6398780941963196
175;8;2;9.335603778741941;0.9830042432753423;0.975845456123352;0.9730546474456787;0.2266523689031601;0.22373837232589722;-0.1063741073012352;0.7524774074554443;0.18921780586242676;0.5243687033653259
175;8;3;6.9785664225137545;0.8890736046649028;0.975845456123352;0.9730546474456787;0.2266523689031601;0.22373837232589722;0.6125199198722839;0.7135795950889587;-1.7977973222732544;2.607412815093994
176;8;1;9.769851109645593;0.9999430038890722;0.976248025894165;0.9736028909683228;0.2257905751466751;0.2222507894039154;0.134665846824646;1.064302682876587;0.2742224633693695;0.6379958987236023
176;8;2;9.363718565356553;0.9875962436419279;0.976248025894165;0.9736028909683228;0.2257905751466751;0.2222507894039154;-0.10678805410861969;0.7545339465141296;0.19130973517894745;0.5338154435157776
176;8;3;6.971777348788178;0.8789401023624137;0.976248025894165;0.9736028909683228;0.2257905751466751;0.2222507894039154;0.6160878539085388;0.7181180119514465;-1.806518793106079;2.6197469234466553
177;8;1;9.773377460352059;0.9999430038890367;0.977858304977417;0.9741066098213196;0.2247745841741562;0.22071492671966553;0.13495908677577972;1.0669227838516235;0.27299901843070984;0.636032223701477
177;8;2;9.367046708119755;0.9823259382402476;0.977858304977417;0.9741066098213196;0.2247745841741562;0.22071492671966553;-0.10718916356563568;0.7565454840660095;0.19326238334178925;0.5434266328811646
177;8;3;6.980870275996267;0.8977496954581117;0.977858304977417;0.9741066098213196;0.2247745841741562;0.22071492671966553;0.6195905208587646;0.7226510047912598;-1.815513253211975;2.632467031478882
178;8;1;9.772146507650874;0.9999430038890509;0.977455735206604;0.9745461940765381;0.22362883388996124;0.2191964089870453;0.1352628916501999;1.069564700126648;0.2720009982585907;0.6338613033294678
178;8;2;9.384904248417932;0.9942511249302157;0.977455735206604;0.9745461940765381;0.22362883388996124;0.2191964089870453;-0.10764232277870178;0.7585610151290894;0.1949927806854248;0.5529547333717346
178;8;3;6.9891101560960855;0.9042883238827173;0.977455735206604;0.9745461940765381;0.22362883388996124;0.2191964089870453;0.6230573654174805;0.7272346019744873;-1.8247406482696533;2.6455166339874268
179;8;1;9.772229976454582;0.999943003889058;0.977455735206604;0.9749264717102051;0.22216571867465973;0.21768507361412048;0.1356092244386673;1.072248935699463;0.27127206325531006;0.6316795349121094
179;8;2;9.368136710964347;0.9943200275241644;0.977455735206604;0.9749264717102051;0.22216571867465973;0.21768507361412048;-0.10810589045286179;0.7606618404388428;0.19652947783470154;0.5622406601905823
179;8;3;6.96753716009747;0.8950440090901726;0.977455735206604;0.9749264717102051;0.22216571867465973;0.21768507361412048;0.626552939414978;0.7319765686988831;-1.8341203927993774;2.6587815284729004
180;8;1;9.769444692293256;0.9999430038890722;0.977455735206604;0.9754202961921692;0.2206457108259201;0.21618084609508514;0.1360122263431549;1.0749547481536865;0.27082979679107666;0.6297651529312134
180;8;2;9.383965582822135;0.9938360419092263;0.977455735206604;0.9754202961921692;0.2206457108259201;0.21618084609508514;-0.10849196463823318;0.7629122138023376;0.19797484576702118;0.5712268352508545
180;8;3;6.9694123484749735;0.8955795153276842;0.977455735206604;0.9754202961921692;0.2206457108259201;0.21618084609508514;0.6301312446594238;0.7369619011878967;-1.843584418296814;2.672165632247925
181;8;1;9.772505740120458;0.9999430038890793;0.978663444519043;0.9758944511413574;0.21934039890766144;0.21466247737407684;0.1364719569683075;1.0776700973510742;0.270676851272583;0.6281819939613342
181;8;2;9.366270796961892;0.99179705879504;0.978663444519043;0.9758944511413574;0.21934039890766144;0.21466247737407684;-0.10881319642066956;0.7653148770332336;0.19933876395225525;0.5798622369766235
181;8;3;6.9793967712227705;0.9007724874020351;0.978663444519043;0.9758944511413574;0.21934039890766144;0.21466247737407684;0.6337895393371582;0.7421837449073792;-1.8531283140182495;2.6856627464294434
182;8;1;9.773641213274885;0.9999430038890793;0.979066014289856;0.9762845039367676;0.21827617287635803;0.2131175845861435;0.13695751130580902;1.0804128646850586;0.2707289755344391;0.6267638802528381
182;8;2;9.38329230844861;0.9968408202654437;0.979066014289856;0.9762845039367676;0.21827617287635803;0.2131175845861435;-0.109165720641613;0.7678161263465881;0.20053505897521973;0.588123083114624
182;8;3;7.0103012106477856;0.9011112662776135;0.979066014289856;0.9762845039367676;0.21827617287635803;0.2131175845861435;0.6374734044075012;0.7475560903549194;-1.8628065586090088;2.699349880218506
183;8;1;9.770739425827948;0.9998473299939974;0.979468584060669;0.9767735004425049;0.2172006219625473;0.2115599513053894;0.13743144273757935;1.0831445455551147;0.27090784907341003;0.6254581212997437
183;8;2;9.37502260101088;0.9862732717583391;0.979468584060669;0.9767735004425049;0.2172006219625473;0.2115599513053894;-0.10955452919006348;0.7703520655632019;0.2015533149242401;0.5961209535598755
183;8;3;6.986558007838914;0.8812973659771277;0.979468584060669;0.9767735004425049;0.2172006219625473;0.2115599513053894;0.6411228179931641;0.7529876828193665;-1.8726801872253418;2.713313341140747
184;8;1;9.768941114977736;0.9990891598891025;0.9802737236022949;0.9772278666496277;0.21599166095256805;0.21000522375106812;0.13786575198173523;1.0858585834503174;0.2710987329483032;0.6241948008537292
184;8;2;9.370157541556267;0.9836551773403421;0.9802737236022949;0.9772278666496277;0.21599166095256805;0.21000522375106812;-0.10998336970806122;0.7728790044784546;0.20239047706127167;0.603947103023529
184;8;3;7.010671172994803;0.8948517386989838;0.9802737236022949;0.9772278666496277;0.21599166095256805;0.21000522375106812;0.6446995735168457;0.7584232687950134;-1.8827871084213257;2.7276065349578857
185;8;1;9.767890772303438;0.9992749763198177;0.9810788631439209;0.9777265787124634;0.21461397409439087;0.20843850076198578;0.13827112317085266;1.0885671377182007;0.2713267505168915;0.622954785823822
185;8;2;9.388807510870514;0.9893356767430639;0.9810788631439209;0.9777265787124634;0.21461397409439087;0.20843850076198578;-0.1104816272854805;0.7754014134407043;0.2030075490474701;0.6115212440490723
185;8;3;7.023136377127564;0.8988857231714071;0.9810788631439209;0.9777265787124634;0.21461397409439087;0.20843850076198578;0.648200273513794;0.7638605237007141;-1.8931277990341187;2.7422306537628174
186;8;1;9.766906390354826;0.9994265014654857;0.9814814329147339;0.9781908988952637;0.2130143940448761;0.20685647428035736;0.13865108788013458;1.0912827253341675;0.27158865332603455;0.6218571662902832
186;8;2;9.403189046717465;0.988067869634289;0.9814814329147339;0.9781908988952637;0.2130143940448761;0.20685647428035736;-0.11102019250392914;0.7779604196548462;0.2034303843975067;0.6187799572944641
186;8;3;7.034271957744814;0.9049706904912469;0.9814814329147339;0.9781908988952637;0.2130143940448761;0.20685647428035736;0.6516597270965576;0.7693514823913574;-1.9036623239517212;2.7571287155151367
187;8;1;9.768403671981893;0.9995540923416613;0.9814814329147339;0.9786847829818726;0.2113308608531952;0.20526528358459473;0.13902750611305237;1.0940196514129639;0.2719172537326813;0.6210253238677979
187;8;2;9.383379311705912;0.9909258896367987;0.9814814329147339;0.9786847829818726;0.2113308608531952;0.20526528358459473;-0.11153765022754669;0.780611515045166;0.20369207859039307;0.6256635189056396
187;8;3;7.043569640795946;0.9163888851317772;0.9814814329147339;0.9786847829818726;0.2113308608531952;0.20526528358459473;0.6551245450973511;0.7749611139297485;-1.9143389463424683;2.7722277641296387
188;8;1;9.767839731635576;0.999669415839918;0.9822865724563599;0.9791538715362549;0.20974551141262054;0.20367243885993958;0.13939645886421204;1.0967570543289185;0.27227410674095154;0.6206083297729492
188;8;2;9.376046586319614;0.9895883912951753;0.9822865724563599;0.9791538715362549;0.20974551141262054;0.20367243885993958;-0.11193255335092545;0.7833792567253113;0.20386648178100586;0.6322516202926636
188;8;3;7.043983511897302;0.9068107070636255;0.9822865724563599;0.9791538715362549;0.20974551141262054;0.20367243885993958;0.6586193442344666;0.780719518661499;-1.9251292943954468;2.787487506866455
189;8;1;9.76727639353497;0.9997768985838249;0.9818840622901917;0.9796132445335388;0.20849578082561493;0.2020580768585205;0.13976077735424042;1.0995084047317505;0.2726585566997528;0.6204819083213806
189;8;2;9.370553507993545;0.9901302140599952;0.9818840622901917;0.9796132445335388;0.20849578082561493;0.2020580768585205;-0.11225147545337677;0.7862399220466614;0.20388583838939667;0.6385097503662109
189;8;3;7.071075639486978;0.9029103091965993;0.9818840622901917;0.9796132445335388;0.20849578082561493;0.2020580768585205;0.6621152758598328;0.7865793704986572;-1.9360607862472534;2.8029470443725586
190;8;1;9.76866741946791;0.9999428686006553;0.9822866320610046;0.9801070690155029;0.20745721459388733;0.20043200254440308;0.14011426270008087;1.1022934913635254;0.27304431796073914;0.6204198002815247
190;8;2;9.39863022648947;0.99350563844121;0.9822866320610046;0.9801070690155029;0.20745721459388733;0.20043200254440308;-0.11258939653635025;0.7891404032707214;0.20363616943359375;0.6443957686424255
190;8;3;7.056923294341468;0.9017264601524744;0.9822866320610046;0.9801070690155029;0.20745721459388733;0.20043200254440308;0.665554404258728;0.7924546003341675;-1.9471890926361084;2.8186848163604736
191;8;1;9.769226675778022;0.9999430038808939;0.9822866320610046;0.9805417060852051;0.20636603236198425;0.1987934559583664;0.14046375453472137;1.1051546335220337;0.27345073223114014;0.6201927065849304
191;8;2;9.398754981676213;0.9887670714094341;0.9822866320610046;0.9805417060852051;0.20636603236198425;0.1987934559583664;-0.11308027058839798;0.792047917842865;0.20297908782958984;0.6497673988342285
191;8;3;7.06242078113212;0.9102091452731873;0.9822866320610046;0.9805417060852051;0.20636603236198425;0.1987934559583664;0.6688944697380066;0.7982841730117798;-1.9585506916046143;2.8347525596618652
192;8;1;9.770855092821392;0.9999430038670027;0.9830917716026306;0.9809268712997437;0.20487269759178162;0.19712691009044647;0.14081498980522156;1.1081006526947021;0.2738635241985321;0.6198391914367676
192;8;2;9.388046509466651;0.9924265393118006;0.9830917716026306;0.9809268712997437;0.20487269759178162;0.19712691009044647;-0.11369694024324417;0.7949798107147217;0.20192965865135193;0.6546264290809631
192;8;3;7.064870635536078;0.9181982498208949;0.9830917716026306;0.9809268712997437;0.20487269759178162;0.19712691009044647;0.6721526980400085;0.8040894269943237;-1.9701182842254639;2.851111650466919
193;8;1;9.772702902520038;0.9999430038306372;0.9834944009780884;0.9813713431358337;0.20305092632770538;0.19543704390525818;0.14116127789020538;1.1110973358154297;0.27423009276390076;0.6196539998054504
193;8;2;9.393745293322858;0.991427642993127;0.9834944009780884;0.9813713431358337;0.20305092632770538;0.19543704390525818;-0.11428658664226532;0.7979862689971924;0.20064136385917664;0.6590960025787354
193;8;3;7.085482334464171;0.9102693668753243;0.9834944009780884;0.9813713431358337;0.20305092632770538;0.19543704390525818;0.6753873229026794;0.8099457025527954;-1.9818202257156372;2.8676605224609375
194;8;1;9.774975481405633;0.9999430037608903;0.9838969707489014;0.9817318916320801;0.20133987069129944;0.19373294711112976;0.14151524007320404;1.1141469478607178;0.27457094192504883;0.6197368502616882
194;8;2;9.390301691298816;0.9908641478187654;0.9838969707489014;0.9817318916320801;0.20133987069129944;0.19373294711112976;-0.11480144411325455;0.8011021614074707;0.19916844367980957;0.6631924510002136
194;8;3;7.079498727494935;0.9098388238218416;0.9838969707489014;0.9817318916320801;0.20133987069129944;0.19373294711112976;0.6786365509033203;0.8158987760543823;-1.993604302406311;2.8843255043029785
195;8;1;9.779227463178799;0.9999430038890367;0.9838969707489014;0.9821121692657471;0.19986575841903687;0.19200623035430908;0.1418868750333786;1.117252230644226;0.27494221925735474;0.6200404763221741
195;8;2;9.412117666922892;0.9973554743632107;0.9838969707489014;0.9821121692657471;0.19986575841903687;0.19200623035430908;-0.11528130620718002;0.8043209314346313;0.19749736785888672;0.6669026613235474
195;8;3;7.0981492705309925;0.9295049557607094;0.9838969707489014;0.9821121692657471;0.19986575841903687;0.19200623035430908;0.6818965673446655;0.821938693523407;-2.0054593086242676;2.9010910987854004
196;8;1;9.780431309408037;0.9999430038890367;0.9838969707489014;0.9824826121330261;0.19852443039417267;0.19026024639606476;0.14227049052715302;1.1204073429107666;0.2753067910671234;0.6205010414123535
196;8;2;9.436977291326905;0.9972489859184854;0.9838969707489014;0.9824826121330261;0.19852443039417267;0.19026024639606476;-0.11578118056058884;0.8076087236404419;0.19560250639915466;0.6702514886856079
196;8;3;7.086952947642137;0.9026700724906362;0.9838969707489014;0.9824826121330261;0.19852443039417267;0.19026024639606476;0.6851381063461304;0.8280251026153564;-2.017397403717041;2.9179739952087402
197;8;1;9.780460985756669;0.9999430038890438;0.9838969707489014;0.9828381538391113;0.19717545807361603;0.18849466741085052;0.14265310764312744;1.1236097812652588;0.2756493091583252;0.6210377812385559
197;8;2;9.42831114325265;0.9970971344173023;0.9838969707489014;0.9828381538391113;0.19717545807361603;0.18849466741085052;-0.1163516566157341;0.8109327554702759;0.19346491992473602;0.6732726693153381
197;8;3;7.101191069239247;0.9188744567062024;0.9838969707489014;0.9828381538391113;0.19717545807361603;0.18849466741085052;0.688334584236145;0.8341237902641296;-2.0294275283813477;2.9349873065948486
198;8;1;9.783860792242386;0.9999430038890296;0.9842995405197144;0.9832332134246826;0.1956874430179596;0.18670876324176788;0.14302681386470795;1.1268616914749146;0.27597054839134216;0.6216229796409607
198;8;2;9.434298793752163;0.9947753089794276;0.9842995405197144;0.9832332134246826;0.1956874430179596;0.18670876324176788;-0.11701112985610962;0.8142836689949036;0.1910943239927292;0.6760068535804749
198;8;3;7.073833300266925;0.903819026004232;0.9842995405197144;0.9832332134246826;0.1956874430179596;0.18670876324176788;0.6914841532707214;0.8402343392372131;-2.0415329933166504;2.9521069526672363
199;8;1;9.786621852082888;0.9999430038890793;0.9842995405197144;0.9836134910583496;0.19401682913303375;0.18490326404571533;0.14339803159236908;1.1301661729812622;0.27631279826164246;0.6223238110542297
199;8;2;9.44675187343984;0.996349754178901;0.9842995405197144;0.9836134910583496;0.19401682913303375;0.18490326404571533;-0.11775682121515274;0.8176839351654053;0.18853935599327087;0.6784465909004211
199;8;3;7.096349116789952;0.9157680245428885;0.9842995405197144;0.9836134910583496;0.19401682913303375;0.18490326404571533;0.6946151256561279;0.8463939428329468;-2.0536680221557617;2.969268321990967
0;9;1;9.80822502045826;0.9999430006077148;0.7862318754196167;0.7408684492111206;0.6821564435958862;0.6918460130691528;0.024596858769655228;0.4135349690914154;0.05210987851023674;0.23684576153755188
0;9;2;9.120352815467498;0.9695318010551759;0.7862318754196167;0.7408684492111206;0.6821564435958862;0.6918460130691528;-0.021642662584781647;0.2801395356655121;0.058490853756666183;0.22863204777240753
0;9;3;3.5712222585435924;0.27686348967721663;0.7862318754196167;0.7408684492111206;0.6821564435958862;0.6918460130691528;0.23556390404701233;0.30250412225723267;-0.21282804012298584;0.11113078892230988
1;9;1;9.808230623399439;0.9999430004165788;0.8063607215881348;0.7690830230712891;0.6806831359863281;0.6896618008613586;0.026168787851929665;0.4148494005203247;0.05294163152575493;0.23535223305225372
1;9;2;9.21384554547128;0.9747083625547752;0.8063607215881348;0.7690830230712891;0.6806831359863281;0.6896618008613586;-0.01878141239285469;0.28144925832748413;0.0668620839715004;0.2250337302684784
1;9;3;3.635504442181581;0.3010255088771885;0.8063607215881348;0.7690830230712891;0.6806831359863281;0.6896618008613586;0.23754331469535828;0.3031931221485138;-0.2053782194852829;0.1005951464176178
2;9;1;9.80824625981078;0.9999430000251479;0.8333333134651184;0.8092960119247437;0.677932620048523;0.6856443881988525;0.02840816043317318;0.4168081283569336;0.05418531969189644;0.23327085375785828
2;9;2;9.331207081653098;0.9795028872771461;0.8333333134651184;0.8092960119247437;0.677932620048523;0.6856443881988525;-0.014764401130378246;0.28342747688293457;0.07832248508930206;0.2202203869819641
2;9;3;3.8068108238241045;0.35586341518230213;0.8333333134651184;0.8092960119247437;0.677932620048523;0.6856443881988525;0.24056772887706757;0.3043909966945648;-0.1953447312116623;0.08640565723180771
3;9;1;9.80828025475811;0.9999429993814672;0.8687600493431091;0.8541514873504639;0.6743310689926147;0.6801437139511108;0.03127676621079445;0.4194573163986206;0.0558847151696682;0.23068097233772278
3;9;2;9.419699862243476;0.9773472611892124;0.8687600493431091;0.8541514873504639;0.6743310689926147;0.6801437139511108;-0.009750628843903542;0.2861365079879761;0.09213250875473022;0.21454688906669617
3;9;3;3.974156905281152;0.3884797684665262;0.8687600493431091;0.8541514873504639;0.6743310689926147;0.6801437139511108;0.24472609162330627;0.30630171298980713;-0.18367022275924683;0.06989540904760361
4;9;1;9.80834632421898;0.9999429983769872;0.8872785568237305;0.8867762684822083;0.6698585152626038;0.6733744740486145;0.03471243008971214;0.4229009747505188;0.058229368180036545;0.2278084009885788
4;9;2;9.487519662591009;0.9831343773783203;0.8872785568237305;0.8867762684822083;0.6698585152626038;0.6733744740486145;-0.003878279821947217;0.28973260521888733;0.10756289958953857;0.20771868526935577
4;9;3;4.21431436430451;0.4860758284134956;0.8872785568237305;0.8867762684822083;0.6698585152626038;0.6733744740486145;0.2501096725463867;0.30919045209884644;-0.1713981032371521;0.052539996802806854
5;9;1;9.808463058329004;0.9999429968668352;0.9061996936798096;0.9002439975738525;0.6649860739707947;0.6654801368713379;0.038691598922014236;0.4272705912590027;0.06136803701519966;0.2248069941997528
5;9;2;9.463638340497035;0.9610094694936748;0.9061996936798096;0.9002439975738525;0.6649860739707947;0.6654801368713379;0.0026909352745860815;0.29437345266342163;0.12371238321065903;0.19962748885154724
5;9;3;4.4039679430197864;0.4915302250285496;0.9061996936798096;0.9002439975738525;0.6649860739707947;0.6654801368713379;0.2567848563194275;0.3133714199066162;-0.15965132415294647;0.03592755272984505
6;9;1;9.808688662444773;0.9999429945913434;0.8856682777404785;0.9064074158668518;0.6597206592559814;0.6564686298370361;0.04316394403576851;0.4327169954776764;0.0654226765036583;0.22185568511486053
6;9;2;9.546856050351334;0.9901172550236375;0.8856682777404785;0.9064074158668518;0.6597206592559814;0.6564686298370361;0.009823155589401722;0.30022671818733215;0.13984425365924835;0.18993088603019714
6;9;3;4.6978591797061995;0.4926722307798794;0.8856682777404785;0.9064074158668518;0.6597206592559814;0.6564686298370361;0.264767587184906;0.3191876709461212;-0.14961093664169312;0.021728312596678734
7;9;1;9.808961619163362;0.999943003889129;0.8707729578018188;0.9056863784790039;0.653824508190155;0.646155595779419;0.04806312546133995;0.4393859803676605;0.07055837661027908;0.21913596987724304
7;9;2;9.609479977664797;0.9979299208785726;0.8707729578018188;0.9056863784790039;0.653824508190155;0.646155595779419;0.01735508441925049;0.3074442148208618;0.15510205924510956;0.17837995290756226
7;9;3;5.2125878242276755;0.5036133683653468;0.8707729578018188;0.9056863784790039;0.653824508190155;0.646155595779419;0.2740022838115692;0.32697734236717224;-0.14249825477600098;0.01166945043951273
8;9;1;9.80932577999284;0.9999430038890864;0.8715780973434448;0.9031479358673096;0.6468803286552429;0.6345628499984741;0.053244054317474365;0.4474133849143982;0.07679300755262375;0.2166983187198639
8;9;2;9.66324446679613;0.9989859363638232;0.8715780973434448;0.9031479358673096;0.6468803286552429;0.6345628499984741;0.02505962923169136;0.3161139190196991;0.16825690865516663;0.16542842984199524
8;9;3;5.657057708428313;0.517252317302388;0.8715780973434448;0.9031479358673096;0.6468803286552429;0.6345628499984741;0.28432703018188477;0.3370066285133362;-0.13954707980155945;0.007495869882404804
9;9;1;9.809799449444661;0.9999430038891219;0.8699678182601929;0.9006884694099426;0.6387278437614441;0.621806800365448;0.058448221534490585;0.4568820893764496;0.08394947648048401;0.21451230347156525
9;9;2;9.698234145804456;0.9995482837986813;0.8699678182601929;0.9006884694099426;0.6387278437614441;0.621806800365448;0.03269067406654358;0.3262251615524292;0.17821291089057922;0.15176138281822205
9;9;3;6.017814447737496;0.5354344698568596;0.8699678182601929;0.9006884694099426;0.6387278437614441;0.621806800365448;0.29544827342033386;0.3493770360946655;-0.1419544816017151;0.010900439694523811
10;9;1;9.810396192228659;0.9999430038890793;0.8715780973434448;0.8995475769042969;0.6294246315956116;0.6078837513923645;0.06331413984298706;0.4678061306476593;0.09162198007106781;0.21238680183887482
10;9;2;9.718559329195443;0.9999252679601405;0.8715780973434448;0.8995475769042969;0.6294246315956116;0.6078837513923645;0.03996063023805618;0.33764150738716125;0.18394550681114197;0.13850361108779907
10;9;3;6.335374780799819;0.5486424451305218;0.8715780973434448;0.8995475769042969;0.6294246315956116;0.6078837513923645;0.30694475769996643;0.3639456033706665;-0.15080922842025757;0.023422952741384506
11;9;1;9.811080937532346;0.9999430038890864;0.8743960857391357;0.8997353315353394;0.6188927292823792;0.5927990674972534;0.06738051027059555;0.4800978899002075;0.09922420233488083;0.21004129946231842
11;9;2;9.723768144654098;0.9999384917749019;0.8743960857391357;0.8997353315353394;0.6188927292823792;0.5927990674972534;0.046571921557188034;0.3500928282737732;0.18470673263072968;0.12699443101882935
11;9;3;6.593069502996487;0.5625552362378823;0.8743960857391357;0.8997353315353394;0.6188927292823792;0.5927990674972534;0.3183077573776245;0.3802950978279114;-0.16698119044303894;0.046293552964925766
12;9;1;9.810790248927596;0.9999430038890722;0.8788244724273682;0.901098370552063;0.6063917875289917;0.5764833092689514;0.07012023776769638;0.4935438930988312;0.10596004873514175;0.20722970366477966
12;9;2;9.712681834765739;0.9999411222055379;0.8788244724273682;0.901098370552063;0.6063917875289917;0.5764833092689514;0.05227409303188324;0.3631790280342102;0.18028247356414795;0.11874498426914215
12;9;3;6.7937874396481845;0.5906613307108977;0.8788244724273682;0.901098370552063;0.6063917875289917;0.5764833092689514;0.329019159078598;0.39779403805732727;-0.19099046289920807;0.08024778962135315
13;9;1;9.810964819891879;0.9999430038891077;0.8832528591156006;0.9033553600311279;0.5909364819526672;0.5583712458610535;0.07111264765262604;0.5078907608985901;0.1112392470240593;0.20373032987117767
13;9;2;9.70322270095841;0.9999423509133898;0.8832528591156006;0.9033553600311279;0.5909364819526672;0.5583712458610535;0.0568438395857811;0.37651771306991577;0.17074397206306458;0.11483445763587952
13;9;3;6.9025919934290325;0.6244662668342276;0.8832528591156006;0.9033553600311279;0.5909364819526672;0.5583712458610535;0.33867138624191284;0.415758341550827;-0.22288301587104797;0.12535066902637482
14;9;1;9.81103830550233;0.9999430038890864;0.8880837559700012;0.9070099592208862;0.5716508626937866;0.5377618074417114;0.07006102055311203;0.5228219032287598;0.11465664207935333;0.19971734285354614
14;9;2;9.677046654768215;0.9999428528077487;0.8880837559700012;0.9070099592208862;0.5716508626937866;0.5377618074417114;0.060222476720809937;0.3897709250450134;0.15689246356487274;0.11591874063014984
14;9;3;6.981710380027016;0.6419193522232884;0.8880837559700012;0.9070099592208862;0.5716508626937866;0.5377618074417114;0.3470768332481384;0.4336429536342621;-0.26215919852256775;0.1808955818414688
15;9;1;9.811166805362689;0.9999430038890722;0.8925120830535889;0.9115535020828247;0.5480384230613708;0.5147650837898254;0.06685864180326462;0.5381055474281311;0.11608622223138809;0.19545181095600128
15;9;2;9.653892192945445;0.9999424910268324;0.8925120830535889;0.9115535020828247;0.5480384230613708;0.5147650837898254;0.0624723918735981;0.4027504026889801;0.14004525542259216;0.12180794030427933
15;9;3;6.944210863256579;0.6749546965971422;0.8925120830535889;0.9115535020828247;0.5480384230613708;0.5147650837898254;0.3543030619621277;0.4511537253856659;-0.30780673027038574;0.2454509139060974
16;9;1;9.811262668168382;0.9999430038890367;0.9009661674499512;0.9169514179229736;0.5203040838241577;0.49026548862457275;0.06168141961097717;0.5535854697227478;0.11581043154001236;0.1913236677646637
16;9;2;9.620998451030065;0.9999429985984918;0.9009661674499512;0.9169514179229736;0.5203040838241577;0.49026548862457275;0.06378580629825592;0.4154303967952728;0.12194006145000458;0.13142047822475433
16;9;3;6.887343311641896;0.6897658268263349;0.9009661674499512;0.9169514179229736;0.5203040838241577;0.49026548862457275;0.3606407046318054;0.4682563543319702;-0.35841643810272217;0.3170238733291626
17;9;1;9.811224157574642;0.9999430038890722;0.90901780128479;0.9225074648857117;0.4918142557144165;0.4662545621395111;0.05492984130978584;0.5691363215446472;0.11445646733045578;0.18797361850738525
17;9;2;9.536481784930412;0.9999430038812456;0.90901780128479;0.9225074648857117;0.4918142557144165;0.4662545621395111;0.0644519254565239;0.4278973340988159;0.10435833036899567;0.14331187307834625
17;9;3;6.726566865775146;0.731317503793754;0.90901780128479;0.9225074648857117;0.4918142557144165;0.4662545621395111;0.36650437116622925;0.48507609963417053;-0.4123731553554535;0.3933301866054535
18;9;1;9.811078744585508;0.9999430038890651;0.9186795353889465;0.9283350706100464;0.4661399722099304;0.44468051195144653;0.04701913520693779;0.584703803062439;0.11262591928243637;0.18588218092918396
18;9;2;9.427394197119323;0.9999429806303048;0.9186795353889465;0.9283350706100464;0.4661399722099304;0.44468051195144653;0.0648079439997673;0.44025900959968567;0.08872147649526596;0.15658780932426453
18;9;3;6.530126739359314;0.7398564410967605;0.9186795353889465;0.9283350706100464;0.4661399722099304;0.44468051195144653;0.372316837310791;0.5017740726470947;-0.4680807590484619;0.47211265563964844
19;9;1;9.810966478213174;0.9999430038890509;0.9263284802436829;0.9315155148506165;0.44395071268081665;0.425567090511322;0.03837550804018974;0.6002907156944275;0.11087679862976074;0.18530215322971344
19;9;2;9.265644789420694;0.9926687084379715;0.9263284802436829;0.9315155148506165;0.44395071268081665;0.425567090511322;0.06515493988990784;0.4526297152042389;0.07585430890321732;0.17074288427829742
19;9;3;6.266156779912654;0.7682848819603567;0.9263284802436829;0.9315155148506165;0.44395071268081665;0.425567090511322;0.37844955921173096;0.5185021162033081;-0.5241129398345947;0.551354169845581
20;9;1;9.811143004300263;0.9999430038890935;0.9295491576194763;0.9343750476837158;0.42429080605506897;0.4086887836456299;0.02930697239935398;0.6159619688987732;0.10959892719984055;0.18610602617263794
20;9;2;9.19899910342098;0.9890314327988428;0.9295491576194763;0.9343750476837158;0.42429080605506897;0.4086887836456299;0.06557760387659073;0.46511703729629517;0.06576663255691528;0.18566375970840454
20;9;3;6.1523565803728495;0.7738960778970849;0.9295491576194763;0.9343750476837158;0.42429080605506897;0.4086887836456299;0.3851756453514099;0.5353642702102661;-0.5793077945709229;0.6294114589691162
21;9;1;9.810516467067409;0.9999430038890438;0.934380054473877;0.9380494356155396;0.4065215289592743;0.3937009871006012;0.020132100209593773;0.6317321062088013;0.10909581184387207;0.18826547265052795
21;9;2;8.990867291038292;0.9822296692419492;0.934380054473877;0.9380494356155396;0.4065215289592743;0.3937009871006012;0.06616507470607758;0.47777026891708374;0.05856291949748993;0.20096975564956665
21;9;3;5.980108553570741;0.7708075917666672;0.934380054473877;0.9380494356155396;0.4065215289592743;0.3937009871006012;0.3926551342010498;0.5524029731750488;-0.6327555179595947;0.7049978971481323
22;9;1;9.806614465116283;0.9999430038891219;0.9412238001823425;0.941857099533081;0.39087629318237305;0.38071662187576294;0.011124891228973866;0.6474788784980774;0.10971291363239288;0.19209672510623932
22;9;2;8.427179289522115;0.9600215388495847;0.9412238001823425;0.941857099533081;0.39087629318237305;0.38071662187576294;0.06702199578285217;0.49055027961730957;0.054495640099048615;0.21627530455589294
22;9;3;5.852184814974812;0.7973842498495181;0.9412238001823425;0.941857099533081;0.39087629318237305;0.38071662187576294;0.40091046690940857;0.5695769786834717;-0.6838253140449524;0.7772215008735657
23;9;1;9.809482720480048;0.999943003889058;0.9476650357246399;0.945627748966217;0.3771125376224518;0.3693518042564392;0.0023847296833992004;0.6630517244338989;0.11165439337491989;0.19766095280647278
23;9;2;8.166712955858337;0.9531064532730724;0.9476650357246399;0.945627748966217;0.3771125376224518;0.3693518042564392;0.0681045725941658;0.503364622592926;0.053338438272476196;0.2312030792236328
23;9;3;5.770949893469609;0.8067419325423586;0.9476650357246399;0.945627748966217;0.3771125376224518;0.3693518042564392;0.4098220765590668;0.5867461562156677;-0.7321692109107971;0.8455901145935059
24;9;1;9.810779005957215;0.9999430038890296;0.9533010721206665;0.9481316804885864;0.36498403549194336;0.3591972291469574;-0.006044258363544941;0.6782539486885071;0.11498596519231796;0.20484283566474915
24;9;2;7.991600592331018;0.9552603574523282;0.9533010721206665;0.9481316804885864;0.36498403549194336;0.3591972291469574;0.06928417831659317;0.5160571336746216;0.0547153577208519;0.24559283256530762
24;9;3;5.755355546799031;0.8068176865008496;0.9533010721206665;0.9481316804885864;0.36498403549194336;0.3591972291469574;0.41916775703430176;0.6036916971206665;-0.7776661515235901;0.9099324941635132
25;9;1;9.810824782251636;0.9999430038890793;0.955716609954834;0.9504824876785278;0.35456347465515137;0.35014912486076355;-0.014164581894874573;0.6928808093070984;0.11969765275716782;0.21350625157356262
25;9;2;7.9315886942881875;0.9431535167954408;0.955716609954834;0.9504824876785278;0.35456347465515137;0.35014912486076355;0.07038551568984985;0.5284605026245117;0.05807126685976982;0.25910747051239014
25;9;3;5.799964037921907;0.825842115927033;0.955716609954834;0.9504824876785278;0.35456347465515137;0.35014912486076355;0.42866992950439453;0.6201518774032593;-0.8203600645065308;0.9703108072280884
26;9;1;9.810269613649169;0.9999430038890509;0.9581320285797119;0.952057957649231;0.3454993665218353;0.34218043088912964;-0.0219790730625391;0.7067412734031677;0.12566952407360077;0.22333702445030212
26;9;2;7.916313485940055;0.9510963882889563;0.9581320285797119;0.952057957649231;0.3454993665218353;0.34218043088912964;0.07127366214990616;0.540386438369751;0.06285615265369415;0.2716678977012634
26;9;3;5.844264474847407;0.8228958236929458;0.9581320285797119;0.952057957649231;0.3454993665218353;0.34218043088912964;0.4380442500114441;0.6358647346496582;-0.8603944778442383;1.0269280672073364
27;9;1;9.809828670667585;0.9999430038890793;0.9593397378921509;0.9531617164611816;0.3372669816017151;0.3352503180503845;-0.02947334386408329;0.7196445465087891;0.13283184170722961;0.23417609930038452
27;9;2;7.913048319264451;0.9447618865720209;0.9593397378921509;0.9531617164611816;0.3372669816017151;0.3352503180503845;0.07185139507055283;0.5516680479049683;0.06873760372400284;0.28321659564971924
27;9;3;5.83410862917793;0.8090396271659301;0.9593397378921509;0.9531617164611816;0.3372669816017151;0.3352503180503845;0.44704103469848633;0.6506064534187317;-0.8979537487030029;1.0800448656082153
28;9;1;9.80949380879786;0.9999430038890367;0.9589371681213379;0.953700065612793;0.32998695969581604;0.3292580842971802;-0.03664682060480118;0.7314981818199158;0.14100472629070282;0.24562537670135498
28;9;2;8.02628696023207;0.9430454293786568;0.9589371681213379;0.953700065612793;0.32998695969581604;0.3292580842971802;0.07201537489891052;0.5621878504753113;0.07526680082082748;0.2937392592430115
28;9;3;5.862518930468722;0.8135697884679587;0.9589371681213379;0.953700065612793;0.32998695969581604;0.3292580842971802;0.4554668366909027;0.6642118096351624;-0.9332256317138672;1.1299268007278442
29;9;1;9.809462721755104;0.9999430038890509;0.9597423076629639;0.9539470076560974;0.3239250183105469;0.32406800985336304;-0.04342228174209595;0.7422044277191162;0.1501893252134323;0.25767603516578674
29;9;2;8.026188020572363;0.9474845965230507;0.9597423076629639;0.9539470076560974;0.3239250183105469;0.32406800985336304;0.07172933965921402;0.571877121925354;0.08229663223028183;0.30317655205726624
29;9;3;5.86558065974919;0.79052265620785;0.9597423076629639;0.9539470076560974;0.3239250183105469;0.32406800985336304;0.46320146322250366;0.6765925288200378;-0.9663682579994202;1.17679762840271
30;9;1;9.810122108049846;0.999943003889058;0.9621577262878418;0.953870415687561;0.3186640739440918;0.31954121589660645;-0.04967812821269035;0.7517662048339844;0.16014574468135834;0.2702145278453827
30;9;2;8.036859142146945;0.941523816077467;0.9621577262878418;0.953870415687561;0.3186640739440918;0.31954121589660645;0.0709882602095604;0.5807155966758728;0.08957670629024506;0.3115343153476715
30;9;3;5.848450149925837;0.7911340570849603;0.9621577262878418;0.953870415687561;0.3186640739440918;0.31954121589660645;0.4701893925666809;0.6877273917198181;-0.9975056648254395;1.2208324670791626
31;9;1;9.810120281902023;0.9999430038890722;0.9629629850387573;0.95301353931427;0.3143479824066162;0.31584230065345764;-0.05525531992316246;0.7602704763412476;0.1706198900938034;0.28288382291793823
31;9;2;8.060295406330436;0.9362548443555063;0.9629629850387573;0.95301353931427;0.3143479824066162;0.31584230065345764;0.06979285925626755;0.5887224674224854;0.09679549932479858;0.31880414485931396
31;9;3;5.837407123633225;0.7982407543974865;0.9629629850387573;0.95301353931427;0.3143479824066162;0.31584230065345764;0.476421594619751;0.697638750076294;-1.0267387628555298;1.262174367904663
32;9;1;9.8101360770847;0.9999430038890438;0.9625604152679443;0.9522949457168579;0.31089624762535095;0.31306329369544983;-0.05999987944960594;0.7677614688873291;0.1814470738172531;0.2956078350543976
32;9;2;8.064586639665684;0.9247566464447061;0.9625604152679443;0.9522949457168579;0.31089624762535095;0.31306329369544983;0.06820639222860336;0.5959250330924988;0.10382121056318283;0.3250231444835663
32;9;3;5.838753319779055;0.7880227896691885;0.9625604152679443;0.9522949457168579;0.31089624762535095;0.31306329369544983;0.4819210469722748;0.706375777721405;-1.0541467666625977;1.3009350299835205
33;9;1;9.810197979300739;0.9999430038890864;0.9629629850387573;0.9505887031555176;0.3076247274875641;0.3111172318458557;-0.06386586278676987;0.7743514180183411;0.19225625693798065;0.3079797923564911
33;9;2;8.094102129899984;0.9371162867311575;0.9629629850387573;0.9505887031555176;0.3076247274875641;0.3111172318458557;0.06625105440616608;0.6023529171943665;0.11042916774749756;0.33037927746772766
33;9;3;5.8181234752024995;0.7948192026297249;0.9629629850387573;0.9505887031555176;0.3076247274875641;0.3111172318458557;0.4867170751094818;0.7139890193939209;-1.0798137187957764;1.3372337818145752
34;9;1;9.810180001539003;0.9999430038890367;0.9621578454971313;0.9493737816810608;0.30455735325813293;0.30967020988464355;-0.06676866859197617;0.7800351977348328;0.20298142731189728;0.32014694809913635
34;9;2;8.104732948555952;0.9281975178154234;0.9621578454971313;0.9493737816810608;0.30455735325813293;0.30967020988464355;0.0639757364988327;0.6080399751663208;0.1166653260588646;0.33493751287460327
34;9;3;5.8345963734854465;0.7858085952862428;0.9621578454971313;0.9493737816810608;0.30455735325813293;0.30967020988464355;0.4908469319343567;0.7205346822738647;-1.103830337524414;1.3711984157562256
35;9;1;9.810060697473162;0.999943003889058;0.9617552757263184;0.9487762451171875;0.30191993713378906;0.30834120512008667;-0.06856860965490341;0.7847848534584045;0.2136038839817047;0.3323926329612732
35;9;2;8.09229051323372;0.9248720219522966;0.9617552757263184;0.9487762451171875;0.30191993713378906;0.30834120512008667;0.06143418326973915;0.6130199432373047;0.12261595577001572;0.338672399520874
35;9;3;5.8323998518301785;0.7709159704443671;0.9617552757263184;0.9487762451171875;0.30191993713378906;0.30834120512008667;0.4943377673625946;0.7260586619377136;-1.126312494277954;1.4029929637908936
36;9;1;9.810313790650682;0.9999430038890651;0.9625604152679443;0.9482477903366089;0.2998504936695099;0.30701497197151184;-0.06920937448740005;0.7886714935302734;0.22402890026569366;0.3444463014602661
36;9;2;8.113599493637196;0.9313551337890971;0.9625604152679443;0.9482477903366089;0.2998504936695099;0.30701497197151184;0.0586012564599514;0.6173253655433655;0.12807375192642212;0.3415161967277527
36;9;3;5.808324566756635;0.7687999786801782;0.9625604152679443;0.9482477903366089;0.2998504936695099;0.30701497197151184;0.497182697057724;0.7305672764778137;-1.1474254131317139;1.4328511953353882
37;9;1;9.81017243823635;0.9999430038890509;0.9625604152679443;0.9480650424957275;0.2970108985900879;0.30551061034202576;-0.06871425360441208;0.7916642427444458;0.23410728573799133;0.3563562035560608
37;9;2;8.138244821281091;0.9405003159008665;0.9625604152679443;0.9480650424957275;0.2970108985900879;0.30551061034202576;0.05548055097460747;0.6209399104118347;0.13305765390396118;0.34360450506210327
37;9;3;5.810856149409968;0.7689779704842046;0.9625604152679443;0.9480650424957275;0.2970108985900879;0.30551061034202576;0.4993482828140259;0.7340371608734131;-1.167374849319458;1.4610639810562134
38;9;1;9.808451134278911;0.9999430038890367;0.9625604152679443;0.9479933977127075;0.29343122243881226;0.303665429353714;-0.0671904906630516;0.7937968969345093;0.24364438652992249;0.36784395575523376
38;9;2;8.13505686212591;0.9378428416486493;0.9625604152679443;0.9479933977127075;0.29343122243881226;0.303665429353714;0.05202535167336464;0.6238415241241455;0.13743668794631958;0.34505581855773926
38;9;3;5.805215373686133;0.7811799034763016;0.9625604152679443;0.9479933977127075;0.29343122243881226;0.303665429353714;0.5007766485214233;0.7364221215248108;-1.186406135559082;1.4879779815673828
39;9;1;9.807275561725355;0.999943003889058;0.9625604152679443;0.9482848048210144;0.28966543078422546;0.30130988359451294;-0.06482183188199997;0.7950423359870911;0.2523743808269501;0.3789133131504059
39;9;2;8.139819291061897;0.9396763497850458;0.9625604152679443;0.9482848048210144;0.28966543078422546;0.30130988359451294;0.04822972044348717;0.6259812712669373;0.14134304225444794;0.34613147377967834
39;9;3;5.7917920164754975;0.774120021861803;0.9625604152679443;0.9482848048210144;0.28966543078422546;0.30130988359451294;0.5014086365699768;0.7376854419708252;-1.2047693729400635;1.5139474868774414
40;9;1;9.807733942152254;0.9999430038890438;0.9629629850387573;0.9490478038787842;0.2862788736820221;0.2985617518424988;-0.06181631609797478;0.795524537563324;0.26001235842704773;0.3891291618347168
40;9;2;8.186586569716418;0.9458929491875558;0.9629629850387573;0.9490478038787842;0.2862788736820221;0.2985617518424988;0.04404350370168686;0.6273469924926758;0.14463427662849426;0.34699344635009766
40;9;3;5.824992339138415;0.7738458593761983;0.9629629850387573;0.9490478038787842;0.2862788736820221;0.2985617518424988;0.5012020468711853;0.7378188967704773;-1.2226958274841309;1.5392993688583374
41;9;1;9.806624319208488;0.9999430038890154;0.9637681245803833;0.9494379758834839;0.28276216983795166;0.29554232954978943;-0.05828296020627022;0.7953417897224426;0.2665432095527649;0.3982948362827301
41;9;2;8.185825886866958;0.9518056891737814;0.9637681245803833;0.9494379758834839;0.28276216983795166;0.29554232954978943;0.03949739411473274;0.6279619336128235;0.14724521338939667;0.3477342426776886
41;9;3;5.884724680683245;0.7953388953274256;0.9637681245803833;0.9494379758834839;0.28276216983795166;0.29554232954978943;0.5001654028892517;0.7368807196617126;-1.2403523921966553;1.5642699003219604
42;9;1;9.806614584367694;0.9999430038890509;0.9629629850387573;0.9498825073242188;0.2790106236934662;0.29222026467323303;-0.05445381626486778;0.7945895791053772;0.2717857360839844;0.40645831823349
42;9;2;8.22054364729441;0.9550616957394027;0.9629629850387573;0.9498825073242188;0.2790106236934662;0.29222026467323303;0.034701790660619736;0.6278641223907471;0.14937549829483032;0.34865519404411316
42;9;3;5.918673759007859;0.7892226004790484;0.9629629850387573;0.9498825073242188;0.2790106236934662;0.29222026467323303;0.4983702600002289;0.7350103259086609;-1.2578213214874268;1.5889745950698853
43;9;1;9.808634689579378;0.9999430038890651;0.9633655548095703;0.9525740146636963;0.27522653341293335;0.2886124849319458;-0.050377219915390015;0.793141782283783;0.275875985622406;0.4146742522716522
43;9;2;8.21530760372804;0.9631851745642912;0.9633655548095703;0.9525740146636963;0.27522653341293335;0.2886124849319458;0.029873177409172058;0.6271247267723083;0.15161626040935516;0.35007551312446594
43;9;3;5.9424732775025095;0.7891582296791313;0.9633655548095703;0.9525740146636963;0.27522653341293335;0.2886124849319458;0.4959602355957031;0.7324380874633789;-1.2750918865203857;1.6133989095687866
44;9;1;9.809837534242945;0.9999430038890367;0.9637681245803833;0.9557002782821655;0.27174410223960876;0.2846715748310089;-0.046225350350141525;0.7909889817237854;0.2787013351917267;0.4237108528614044
44;9;2;8.247474738044968;0.9749047552348316;0.9637681245803833;0.9557002782821655;0.27174410223960876;0.2846715748310089;0.02524128183722496;0.6258338689804077;0.15449826419353485;0.3524467647075653
44;9;3;6.023933970426334;0.8158921491529298;0.9637681245803833;0.9557002782821655;0.27174410223960876;0.2846715748310089;0.4931100308895111;0.7294301390647888;-1.2921264171600342;1.6374893188476562
45;9;1;9.809869792582397;0.999943003889058;0.9645732641220093;0.9575817584991455;0.26888200640678406;0.2806522250175476;-0.04210676997900009;0.7882863283157349;0.280418336391449;0.43367907404899597
45;9;2;8.275706156911895;0.9783260384979755;0.9645732641220093;0.9575817584991455;0.26888200640678406;0.2806522250175476;0.020848168060183525;0.6241493225097656;0.1580698937177658;0.3557848334312439
45;9;3;6.108414493777591;0.8308780599451335;0.9645732641220093;0.9575817584991455;0.26888200640678406;0.2806522250175476;0.48999547958374023;0.7262453436851501;-1.3088922500610352;1.6611994504928589
46;9;1;9.808201655017456;0.9999430038890509;0.96537846326828;0.9598042964935303;0.26637300848960876;0.27652812004089355;-0.03809906542301178;0.7851661443710327;0.2811703383922577;0.44469642639160156
46;9;2;8.43341140158034;0.9999429054114515;0.96537846326828;0.9598042964935303;0.26637300848960876;0.27652812004089355;0.016775039955973625;0.6222159266471863;0.1624641865491867;0.36018744111061096
46;9;3;6.189772786187541;0.8298403611390288;0.96537846326828;0.9598042964935303;0.26637300848960876;0.27652812004089355;0.4867965877056122;0.7231349945068359;-1.3253631591796875;1.6844931840896606
47;9;1;9.80719914585869;0.999943003889058;0.966183602809906;0.9610882997512817;0.26455649733543396;0.2726321518421173;-0.03430382162332535;0.781892716884613;0.28099915385246277;0.4564354717731476
47;9;2;8.558357991216937;0.9999428438429092;0.966183602809906;0.9610882997512817;0.26455649733543396;0.2726321518421173;0.01301332376897335;0.6201937198638916;0.16752390563488007;0.3656202256679535
47;9;3;6.335983051419223;0.8475891389947421;0.966183602809906;0.9610882997512817;0.26455649733543396;0.2726321518421173;0.48368191719055176;0.7203203439712524;-1.341536045074463;1.7073650360107422
48;9;1;9.808537116295149;0.9999430038890509;0.966586172580719;0.9618982076644897;0.2632477581501007;0.26912349462509155;-0.030758142471313477;0.7786755561828613;0.28004834055900574;0.468648225069046
48;9;2;8.688546417075646;0.9999428383314353;0.966586172580719;0.9618982076644897;0.2632477581501007;0.26912349462509155;0.009585241787135601;0.6182348132133484;0.17312519252300262;0.37202876806259155
48;9;3;6.468828826953104;0.8536299091858446;0.966586172580719;0.9618982076644897;0.2632477581501007;0.26912349462509155;0.48082083463668823;0.7179991602897644;-1.3574082851409912;1.7298117876052856
49;9;1;9.807115723323449;0.9999430038890793;0.9669886827468872;0.9626736044883728;0.26252907514572144;0.26610124111175537;-0.027457108721137047;0.7756815552711487;0.27862098813056946;0.48102498054504395
49;9;2;8.76753176401541;0.9999430038894666;0.9669886827468872;0.9626736044883728;0.26252907514572144;0.26610124111175537;0.006523621268570423;0.6164730191230774;0.17920705676078796;0.37943533062934875
49;9;3;6.623041674193871;0.8548931087901028;0.9669886827468872;0.9626736044883728;0.26252907514572144;0.26610124111175537;0.47838160395622253;0.716343104839325;-1.3729732036590576;1.7518236637115479
50;9;1;9.801340977402553;0.9999430038890438;0.9673912525177002;0.963409423828125;0.26251593232154846;0.2636144459247589;-0.024331068620085716;0.7731673717498779;0.27706006169319153;0.4930174946784973
50;9;2;8.92240575737354;0.9999430038256953;0.9673912525177002;0.963409423828125;0.26251593232154846;0.2636144459247589;0.0037693502381443977;0.6150688529014587;0.18544863164424896;0.3875410556793213
50;9;3;6.780100694495815;0.8497087975033892;0.9673912525177002;0.963409423828125;0.26251593232154846;0.2636144459247589;0.4765174090862274;0.7154842019081116;-1.388230323791504;1.7734007835388184
51;9;1;9.794467461236891;0.9999430038890509;0.9677938222885132;0.964110791683197;0.2631213366985321;0.261722594499588;-0.021328989416360855;0.7713116407394409;0.27565720677375793;0.5041795969009399
51;9;2;9.076768496227924;0.9999429598115732;0.9677938222885132;0.964110791683197;0.2631213366985321;0.261722594499588;0.00134843192063272;0.614129900932312;0.19171850383281708;0.39628517627716064
51;9;3;6.870931003210856;0.8419268142353076;0.9677938222885132;0.964110791683197;0.2631213366985321;0.261722594499588;0.47536176443099976;0.7155144214630127;-1.4031810760498047;1.7945443391799927
52;9;1;9.795003707891318;0.9999430038890651;0.9677938222885132;0.9646540284156799;0.26390504837036133;0.2602478563785553;-0.018346983939409256;0.7702619433403015;0.27472928166389465;0.5141786932945251
52;9;2;9.169083125088502;0.9999430037113264;0.9677938222885132;0.9646540284156799;0.26390504837036133;0.2602478563785553;-0.0007982015958987176;0.6137619614601135;0.1977798342704773;0.40540042519569397
52;9;3;7.0100790206671775;0.8436862633054059;0.9677938222885132;0.9646540284156799;0.26390504837036133;0.2602478563785553;0.4750158190727234;0.7164814472198486;-1.4178333282470703;1.815265417098999
53;9;1;9.79197612286032;0.9999430038890793;0.9677939414978027;0.9652022123336792;0.2645857036113739;0.2590988278388977;-0.015290329232811928;0.770144522190094;0.274472713470459;0.5227376222610474
53;9;2;9.257744305714834;0.9999430038871715;0.9677939414978027;0.9652022123336792;0.2645857036113739;0.2590988278388977;-0.002759456867352128;0.6140384078025818;0.20335684716701508;0.4145822823047638
53;9;3;7.090527526666234;0.8585601772012605;0.9677939414978027;0.9652022123336792;0.2645857036113739;0.2590988278388977;0.47553181648254395;0.7183798551559448;-1.4322078227996826;1.8355944156646729
54;9;1;9.788004377438938;0.9999430038890651;0.9673912525177002;0.9654589891433716;0.26497507095336914;0.25816094875335693;-0.011995813809335232;0.7711280584335327;0.2752112150192261;0.5294264554977417
54;9;2;9.298863954885498;0.9995838073356431;0.9673912525177002;0.9654589891433716;0.26497507095336914;0.25816094875335693;-0.004799823276698589;0.6150359511375427;0.20803116261959076;0.42321231961250305
54;9;3;7.13685729675872;0.8633370330555561;0.9673912525177002;0.9654589891433716;0.26497507095336914;0.25816094875335693;0.4769158363342285;0.7211626172065735;-1.4463317394256592;1.8555686473846436
55;9;1;9.795731205049428;0.9999430038890722;0.9685990810394287;0.9657701253890991;0.2648806571960449;0.25717663764953613;-0.008455241098999977;0.7731813192367554;0.27691635489463806;0.5343267917633057
55;9;2;9.353395653879282;0.9999308415696895;0.9685990810394287;0.9657701253890991;0.2648806571960449;0.25717663764953613;-0.006874061189591885;0.6167351603507996;0.21185505390167236;0.4312828481197357
55;9;3;7.200474900529082;0.870965015888677;0.9685990810394287;0.9657701253890991;0.2648806571960449;0.25717663764953613;0.4791651666164398;0.7247814536094666;-1.4602060317993164;1.8751897811889648
56;9;1;9.797259430312465;0.9999430038890864;0.9690016508102417;0.9662541151046753;0.26409712433815;0.25588563084602356;-0.004637804813683033;0.7762154936790466;0.2796269953250885;0.5376887917518616
56;9;2;9.369988219362018;0.9999430038894701;0.9690016508102417;0.9662541151046753;0.26409712433815;0.25588563084602356;-0.009003989398479462;0.6191214323043823;0.21484068036079407;0.43869689106941223
56;9;3;7.20781445408482;0.8688468761310784;0.9690016508102417;0.9662541151046753;0.26409712433815;0.25588563084602356;0.48226070404052734;0.7291849255561829;-1.4738202095031738;1.8944427967071533
57;9;1;9.79169419366432;0.9999430038890793;0.9694042205810547;0.9667529463768005;0.2625921964645386;0.25423356890678406;-0.0005780637147836387;0.7801424860954285;0.28318533301353455;0.5397518873214722
57;9;2;9.355161951600948;0.9999430038893955;0.9694042205810547;0.9667529463768005;0.2625921964645386;0.25423356890678406;-0.011174115352332592;0.6221475005149841;0.2171488106250763;0.4454834461212158
57;9;3;7.218202903017161;0.8756440168218464;0.9694042205810547;0.9667529463768005;0.2625921964645386;0.25423356890678406;0.4861624240875244;0.7343161106109619;-1.4871606826782227;1.913309097290039
58;9;1;9.793802887610923;0.999943003889058;0.9694042205810547;0.9671480059623718;0.2604624927043915;0.2522307336330414;0.0036838145460933447;0.7848331332206726;0.2874533236026764;0.5407773852348328
58;9;2;9.33122201520749;0.9999430038893529;0.9694042205810547;0.9671480059623718;0.2604624927043915;0.2522307336330414;-0.013374527916312218;0.6257424354553223;0.21895572543144226;0.45176267623901367
58;9;3;7.201432594407811;0.8637543078673495;0.9694042205810547;0.9671480059623718;0.2604624927043915;0.2522307336330414;0.49080222845077515;0.7401081919670105;-1.5002219676971436;1.9317809343338013
59;9;1;9.79119672130215;0.9999430038890367;0.9694042205810547;0.9677406549453735;0.25780579447746277;0.24994061887264252;0.008088487200438976;0.7901231646537781;0.2923419177532196;0.5409879088401794
59;9;2;9.319249993710649;0.9999430038893848;0.9694042205810547;0.9677406549453735;0.25780579447746277;0.24994061887264252;-0.015580662526190281;0.6298068165779114;0.22048139572143555;0.4577535390853882
59;9;3;7.197267483332077;0.8734493312433678;0.9694042205810547;0.9677406549453735;0.25780579447746277;0.24994061887264252;0.49608200788497925;0.7464818954467773;-1.5130128860473633;1.949869990348816
60;9;1;9.787624606812898;0.9999430038890367;0.9698067903518677;0.9682444334030151;0.25476837158203125;0.24747958779335022;0.012465769425034523;0.7958003282546997;0.297448068857193;0.5407801270484924
60;9;2;9.28189789083455;0.9977346915490131;0.9698067903518677;0.9682444334030151;0.25476837158203125;0.24747958779335022;-0.017640504986047745;0.6341972947120667;0.22208532691001892;0.4638988971710205
60;9;3;7.169080719514339;0.8693727514520173;0.9698067903518677;0.9682444334030151;0.25476837158203125;0.24747958779335022;0.5018772482872009;0.7533459663391113;-1.5255568027496338;1.9676094055175781
61;9;1;9.789696764206518;0.9999430038890509;0.9702093601226807;0.9686691164970398;0.2517102360725403;0.2451370805501938;0.01672457531094551;0.8017544746398926;0.3024454116821289;0.5402543544769287
61;9;2;9.257851410593933;0.9981617664025499;0.9702093601226807;0.9686691164970398;0.2517102360725403;0.2451370805501938;-0.01955595053732395;0.6387896537780762;0.22381219267845154;0.47040507197380066
61;9;3;7.110987705087453;0.878878432021784;0.9702093601226807;0.9686691164970398;0.2517102360725403;0.2451370805501938;0.5080246329307556;0.7605820894241333;-1.5379037857055664;1.9850707054138184
62;9;1;9.791620989708193;0.9999430038890509;0.9706118702888489;0.9691382646560669;0.24864253401756287;0.2429189682006836;0.020735610276460648;0.807784378528595;0.3069405257701874;0.5397770404815674
62;9;2;9.239643893680945;0.997868414204671;0.9706118702888489;0.9691382646560669;0.24864253401756287;0.2429189682006836;-0.02130066230893135;0.6434398889541626;0.225866436958313;0.47753676772117615
62;9;3;7.085247865964174;0.8897719748754049;0.9706118702888489;0.9691382646560669;0.24864253401756287;0.2429189682006836;0.5143567323684692;0.768069863319397;-1.5501067638397217;2.002328395843506
63;9;1;9.792940895676857;0.9999430038890651;0.9718195796012878;0.9695383310317993;0.24559661746025085;0.24086003005504608;0.02442706562578678;0.8137527108192444;0.3107513189315796;0.5394740104675293
63;9;2;9.246346502477472;0.9971313392328867;0.9718195796012878;0.9695383310317993;0.24559661746025085;0.24086003005504608;-0.022888964042067528;0.6480318307876587;0.22831247746944427;0.48543137311935425
63;9;3;7.035061118700066;0.8850927668547328;0.9718195796012878;0.9695383310317993;0.24559661746025085;0.24086003005504608;0.5207171440124512;0.7756961584091187;-1.5622165203094482;2.01945424079895
64;9;1;9.7955862274911;0.9999430038890438;0.9730273485183716;0.9699432849884033;0.2425326704978943;0.23885264992713928;0.027825767174363136;0.8195732235908508;0.31390181183815;0.5393536686897278
64;9;2;9.213117901127546;0.9994699350325753;0.9730273485183716;0.9699432849884033;0.2425326704978943;0.23885264992713928;-0.02439085766673088;0.6524976491928101;0.23111030459403992;0.4940532147884369
64;9;3;6.997719730349168;0.8787735078088943;0.9730273485183716;0.9699432849884033;0.2425326704978943;0.23885264992713928;0.5269892811775208;0.7833752036094666;-1.5742645263671875;2.0364925861358643
65;9;1;9.799071900952626;0.9999430038890864;0.9738324880599976;0.9703531861305237;0.23942634463310242;0.23688049614429474;0.03092767857015133;0.8251416087150574;0.31631359457969666;0.5396251678466797
65;9;2;9.223357627442685;0.9988556720279647;0.9738324880599976;0.9703531861305237;0.23942634463310242;0.23688049614429474;-0.025770029053092003;0.6567891836166382;0.23432748019695282;0.5034782886505127
65;9;3;6.972400601984793;0.8793090277308124;0.9738324880599976;0.9703531861305237;0.23942634463310242;0.23688049614429474;0.5331130027770996;0.7910610437393188;-1.5862505435943604;2.053443431854248
66;9;1;9.798988849919404;0.9999430038890438;0.9750402569770813;0.9707335233688354;0.23642291128635406;0.23493491113185883;0.03378637507557869;0.8304073810577393;0.3180205523967743;0.5404304265975952
66;9;2;9.203091096669944;0.9987277230882476;0.9750402569770813;0.9707335233688354;0.23642291128635406;0.23493491113185883;-0.027042891830205917;0.6609057784080505;0.23792636394500732;0.5136153101921082
66;9;3;6.964137831821276;0.8920280038929125;0.9750402569770813;0.9707335233688354;0.23642291128635406;0.23493491113185883;0.5390677452087402;0.7987323999404907;-1.5981574058532715;2.070282220840454
67;9;1;9.793195652307396;0.9999430038890367;0.9754428267478943;0.9711236953735352;0.23359641432762146;0.2330225706100464;0.03651311621069908;0.8354169130325317;0.3192044198513031;0.5416404008865356
67;9;2;9.224747590780758;0.99704309286669;0.9754428267478943;0.9711236953735352;0.23359641432762146;0.2330225706100464;-0.028302352875471115;0.6648845076560974;0.2417382448911667;0.5241705179214478
67;9;3;6.942531077718721;0.8835210624524183;0.9754428267478943;0.9711236953735352;0.23359641432762146;0.2330225706100464;0.5448526740074158;0.806377649307251;-1.6099674701690674;2.086984157562256
68;9;1;9.791004212651465;0.9999430038890722;0.975845456123352;0.9715089201927185;0.2310303896665573;0.23114155232906342;0.03918410837650299;0.8401517868041992;0.3200104236602783;0.5432893633842468
68;9;2;9.225772644091094;0.9981138174615438;0.975845456123352;0.9715089201927185;0.2310303896665573;0.23114155232906342;-0.029524479061365128;0.6687439680099487;0.2457171082496643;0.5350311398506165
68;9;3;6.951584081501155;0.8890798855661064;0.975845456123352;0.9715089201927185;0.2310303896665573;0.23114155232906342;0.5504810810089111;0.8139911890029907;-1.621664047241211;2.1035256385803223
69;9;1;9.79245860443347;0.9999430038890935;0.9750403165817261;0.9718891382217407;0.22883009910583496;0.2293127179145813;0.041882600635290146;0.844683825969696;0.32059258222579956;0.5451990365982056
69;9;2;9.23308058731665;0.9976815606876066;0.9750403165817261;0.9718891382217407;0.22883009910583496;0.2293127179145813;-0.030804159119725227;0.6725206971168518;0.24968338012695312;0.5458682179450989
69;9;3;6.924051684336002;0.8798419059571128;0.9750403165817261;0.9718891382217407;0.22883009910583496;0.2293127179145813;0.5559521913528442;0.8215547204017639;-1.6332521438598633;2.1199140548706055
70;9;1;9.794698366064843;0.999943003889058;0.9750403165817261;0.972200334072113;0.22692759335041046;0.22753146290779114;0.044646915048360825;0.8490330576896667;0.32098111510276794;0.5472937226295471
70;9;2;9.20448799709062;0.9975116338508556;0.9750403165817261;0.972200334072113;0.22692759335041046;0.22753146290779114;-0.03212961554527283;0.6762133240699768;0.2535749077796936;0.5565825700759888
70;9;3;6.933695616607647;0.8811913541554599;0.9750403165817261;0.972200334072113;0.22692759335041046;0.22753146290779114;0.5612554550170898;0.8290427923202515;-1.6447522640228271;2.1361775398254395
71;9;1;9.799704552973132;0.9999430038890651;0.9754427671432495;0.9725953340530396;0.22534438967704773;0.22579354047775269;0.04758555442094803;0.8533140420913696;0.3214262127876282;0.5491613745689392
71;9;2;9.205638306075635;0.9980723629169432;0.9754427671432495;0.9725953340530396;0.22534438967704773;0.22579354047775269;-0.03364669904112816;0.6798511743545532;0.25713035464286804;0.5668004751205444
71;9;3;6.944555361252464;0.8868081996807131;0.9754427671432495;0.9725953340530396;0.22534438967704773;0.22579354047775269;0.5663641691207886;0.8364207148551941;-1.6562025547027588;2.1523706912994385
72;9;1;9.802656118012067;0.999943003889058;0.9762479662895203;0.9730151891708374;0.22385837137699127;0.22406287491321564;0.05071370676159859;0.8575514554977417;0.32197949290275574;0.5507060885429382
72;9;2;9.211089101575531;0.9981081654021544;0.9762479662895203;0.9730151891708374;0.22385837137699127;0.22406287491321564;-0.03536030277609825;0.6834325790405273;0.2602997422218323;0.5764517784118652
72;9;3;6.94308192784778;0.8814846109279131;0.9762479662895203;0.9730151891708374;0.22385837137699127;0.22406287491321564;0.5712689757347107;0.8436717987060547;-1.6676280498504639;2.1685287952423096
73;9;1;9.805517715060688;0.9999430038890722;0.9766505360603333;0.9734793901443481;0.2224031388759613;0.2222864180803299;0.054034627974033356;0.8617722988128662;0.32268255949020386;0.5518683791160583
73;9;2;9.22109060588921;0.9984078529656664;0.9766505360603333;0.9734793901443481;0.2224031388759613;0.2222864180803299;-0.037261076271533966;0.6869667768478394;0.26306623220443726;0.5855156183242798
73;9;3;6.918997001256875;0.879631378950231;0.9766505360603333;0.9734793901443481;0.2224031388759613;0.2222864180803299;0.5759820938110352;0.8508004546165466;-1.6790366172790527;2.1846625804901123
74;9;1;9.804623602266787;0.9999430038890722;0.9762479662895203;0.9739140272140503;0.2209482491016388;0.22044987976551056;0.05754935368895531;0.8660008907318115;0.32355794310569763;0.5526382923126221
74;9;2;9.200995728870094;0.9977034683040564;0.9762479662895203;0.9739140272140503;0.2209482491016388;0.22044987976551056;-0.039323776960372925;0.6904719471931458;0.265453040599823;0.5940181612968445
74;9;3;6.929095329495846;0.8910393743318838;0.9762479662895203;0.9739140272140503;0.2209482491016388;0.22044987976551056;0.5805341601371765;0.8578302264213562;-1.6904189586639404;2.2007601261138916
75;9;1;9.801528621404238;0.9999430038890509;0.9766505360603333;0.9744572639465332;0.21946069598197937;0.2185547947883606;0.06126248836517334;0.8702548146247864;0.3246672451496124;0.5530118942260742
75;9;2;9.207690964281436;0.9990173096336861;0.9766505360603333;0.9744572639465332;0.21946069598197937;0.2185547947883606;-0.041516512632369995;0.693972110748291;0.26751822233200073;0.6020224690437317
75;9;3;6.907324105358809;0.8800657571014305;0.9766505360603333;0.9744572639465332;0.21946069598197937;0.2185547947883606;0.584969162940979;0.8647995591163635;-1.701754093170166;2.2167904376983643
76;9;1;9.805218939524565;0.9999430038890509;0.9766505360603333;0.9749610424041748;0.21792703866958618;0.21662485599517822;0.06507208943367004;0.8744513988494873;0.32579097151756287;0.5533621907234192
76;9;2;9.214898899420024;0.9989422339160399;0.9766505360603333;0.9749610424041748;0.21792703866958618;0.21662485599517822;-0.04366757348179817;0.697452962398529;0.2695133686065674;0.6099002361297607
76;9;3;6.932936495351207;0.891964874353901;0.9766505360603333;0.9749610424041748;0.21792703866958618;0.21662485599517822;0.5893367528915405;0.8717559576034546;-1.713012933731079;2.232712507247925
77;9;1;9.80310364956707;0.9999430038890509;0.9778582453727722;0.9754745960235596;0.21653318405151367;0.21471545100212097;0.06892193853855133;0.8785656690597534;0.3268413245677948;0.5537962913513184
77;9;2;9.184280510003216;0.999942998123764;0.9778582453727722;0.9754745960235596;0.21653318405151367;0.21471545100212097;-0.045712269842624664;0.7009050846099854;0.2715478539466858;0.6178427934646606
77;9;3;6.895436113589232;0.8846851305872221;0.9778582453727722;0.9754745960235596;0.21653318405151367;0.21471545100212097;0.5936504602432251;0.8787253499031067;-1.7241933345794678;2.2485241889953613
78;9;1;9.796900140504995;0.9999430038890367;0.9778582453727722;0.9759635329246521;0.2153351902961731;0.21283623576164246;0.07278203964233398;0.882620096206665;0.3277800679206848;0.5542544722557068
78;9;2;9.200479814771345;0.9979303416469811;0.9778582453727722;0.9759635329246521;0.2153351902961731;0.21283623576164246;-0.04771282523870468;0.7043206095695496;0.2735964357852936;0.6258657574653625
78;9;3;6.898226569204272;0.9022841820137284;0.9778582453727722;0.9759635329246521;0.2153351902961731;0.21283623576164246;0.5978890657424927;0.8857124447822571;-1.735320806503296;2.2642605304718018
79;9;1;9.80116948441821;0.999943003889058;0.979066014289856;0.9764969348907471;0.21419909596443176;0.21097329258918762;0.07659143954515457;0.8866145610809326;0.32852286100387573;0.5547066330909729
79;9;2;9.220561720944755;0.9982408308210395;0.979066014289856;0.9764969348907471;0.21419909596443176;0.21097329258918762;-0.0496782548725605;0.7076739072799683;0.2756812870502472;0.6341097950935364
79;9;3;6.890755122926155;0.8942549219980549;0.979066014289856;0.9764969348907471;0.21419909596443176;0.21097329258918762;0.6020301580429077;0.8927211761474609;-1.7464215755462646;2.2799594402313232
80;9;1;9.798298030770269;0.9999430038890722;0.9798711538314819;0.9769660830497742;0.21304485201835632;0.20916292071342468;0.08027537167072296;0.8904926180839539;0.3289681375026703;0.5552718043327332
80;9;2;9.211585220719225;0.9978286162744361;0.9798711538314819;0.9769660830497742;0.21304485201835632;0.20916292071342468;-0.051510658115148544;0.7109308242797852;0.27794528007507324;0.6428436636924744
80;9;3;6.904481959282549;0.903730107583895;0.9798711538314819;0.9769660830497742;0.21304485201835632;0.20916292071342468;0.6060712337493896;0.899764895439148;-1.7575087547302246;2.2956392765045166
81;9;1;9.796901517837867;0.9999430038890722;0.9802737236022949;0.9773464202880859;0.21197907626628876;0.20738966763019562;0.0838051363825798;0.8942483067512512;0.3290598392486572;0.5559911131858826
81;9;2;9.213914837559855;0.9986403830572925;0.9802737236022949;0.9773464202880859;0.21197907626628876;0.20738966763019562;-0.05318455025553703;0.7140865325927734;0.2804282307624817;0.6521669626235962
81;9;3;6.922124234868972;0.893349069541058;0.9802737236022949;0.9773464202880859;0.21197907626628876;0.20738966763019562;0.6100219488143921;0.9068580865859985;-1.768589973449707;2.311310291290283
82;9;1;9.79066372753416;0.9999430038890651;0.9802737236022949;0.9778600335121155;0.2109811007976532;0.2056145966053009;0.08718903362751007;0.8979070782661438;0.32879766821861267;0.5568820238113403
82;9;2;9.21088896916967;0.9971758493635399;0.9802737236022949;0.9778600335121155;0.2109811007976532;0.2056145966053009;-0.054718002676963806;0.7171653509140015;0.2830972671508789;0.6620084047317505
82;9;3;6.90141821001532;0.9041200839097066;0.9802737236022949;0.9778600335121155;0.2109811007976532;0.2056145966053009;0.6139034628868103;0.9140145778656006;-1.7796671390533447;2.3269760608673096
83;9;1;9.795727248435966;0.9999430038890367;0.9810788631439209;0.9783884286880493;0.21002128720283508;0.20383772253990173;0.09044395387172699;0.9015070796012878;0.3281741738319397;0.5579431653022766
83;9;2;9.211071763743359;0.9984507723034319;0.9810788631439209;0.9783884286880493;0.21002128720283508;0.20383772253990173;-0.056115563958883286;0.7201982736587524;0.2859095335006714;0.672293484210968
83;9;3;6.901070213560896;0.8904431954715353;0.9810788631439209;0.9783884286880493;0.21002128720283508;0.20383772253990173;0.6177487373352051;0.9212475419044495;-1.7907373905181885;2.3426315784454346
84;9;1;9.795948245430552;0.9999430038890793;0.9810788631439209;0.9788427948951721;0.20910640060901642;0.20206190645694733;0.09360487759113312;0.9050976037979126;0.327257364988327;0.5591007471084595
84;9;2;9.236806863257407;0.9998508951013179;0.9810788631439209;0.9788427948951721;0.20910640060901642;0.20206190645694733;-0.05738555267453194;0.7232236266136169;0.2887991666793823;0.6829116344451904
84;9;3;6.898423929047654;0.8981757598836086;0.9810788631439209;0.9788427948951721;0.20910640060901642;0.20206190645694733;0.6215957403182983;0.9285661578178406;-1.801795482635498;2.3582701683044434
85;9;1;9.798998538141333;0.9999430038890509;0.9810788631439209;0.9793563485145569;0.20824114978313446;0.20029804110527039;0.09669623523950577;0.908715009689331;0.32610687613487244;0.5603050589561462
85;9;2;9.251553487805438;0.9994281587544691;0.9810788631439209;0.9793563485145569;0.20824114978313446;0.20029804110527039;-0.058523599058389664;0.7262730002403259;0.29171982407569885;0.693768322467804
85;9;3;6.91314003926853;0.9088563390046094;0.9810788631439209;0.9793563485145569;0.20824114978313446;0.20029804110527039;0.6254786252975464;0.9359722137451172;-1.8128397464752197;2.373889207839966
86;9;1;9.798304738444507;0.9999430038890154;0.9810789227485657;0.9799095392227173;0.2074456363916397;0.19854940474033356;0.09975267946720123;0.9123972058296204;0.324785053730011;0.5614755153656006
86;9;2;9.271817899131925;0.998498473877671;0.9810789227485657;0.9799095392227173;0.2074456363916397;0.19854940474033356;-0.05952935293316841;0.7293736934661865;0.2945995032787323;0.7047472596168518
86;9;3;6.924973099493876;0.8998433715837955;0.9810789227485657;0.9799095392227173;0.2074456363916397;0.19854940474033356;0.629417896270752;0.9434570670127869;-1.8238766193389893;2.3894972801208496
87;9;1;9.795358859153168;0.9999430038890154;0.9814814925193787;0.9803935289382935;0.20668837428092957;0.1968313455581665;0.10287167876958847;0.9162771701812744;0.3235050141811371;0.562244713306427
87;9;2;9.289096018935147;0.9977920321883715;0.9814814925193787;0.9803935289382935;0.20668837428092957;0.1968313455581665;-0.06057630851864815;0.7325804233551025;0.2971874475479126;0.7154412865638733
87;9;3;6.910755560845203;0.9030323139577856;0.9814814925193787;0.9803935289382935;0.20668837428092957;0.1968313455581665;0.6334128379821777;0.9510005712509155;-1.8349230289459229;2.4051196575164795
88;9;1;9.793806753880354;0.9999430038890367;0.9818840622901917;0.9809072017669678;0.20567786693572998;0.19512125849723816;0.10607651621103287;0.9203585982322693;0.3223242461681366;0.5626048445701599
88;9;2;9.292609961134698;0.9991123083674225;0.9818840622901917;0.9809072017669678;0.20567786693572998;0.19512125849723816;-0.061650414019823074;0.7359073162078857;0.29947468638420105;0.7258123159408569
88;9;3;6.91766068437299;0.8903198097118956;0.9818840622901917;0.9809072017669678;0.20567786693572998;0.19512125849723816;0.6374815702438354;0.9585983157157898;-1.8459749221801758;2.4207494258880615
89;9;1;9.804719173234837;0.9999430038890509;0.9818840622901917;0.9814356565475464;0.20441654324531555;0.19339625537395477;0.10935091972351074;0.9245956540107727;0.3212170898914337;0.5627207159996033
89;9;2;9.299252271886854;0.9986146396540683;0.9818840622901917;0.9814356565475464;0.20441654324531555;0.19339625537395477;-0.06268171221017838;0.73935467004776;0.30155229568481445;0.7359533309936523
89;9;3;6.922405163257297;0.9109486491655048;0.9818840622901917;0.9814356565475464;0.20441654324531555;0.19339625537395477;0.641649603843689;0.9662560224533081;-1.8570137023925781;2.4363605976104736
90;9;1;9.798540982661464;0.9999430038890651;0.9822866916656494;0.9819639921188354;0.20302726328372955;0.1916666328907013;0.11267485469579697;0.9289499521255493;0.3201373517513275;0.5627152323722839
90;9;2;9.287656543951883;0.998402956419163;0.9822866916656494;0.9819639921188354;0.20302726328372955;0.1916666328907013;-0.0636361837387085;0.7429122924804688;0.30349135398864746;0.7459527850151062
90;9;3;6.905186486550056;0.9034298514726053;0.9822866916656494;0.9819639921188354;0.20302726328372955;0.1916666328907013;0.6459225416183472;0.9739753603935242;-1.868028163909912;2.451936960220337
91;9;1;9.795032112637209;0.9999430038890722;0.9822866916656494;0.9823590517044067;0.20159479975700378;0.18993337452411652;0.1160132884979248;0.9333683252334595;0.3190203607082367;0.5627089142799377
91;9;2;9.279949239721958;0.9980176363547528;0.9822866916656494;0.9823590517044067;0.20159479975700378;0.18993337452411652;-0.06449882686138153;0.7465512752532959;0.3053625226020813;0.7559024691581726
91;9;3;6.926471434111464;0.9224242001112835;0.9822866916656494;0.9823590517044067;0.20159479975700378;0.18993337452411652;0.6502748727798462;0.9817479848861694;-1.879023551940918;2.46748685836792
92;9;1;9.806083560426664;0.9999430038890367;0.9822866916656494;0.9827245473861694;0.20017623901367188;0.18820784986019135;0.11934607475996017;0.9378454089164734;0.31784769892692566;0.5626310110092163
92;9;2;9.300846148838428;0.9991678580813996;0.9822866916656494;0.9827245473861694;0.20017623901367188;0.18820784986019135;-0.06532812118530273;0.7502407431602478;0.3071324825286865;0.7658118009567261
92;9;3;6.900615897605601;0.9202276706228343;0.9822866916656494;0.9827245473861694;0.20017623901367188;0.18820784986019135;0.6546545028686523;0.9895552396774292;-1.8900220394134521;2.4830410480499268
93;9;1;9.802262374516715;0.9999430038890225;0.9830918312072754;0.983060359954834;0.19869334995746613;0.1864851862192154;0.12266641110181808;0.9423608779907227;0.31664708256721497;0.5624123811721802
93;9;2;9.297776894174394;0.9995914409153208;0.9830918312072754;0.983060359954834;0.19869334995746613;0.1864851862192154;-0.06617087125778198;0.7539473176002502;0.30879494547843933;0.7757163643836975
93;9;3;6.905227755918876;0.9265761980702418;0.9830918312072754;0.983060359954834;0.19869334995746613;0.1864851862192154;0.6590129733085632;0.997383177280426;-1.901041030883789;2.498624324798584
94;9;1;9.802636634027905;0.9999430038890935;0.9834944009780884;0.9834110736846924;0.19703714549541473;0.18481028079986572;0.12589696049690247;0.9467993378639221;0.31527814269065857;0.562309205532074
94;9;2;9.282729148397497;0.9983070679083283;0.9834944009780884;0.9834110736846924;0.19703714549541473;0.18481028079986572;-0.0668855831027031;0.7576149106025696;0.31053435802459717;0.7859216928482056
94;9;3;6.890312304461563;0.9305033781483676;0.9834944009780884;0.9834110736846924;0.19703714549541473;0.18481028079986572;0.6633292436599731;1.0052311420440674;-1.9120774269104004;2.5142323970794678
95;9;1;9.8013041111696;0.9999430038890509;0.9834944009780884;0.9838060736656189;0.19552206993103027;0.183143749833107;0.12904877960681915;0.9511416554450989;0.31381088495254517;0.5623006820678711
95;9;2;9.265806791569617;0.9971171051749224;0.9834944009780884;0.9838060736656189;0.19552206993103027;0.183143749833107;-0.0675063356757164;0.7612302899360657;0.31235653162002563;0.7964112162590027
95;9;3;6.879154186903612;0.9105964383440117;0.9834944009780884;0.9838060736656189;0.19552206993103027;0.183143749833107;0.6675817370414734;1.0130935907363892;-1.9231321811676025;2.5298659801483154
96;9;1;9.79583385607254;0.9999430038890651;0.9834944009780884;0.9842061400413513;0.19406142830848694;0.1814902424812317;0.13212653994560242;0.9553792476654053;0.31225427985191345;0.5624178051948547
96;9;2;9.268171816266996;0.9969355319956179;0.9834944009780884;0.9842061400413513;0.19406142830848694;0.1814902424812317;-0.06805375963449478;0.7647915482521057;0.31425532698631287;0.807142436504364
96;9;3;6.878832807176449;0.9203626349998064;0.9834944009780884;0.9842061400413513;0.19406142830848694;0.1814902424812317;0.6717614531517029;1.0209656953811646;-1.9342005252838135;2.5455191135406494
97;9;1;9.80109462272;0.9999430038890651;0.9838969707489014;0.9845173358917236;0.19269105792045593;0.17984290421009064;0.13514788448810577;0.95951247215271;0.31064051389694214;0.562670886516571
97;9;2;9.280251337050725;0.9969567547029747;0.9838969707489014;0.9845173358917236;0.19269105792045593;0.17984290421009064;-0.06853868812322617;0.7683054208755493;0.3162215054035187;0.8180607557296753
97;9;3;6.8448273058664935;0.9222037917814667;0.9838969707489014;0.9845173358917236;0.19269105792045593;0.17984290421009064;0.675872802734375;1.0288432836532593;-1.9452736377716064;2.561178684234619
98;9;1;9.799192511188451;0.9999430038890722;0.9842995405197144;0.9848580956459045;0.191389799118042;0.17820806801319122;0.13813868165016174;0.9635634422302246;0.30900612473487854;0.5630166530609131
98;9;2;9.303612201698275;0.9994083476552298;0.9842995405197144;0.9848580956459045;0.191389799118042;0.17820806801319122;-0.06897049397230148;0.7717865109443665;0.318218469619751;0.8290969133377075
98;9;3;6.8321225183089815;0.9137961720819732;0.9842995405197144;0.9848580956459045;0.191389799118042;0.17820806801319122;0.6799284815788269;1.0367218255996704;-1.9563395977020264;2.5768282413482666
99;9;1;9.797398827868825;0.9999430038890651;0.9842995405197144;0.9851494431495667;0.19015395641326904;0.17658573389053345;0.1411224752664566;0.9675576090812683;0.3073887825012207;0.5634080171585083
99;9;2;9.294721372691402;0.9997272667863513;0.9842995405197144;0.9851494431495667;0.19015395641326904;0.17658573389053345;-0.06935679912567139;0.7752516865730286;0.32020649313926697;0.8401772379875183
99;9;3;6.8401294499761125;0.9293160725807521;0.9842995405197144;0.9851494431495667;0.19015395641326904;0.17658573389053345;0.683944582939148;1.04459547996521;-1.9673864841461182;2.5924508571624756
100;9;1;9.799699081638266;0.999943003889058;0.9847021102905273;0.9854556322097778;0.18897326290607452;0.1749839037656784;0.14412258565425873;0.971506655216217;0.3058238923549652;0.5638355016708374
100;9;2;9.3022208225673;0.9980018821511436;0.9847021102905273;0.9854556322097778;0.18897326290607452;0.1749839037656784;-0.06970369070768356;0.7787145376205444;0.3221646547317505;0.8512283563613892
100;9;3;6.8262848901143975;0.9307445638291973;0.9847021102905273;0.9854556322097778;0.18897326290607452;0.1749839037656784;0.6879340410232544;1.0524557828903198;-1.9784047603607178;2.6080334186553955
101;9;1;9.799595502994698;0.9999430038890296;0.9842995405197144;0.9857519268989563;0.18783994019031525;0.17341238260269165;0.14715708792209625;0.9754192233085632;0.30433547496795654;0.5642745494842529
101;9;2;9.299222660272818;0.9967164843754617;0.9842995405197144;0.9857519268989563;0.18783994019031525;0.17341238260269165;-0.07002317160367966;0.7821805477142334;0.32407146692276;0.8621922135353088
101;9;3;6.787543806450806;0.9341769705929792;0.9842995405197144;0.9857519268989563;0.18783994019031525;0.17341238260269165;0.6919001340866089;1.060291051864624;-1.989391803741455;2.6235716342926025
102;9;1;9.800243588736897;0.9999430038890438;0.9851046800613403;0.9859939813613892;0.1867338865995407;0.17186394333839417;0.15024757385253906;0.9793149828910828;0.30297186970710754;0.5646212697029114
102;9;2;9.300988893451333;0.9985846252450621;0.9851046800613403;0.9859939813613892;0.1867338865995407;0.17186394333839417;-0.0703372061252594;0.7856504917144775;0.3258834481239319;0.8730162382125854
102;9;3;6.772937428674647;0.9350609523559523;0.9851046800613403;0.9859939813613892;0.1867338865995407;0.17186394333839417;0.6958359479904175;1.0680873394012451;-2.0003507137298584;2.6390693187713623
103;9;1;9.800934115653803;0.9999430038890651;0.9851046800613403;0.9863840937614441;0.1856253743171692;0.17032858729362488;0.1533983051776886;0.983201265335083;0.3017531931400299;0.5648409128189087
103;9;2;9.309794014426789;0.9983263918900676;0.9851046800613403;0.9863840937614441;0.1856253743171692;0.17032858729362488;-0.07066571712493896;0.7891234755516052;0.32757771015167236;0.8836507201194763
103;9;3;6.774295359307942;0.9283150863932654;0.9851046800613403;0.9863840937614441;0.1856253743171692;0.17032858729362488;0.6997311115264893;1.075833797454834;-2.0112836360931396;2.6545310020446777
104;9;1;9.792204749973159;0.9999430038890651;0.9855072498321533;0.9866704940795898;0.1844593733549118;0.16881582140922546;0.15659701824188232;0.9871236681938171;0.30057260394096375;0.5648068785667419
104;9;2;9.311775210542674;0.999862118376857;0.9855072498321533;0.9866704940795898;0.1844593733549118;0.16881582140922546;-0.07103700935840607;0.7925903797149658;0.32907354831695557;0.8941442966461182
104;9;3;6.773338878822553;0.935531618233469;0.9855072498321533;0.9866704940795898;0.1844593733549118;0.16881582140922546;0.7035769820213318;1.0835243463516235;-2.022189140319824;2.6699538230895996
105;9;1;9.793850939910236;0.9999430038890935;0.9859098196029663;0.9868582487106323;0.18315811455249786;0.16731075942516327;0.159834623336792;0.9910637736320496;0.29941874742507935;0.5646033883094788
105;9;2;9.342257548899866;0.9999429573238849;0.9859098196029663;0.9868582487106323;0.18315811455249786;0.16731075942516327;-0.07144387066364288;0.7960512042045593;0.33041203022003174;0.9045124053955078
105;9;3;6.765998049430554;0.9323255069483185;0.9859098196029663;0.9868582487106323;0.18315811455249786;0.16731075942516327;0.7073805332183838;1.0911643505096436;-2.033052921295166;2.6853177547454834
106;9;1;9.799257615282478;0.9999430038891006;0.9859098196029663;0.9871447086334229;0.18176665902137756;0.16581837832927704;0.1631331741809845;0.995019793510437;0.29836174845695496;0.5642381310462952
106;9;2;9.37006524941647;0.9999346440287233;0.9859098196029663;0.9871447086334229;0.18176665902137756;0.16581837832927704;-0.07190440595149994;0.7995167374610901;0.3316231966018677;0.9147319197654724
106;9;3;6.779210993662472;0.9421664637065099;0.9859098196029663;0.9871447086334229;0.18176665902137756;0.16581837832927704;0.7111563086509705;1.0987651348114014;-2.043853759765625;2.700592279434204
107;9;1;9.79692370961262;0.9999430038890722;0.9863123893737793;0.9873273968696594;0.18028052151203156;0.16434180736541748;0.166466623544693;0.9989476799964905;0.29734006524086;0.5639340877532959
107;9;2;9.365424302963806;0.9999030357321672;0.9863123893737793;0.9873273968696594;0.18028052151203156;0.16434180736541748;-0.07238307595252991;0.8029876351356506;0.3328031003475189;0.9248636364936829
107;9;3;6.755790027023677;0.9377318355429107;0.9863123893737793;0.9873273968696594;0.18028052151203156;0.16434180736541748;0.7149239778518677;1.106343388557434;-2.054565906524658;2.7157416343688965
108;9;1;9.798049519135972;0.9999430038890651;0.9863123893737793;0.9875940680503845;0.17894111573696136;0.16290313005447388;0.1697697937488556;1.0027742385864258;0.29622480273246765;0.563938558101654
108;9;2;9.370452929467614;0.9979960961664283;0.9863123893737793;0.9875940680503845;0.17894111573696136;0.16290313005447388;-0.07277972996234894;0.8064374923706055;0.33408766984939575;0.9351103901863098
108;9;3;6.73958980155199;0.944988199046719;0.9863123893737793;0.9875940680503845;0.17894111573696136;0.16290313005447388;0.7186921834945679;1.113911747932434;-2.0651724338531494;2.730741500854492
109;9;1;9.788469919150572;0.9999430038890722;0.9867149591445923;0.9878509044647217;0.1776263415813446;0.16149990260601044;0.17302457988262177;1.0065057277679443;0.2950069010257721;0.5641874670982361
109;9;2;9.36000304818839;0.9998875067522484;0.9867149591445923;0.9878509044647217;0.1776263415813446;0.16149990260601044;-0.07313849776983261;0.8098497986793518;0.33545374870300293;0.9454813003540039
109;9;3;6.715868265807099;0.9338126619488545;0.9867149591445923;0.9878509044647217;0.1776263415813446;0.16149990260601044;0.7224341630935669;1.121465802192688;-2.0756847858428955;2.745607852935791
110;9;1;9.793950800980014;0.9999430038890651;0.9875200986862183;0.9881224632263184;0.17646285891532898;0.16013237833976746;0.1761625111103058;1.0100793838500977;0.2935335338115692;0.564816415309906
110;9;2;9.383245661739306;0.9975295039392762;0.9875200986862183;0.9881224632263184;0.17646285891532898;0.16013237833976746;-0.07340167462825775;0.8131758570671082;0.3369576930999756;0.956139326095581
110;9;3;6.676096069177429;0.9316788787774257;0.9875200986862183;0.9881224632263184;0.17646285891532898;0.16013237833976746;0.7261111736297607;1.128993272781372;-2.0861260890960693;2.760374069213867
111;9;1;9.793652135953039;0.999943003889058;0.9879226684570312;0.9883891940116882;0.17551761865615845;0.15878590941429138;0.17918378114700317;1.0135279893875122;0.29183611273765564;0.5656259655952454
111;9;2;9.382944893164403;0.9994288303999141;0.9879226684570312;0.9883891940116882;0.17551761865615845;0.15878590941429138;-0.07364781945943832;0.8163979649543762;0.3385022282600403;0.967006266117096
111;9;3;6.68968651737684;0.9408686228087397;0.9879226684570312;0.9883891940116882;0.17551761865615845;0.15878590941429138;0.7296740412712097;1.136470913887024;-2.096534013748169;2.7750930786132812
112;9;1;9.787743190857022;0.9999430038890651;0.9883252382278442;0.988601565361023;0.17465440928936005;0.15746189653873444;0.1821030080318451;1.0168746709823608;0.28996750712394714;0.5664704442024231
112;9;2;9.378270745490408;0.9991650488522055;0.9883252382278442;0.988601565361023;0.17465440928936005;0.15746189653873444;-0.073917455971241;0.8195101618766785;0.34001946449279785;0.9780033826828003
112;9;3;6.690526869980102;0.9484306628581223;0.9883252382278442;0.988601565361023;0.17465440928936005;0.15746189653873444;0.7330970168113708;1.1438783407211304;-2.106935977935791;2.7898037433624268
113;9;1;9.789693210942666;0.9999430038890864;0.9879226684570312;0.988794207572937;0.17378278076648712;0.15616604685783386;0.1849546879529953;1.020155429840088;0.28802689909935;0.5672014355659485
113;9;2;9.372218997244115;0.9988789040833304;0.9879226684570312;0.988794207572937;0.17378278076648712;0.15616604685783386;-0.07422253489494324;0.8225284814834595;0.34145498275756836;0.989046037197113
113;9;3;6.648879029682304;0.9362080101887624;0.9879226684570312;0.988794207572937;0.17378278076648712;0.15616604685783386;0.7363924980163574;1.1512047052383423;-2.1173384189605713;2.8045151233673096
114;9;1;9.78810556607938;0.9999430038890793;0.9875200986862183;0.9889373779296875;0.17283090949058533;0.15490692853927612;0.18776856362819672;1.0233908891677856;0.28607305884361267;0.5678466558456421
114;9;2;9.374865468025124;0.9987709139748766;0.9875200986862183;0.9889373779296875;0.17283090949058533;0.15490692853927612;-0.07453808188438416;0.8254891037940979;0.3428124189376831;1.0000405311584473
114;9;3;6.661947461282669;0.9479294745980695;0.9875200986862183;0.9889373779296875;0.17283090949058533;0.15490692853927612;0.7396091818809509;1.1584502458572388;-2.127723455429077;2.819201707839966
115;9;1;9.787113457070973;0.999943003889058;0.9875200986862183;0.9891250729560852;0.1718488335609436;0.1536875069141388;0.19057884812355042;1.0266133546829224;0.28416356444358826;0.568396270275116
115;9;2;9.368413937792809;0.9968217802874655;0.9875200986862183;0.9891250729560852;0.1718488335609436;0.1536875069141388;-0.07483094930648804;0.8284317851066589;0.3440890312194824;1.010921597480774
115;9;3;6.652989734190097;0.9435654145521806;0.9875200986862183;0.9891250729560852;0.1718488335609436;0.1536875069141388;0.7428072690963745;1.165618896484375;-2.1380653381347656;2.833827495574951
116;9;1;9.796501169198436;0.999943003889058;0.9879226684570312;0.9892979264259338;0.17087462544441223;0.1525028496980667;0.19340617954730988;1.0298501253128052;0.28233060240745544;0.5688507556915283
116;9;2;9.360852671876454;0.9990967296845845;0.9879226684570312;0.9892979264259338;0.17087462544441223;0.1525028496980667;-0.0750766471028328;0.831388533115387;0.3452796936035156;1.0216320753097534
116;9;3;6.620943228030754;0.9421550950421853;0.9879226684570312;0.9892979264259338;0.17087462544441223;0.1525028496980667;0.7460334300994873;1.1727123260498047;-2.148343324661255;2.848362684249878
117;9;1;9.791937755154201;0.9999430038890864;0.9883252382278442;0.9894559383392334;0.16996459662914276;0.15134243667125702;0.19627122581005096;1.0331209897994995;0.28063496947288513;0.5691521167755127
117;9;2;9.364945031964531;0.9970961490225925;0.9883252382278442;0.9894559383392334;0.16996459662914276;0.15134243667125702;-0.07528593391180038;0.8343737125396729;0.3463706970214844;1.0321197509765625
117;9;3;6.628797591719083;0.9429252880953278;0.9883252382278442;0.9894559383392334;0.16996459662914276;0.15134243667125702;0.7493035197257996;1.1797269582748413;-2.1585516929626465;2.8627994060516357
118;9;1;9.79208775037317;0.9999430038890793;0.9883252382278442;0.9896584153175354;0.16912420094013214;0.15019318461418152;0.19917388260364532;1.0364329814910889;0.27908918261528015;0.5692330002784729
118;9;2;9.357472546122175;0.9980234600122628;0.9883252382278442;0.9896584153175354;0.16912420094013214;0.15019318461418152;-0.07547419518232346;0.8373796939849854;0.3473479747772217;1.042384386062622
118;9;3;6.600532411505018;0.9496673536953804;0.9883252382278442;0.9896584153175354;0.16912420094013214;0.15019318461418152;0.7526039481163025;1.186657190322876;-2.1686973571777344;2.8771474361419678
119;9;1;9.794796777829191;0.9999430038890651;0.9887278079986572;0.9898362159729004;0.1682976931333542;0.1490628570318222;0.20209048688411713;1.039770483970642;0.27765679359436035;0.5690916180610657
119;9;2;9.341744263321818;0.99981732218993;0.9887278079986572;0.9898362159729004;0.1682976931333542;0.1490628570318222;-0.0756659209728241;0.8403830528259277;0.3482085168361664;1.0524640083312988
119;9;3;6.594804771688413;0.9513200711521979;0.9887278079986572;0.9898362159729004;0.1682976931333542;0.1490628570318222;0.7559019923210144;1.1934982538223267;-2.17879319190979;2.891425371170044
120;9;1;9.784823670301677;0.9999430038890651;0.9887278079986572;0.9899696111679077;0.1674513965845108;0.14795133471488953;0.20501931011676788;1.0431532859802246;0.2763654589653015;0.5686202645301819
120;9;2;9.358180120105757;0.9996926528670684;0.9887278079986572;0.9899696111679077;0.1674513965845108;0.14795133471488953;-0.07594882696866989;0.8433725833892822;0.3489062786102295;1.0623204708099365
120;9;3;6.577674958430057;0.9561443413603605;0.9887278079986572;0.9899696111679077;0.1674513965845108;0.14795133471488953;0.7591626048088074;1.2002497911453247;-2.188849449157715;2.905647039413452
121;9;1;9.783682980514499;0.9999430038890864;0.9891303777694702;0.9900881052017212;0.16647161543369293;0.1468532681465149;0.2079293578863144;1.046545386314392;0.2751487195491791;0.567939281463623
121;9;2;9.366517667185153;0.9998318433264295;0.9891303777694702;0.9900881052017212;0.16647161543369293;0.1468532681465149;-0.07630869746208191;0.8463307023048401;0.3494989275932312;1.072048306465149
121;9;3;6.581764803213442;0.9625656141555918;0.9891303777694702;0.9900881052017212;0.16647161543369293;0.1468532681465149;0.7623767852783203;1.206925868988037;-2.1988565921783447;2.9197990894317627
122;9;1;9.79127300594859;0.9999430038890793;0.9891303777694702;0.9902165532112122;0.16541549563407898;0.14577902853488922;0.210806205868721;1.0499361753463745;0.27397409081459045;0.5671455264091492
122;9;2;9.377317733317899;0.9968706824468363;0.9891303777694702;0.9902165532112122;0.16541549563407898;0.14577902853488922;-0.0767611712217331;0.8492593765258789;0.350036084651947;1.0816959142684937
122;9;3;6.547377346527664;0.956692483490551;0.9891303777694702;0.9902165532112122;0.16541549563407898;0.14577902853488922;0.7655596733093262;1.2135480642318726;-2.208789348602295;2.9338462352752686
123;9;1;9.80170450435292;0.9999430038890367;0.9899355173110962;0.9903597235679626;0.16431984305381775;0.14470942318439484;0.2136635035276413;1.0533123016357422;0.2728854715824127;0.5663641691207886
123;9;2;9.367392466970028;0.9996892581942767;0.9899355173110962;0.9903597235679626;0.16431984305381775;0.14470942318439484;-0.07730676233768463;0.8521782159805298;0.3505939841270447;1.091261863708496
123;9;3;6.506364741411417;0.9491079876640693;0.9899355173110962;0.9903597235679626;0.16431984305381775;0.14470942318439484;0.7687437534332275;1.2201447486877441;-2.2186121940612793;2.9477379322052
124;9;1;9.794405067660577;0.9999430038890722;0.9899355173110962;0.9905029535293579;0.16331236064434052;0.14364425837993622;0.21644878387451172;1.0566643476486206;0.271715372800827;0.5657433271408081
124;9;2;9.382581206116594;0.9999121924830092;0.9899355173110962;0.9905029535293579;0.16331236064434052;0.14364425837993622;-0.07788378745317459;0.8550846576690674;0.35122889280319214;1.1009196043014526
124;9;3;6.45892761806034;0.9484348062521999;0.9899355173110962;0.9905029535293579;0.16331236064434052;0.14364425837993622;0.7719654440879822;1.2267438173294067;-2.2282907962799072;2.961425304412842
125;9;1;9.795181883107901;0.9999430038890367;0.9899355173110962;0.9906610250473022;0.16250143945217133;0.1425943225622177;0.2191435545682907;1.0599652528762817;0.27041730284690857;0.5654315948486328
125;9;2;9.341758643546633;0.9979691194315983;0.9899355173110962;0.9906610250473022;0.16250143945217133;0.1425943225622177;-0.0784580186009407;0.857978880405426;0.3520162105560303;1.1107487678527832
125;9;3;6.464617135608602;0.957346576009229;0.9899355173110962;0.9906610250473022;0.16250143945217133;0.1425943225622177;0.7752480506896973;1.233364462852478;-2.2378032207489014;2.9748780727386475
126;9;1;9.788725948268436;0.9999430038890651;0.9903380870819092;0.9908338785171509;0.1619728058576584;0.14156024158000946;0.22172708809375763;1.0631890296936035;0.2689427435398102;0.5655105113983154
126;9;2;9.30363727040153;0.9999394769880539;0.9903380870819092;0.9908338785171509;0.1619728058576584;0.14156024158000946;-0.07899535447359085;0.8608489036560059;0.35300061106681824;1.1208198070526123
126;9;3;6.431150818406197;0.9477993162267637;0.9903380870819092;0.9908338785171509;0.1619728058576584;0.14156024158000946;0.77858966588974;1.2400121688842773;-2.247150182723999;2.9880967140197754
127;9;1;9.794035146630762;0.9999430038890935;0.9903380870819092;0.9910017848014832;0.16189254820346832;0.14053663611412048;0.22418415546417236;1.0663686990737915;0.2672586143016815;0.5657937526702881
127;9;2;9.312067150633506;0.9990772392495728;0.9903380870819092;0.9910017848014832;0.16189254820346832;0.14053663611412048;-0.07952889055013657;0.8636752367019653;0.3541010022163391;1.1311644315719604
127;9;3;6.418703544077037;0.9628720961652135;0.9903380870819092;0.9910017848014832;0.16189254820346832;0.14053663611412048;0.7819609642028809;1.2466776371002197;-2.256356716156006;3.0011165142059326
128;9;1;9.788286719531044;0.9999430038890864;0.9903380870819092;0.9911104440689087;0.16190892457962036;0.13950961828231812;0.22651465237140656;1.0695197582244873;0.2653912603855133;0.566165030002594
128;9;2;9.311501143468565;0.9999324044621787;0.9903380870819092;0.9911104440689087;0.16190892457962036;0.13950961828231812;-0.08009584993124008;0.8664467334747314;0.35526227951049805;1.141729474067688
128;9;3;6.382516765185903;0.9511773160488666;0.9903380870819092;0.9911104440689087;0.16190892457962036;0.13950961828231812;0.7853289842605591;1.2533435821533203;-2.2654550075531006;3.0139834880828857
129;9;1;9.793404474982644;0.9999430038890651;0.9903380870819092;0.991327702999115;0.16195502877235413;0.13848835229873657;0.22872860729694366;1.0726501941680908;0.26337453722953796;0.5665322542190552
129;9;2;9.317511619622962;0.9998829459561911;0.9903380870819092;0.991327702999115;0.16195502877235413;0.13848835229873657;-0.08069556206464767;0.8691573739051819;0.356447696685791;1.152477502822876
129;9;3;6.4152711241441445;0.9578078571519981;0.9903380870819092;0.991327702999115;0.16195502877235413;0.13848835229873657;0.7886762619018555;1.2599940299987793;-2.2744710445404053;3.0267341136932373
130;9;1;9.79387722241222;0.999943003888994;0.9907406568527222;0.9915351271629333;0.16208268702030182;0.137485533952713;0.2307898998260498;1.0757434368133545;0.2610960006713867;0.567139208316803
130;9;2;9.329920036294634;0.998155985930925;0.9907406568527222;0.9915351271629333;0.16208268702030182;0.137485533952713;-0.08130552619695663;0.8718221187591553;0.35767215490341187;1.1632996797561646
130;9;3;6.419958986503756;0.9575559268338978;0.9907406568527222;0.9915351271629333;0.16208268702030182;0.137485533952713;0.7920054793357849;1.266615867614746;-2.283419609069824;3.0393893718719482
131;9;1;9.793027533537362;0.9999430038890651;0.9907406568527222;0.9916931986808777;0.1623464673757553;0.13650193810462952;0.2327551692724228;1.0788718461990356;0.25870567560195923;0.5677318572998047
131;9;2;9.308175703364135;0.9982783573414693;0.9907406568527222;0.9916931986808777;0.1623464673757553;0.13650193810462952;-0.08198727667331696;0.8744719624519348;0.35882455110549927;1.1740148067474365
131;9;3;6.399407346773385;0.9534179334814219;0.9907406568527222;0.9916931986808777;0.1623464673757553;0.13650193810462952;0.7953219413757324;1.2731918096542358;-2.2923173904418945;3.0519726276397705
132;9;1;9.784460556992116;0.9999430038890651;0.9907406568527222;0.9918758869171143;0.1626143753528595;0.13553354144096375;0.23464155197143555;1.082052230834961;0.2562352418899536;0.568313479423523
132;9;2;9.303365369958534;0.9995268353205802;0.9907406568527222;0.9918758869171143;0.1626143753528595;0.13553354144096375;-0.08271101862192154;0.8771300911903381;0.35988903045654297;1.1845357418060303
132;9;3;6.390301015251282;0.9616071872026861;0.9907406568527222;0.9918758869171143;0.1626143753528595;0.13553354144096375;0.7986473441123962;1.279710292816162;-2.3011698722839355;3.0644919872283936
133;9;1;9.791826216787264;0.999943003889058;0.9899355173110962;0.9920635223388672;0.16297809779644012;0.13457819819450378;0.23648248612880707;1.085331678390503;0.2537396550178528;0.5687009692192078
133;9;2;9.339793756390378;0.9996048255529537;0.9899355173110962;0.9920635223388672;0.16297809779644012;0.13457819819450378;-0.08345794677734375;0.8798143267631531;0.36079639196395874;1.1948336362838745
133;9;3;6.394715059760255;0.9534156548829547;0.9899355173110962;0.9920635223388672;0.16297809779644012;0.13457819819450378;0.802004337310791;1.2861617803573608;-2.309979200363159;3.0769503116607666
134;9;1;9.781935498856164;0.9999430038891148;0.9891303777694702;0.992241382598877;0.16337257623672485;0.1336335837841034;0.23824071884155273;1.088681936264038;0.25109806656837463;0.5689845085144043
134;9;2;9.32603686722834;0.9999430038693902;0.9891303777694702;0.992241382598877;0.16337257623672485;0.1336335837841034;-0.0841313898563385;0.8825094103813171;0.3615846335887909;1.2050515413284302
134;9;3;6.4144994809507825;0.9595399424572886;0.9891303777694702;0.992241382598877;0.16337257623672485;0.1336335837841034;0.8054132461547852;1.29254150390625;-2.3187432289123535;3.0893445014953613
135;9;1;9.778206237149192;0.9999430038890722;0.9895329475402832;0.9923944473266602;0.16371741890907288;0.13269656896591187;0.2399374544620514;1.0921093225479126;0.24835696816444397;0.5691043138504028
135;9;2;9.333534397148103;0.9999430038893671;0.9895329475402832;0.9923944473266602;0.16371741890907288;0.13269656896591187;-0.08473469316959381;0.885218620300293;0.3622332513332367;1.2151479721069336
135;9;3;6.416093181901697;0.9670146953301746;0.9895329475402832;0.9923944473266602;0.16371741890907288;0.13269656896591187;0.8088693022727966;1.2988402843475342;-2.327470064163208;3.1016860008239746
136;9;1;9.781199181282041;0.9999430038891077;0.9883252382278442;0.9924982190132141;0.1640319526195526;0.13176806271076202;0.2416210174560547;1.0956405401229858;0.24565362930297852;0.5688706040382385
136;9;2;9.34390714688536;0.9999430038893422;0.9883252382278442;0.9924982190132141;0.1640319526195526;0.13176806271076202;-0.08533990383148193;0.8879446387290955;0.3626771569252014;1.2250276803970337
136;9;3;6.4046914783681;0.9670266271111068;0.9883252382278442;0.9924982190132141;0.1640319526195526;0.13176806271076202;0.8123476505279541;1.3050485849380493;-2.3361740112304688;3.113995313644409
137;9;1;9.780746932188492;0.999943003889058;0.9879226684570312;0.9925820827484131;0.16423636674880981;0.13085170090198517;0.2432563304901123;1.0992504358291626;0.24290375411510468;0.5684301853179932
137;9;2;9.35026814717542;0.9995999840110628;0.9879226684570312;0.9925820827484131;0.16423636674880981;0.13085170090198517;-0.08595728874206543;0.8906785845756531;0.3629307150840759;1.2346843481063843
137;9;3;6.363854867981075;0.9573638026872793;0.9879226684570312;0.9925820827484131;0.16423636674880981;0.13085170090198517;0.8158291578292847;1.3111652135849;-2.3448591232299805;3.1262779235839844
138;9;1;9.790140317641423;0.9999430038890722;0.9879226684570312;0.9927055835723877;0.16442127525806427;0.12991490960121155;0.24481625854969025;1.1029322147369385;0.24007712304592133;0.567782998085022
138;9;2;9.334780809663233;0.9982615181158749;0.9879226684570312;0.9927055835723877;0.16442127525806427;0.12991490960121155;-0.08659183979034424;0.8934065103530884;0.36299917101860046;1.2441797256469727
138;9;3;6.361927637989771;0.9585008385189102;0.9879226684570312;0.9927055835723877;0.16442127525806427;0.12991490960121155;0.8193016052246094;1.3171966075897217;-2.3535192012786865;3.1385250091552734
139;9;1;9.785158178371347;0.9999430038890438;0.9883252382278442;0.9928044080734253;0.16460302472114563;0.12895292043685913;0.2463473379611969;1.106674313545227;0.2372419834136963;0.56684410572052
139;9;2;9.343584273099275;0.999943003889431;0.9883252382278442;0.9928044080734253;0.16460302472114563;0.12895292043685913;-0.08723874390125275;0.8961198329925537;0.36289334297180176;1.2535938024520874
139;9;3;6.3494862200132935;0.9583048653234858;0.9883252382278442;0.9928044080734253;0.16460302472114563;0.12895292043685913;0.8227679133415222;1.3231555223464966;-2.362137794494629;3.1507136821746826
140;9;1;9.795527312121905;0.9999430038890509;0.9879226684570312;0.9928833842277527;0.16452856361865997;0.12798656523227692;0.24791736900806427;1.110560417175293;0.23453524708747864;0.5653858184814453
140;9;2;9.319750032949795;0.9999430038893813;0.9879226684570312;0.9928833842277527;0.16452856361865997;0.12798656523227692;-0.08802061527967453;0.8988579511642456;0.36252135038375854;1.2627887725830078
140;9;3;6.323919914879266;0.9707255893181781;0.9879226684570312;0.9928833842277527;0.16452856361865997;0.12798656523227692;0.8262432813644409;1.3290613889694214;-2.3706870079040527;3.162804126739502
141;9;1;9.792808805971902;0.9999430038890367;0.9879226684570312;0.9929722547531128;0.16399861872196198;0.12701940536499023;0.2495230734348297;1.11451256275177;0.2319115847349167;0.5637922286987305
141;9;2;9.289954131519679;0.999565632974651;0.9879226684570312;0.9929722547531128;0.16399861872196198;0.12701940536499023;-0.08884799480438232;0.9016335606575012;0.36206579208374023;1.2718585729599
141;9;3;6.287674693126071;0.973473785598749;0.9879226684570312;0.9929722547531128;0.16399861872196198;0.12701940536499023;0.8297749757766724;1.3349496126174927;-2.3791136741638184;3.1747212409973145
142;9;1;9.78782840722269;0.9999429784305391;0.9875200986862183;0.9931204915046692;0.16325917840003967;0.12609820067882538;0.251144140958786;1.1184629201889038;0.22929386794567108;0.5623789429664612
142;9;2;9.287469787394837;0.9997459458891669;0.9875200986862183;0.9931204915046692;0.16325917840003967;0.12609820067882538;-0.08963999897241592;0.9044481515884399;0.3616721034049988;1.2809504270553589
142;9;3;6.283837727899083;0.971095193325132;0.9875200986862183;0.9931204915046692;0.16325917840003967;0.12609820067882538;0.8334035873413086;1.3408561944961548;-2.3873682022094727;3.186394691467285
143;9;1;9.783857179287764;0.999821085918569;0.9863123297691345;0.993219256401062;0.1624619960784912;0.12519186735153198;0.2527415454387665;1.1223936080932617;0.2266058474779129;0.5613458752632141
143;9;2;9.249945891575262;0.9996543757776877;0.9863123297691345;0.993219256401062;0.1624619960784912;0.12519186735153198;-0.09042711555957794;0.9073058366775513;0.3613898754119873;1.290083885192871
143;9;3;6.245699798884981;0.9654366535599443;0.9863123297691345;0.993219256401062;0.1624619960784912;0.12519186735153198;0.8371353149414062;1.3468055725097656;-2.3954250812530518;3.197788953781128
144;9;1;9.785831250447515;0.9977974904498552;0.9863123297691345;0.9933772087097168;0.16150006651878357;0.12427391111850739;0.25429317355155945;1.1262437105178833;0.22381582856178284;0.5608165264129639
144;9;2;9.25225262552043;0.9978962941285161;0.9863123297691345;0.9933772087097168;0.16150006651878357;0.12427391111850739;-0.09120016545057297;0.9101738929748535;0.36127525568008423;1.2993742227554321
144;9;3;6.223560699270811;0.964948342510958;0.9863123297691345;0.9933772087097168;0.16150006651878357;0.12427391111850739;0.8409404158592224;1.3528095483779907;-2.4032862186431885;3.2089061737060547
145;9;1;9.792278163205168;0.9994104201644447;0.9871175289154053;0.9935057163238525;0.16054268181324005;0.12336321175098419;0.2558087706565857;1.1300238370895386;0.2209518402814865;0.5604882836341858
145;9;2;9.254860914104217;0.9998851197812044;0.9871175289154053;0.9935057163238525;0.16054268181324005;0.12336321175098419;-0.09200543165206909;0.913007378578186;0.36124464869499207;1.3089359998703003
145;9;3;6.190611440219811;0.9673919933997617;0.9871175289154053;0.9935057163238525;0.16054268181324005;0.12336321175098419;0.8447651863098145;1.3588632345199585;-2.4109787940979004;3.219785213470459
146;9;1;9.791220173760848;0.9999416514730086;0.9879226684570312;0.9936389923095703;0.15970942378044128;0.12250080704689026;0.25721290707588196;1.1336452960968018;0.21783795952796936;0.5605869889259338
146;9;2;9.259342217492797;0.9999430038536836;0.9879226684570312;0.9936389923095703;0.15970942378044128;0.12250080704689026;-0.09277135133743286;0.9157529473304749;0.3613780438899994;1.3189269304275513
146;9;3;6.171044332066867;0.9651962090458444;0.9879226684570312;0.9936389923095703;0.15970942378044128;0.12250080704689026;0.8485665321350098;1.3649593591690063;-2.4185290336608887;3.2304627895355225
147;9;1;9.787881093063135;0.9999430038308361;0.9887278079986572;0.9937032461166382;0.15916229784488678;0.12165481597185135;0.258522093296051;1.137101173400879;0.21453581750392914;0.5610332489013672
147;9;2;9.2448904310526;0.9998718014889754;0.9887278079986572;0.9937032461166382;0.15916229784488678;0.12165481597185135;-0.09351055324077606;0.9183987379074097;0.36165547370910645;1.329284906387329
147;9;3;6.160751192089384;0.9679813742829495;0.9887278079986572;0.9937032461166382;0.15916229784488678;0.12165481597185135;0.8523077964782715;1.371079683303833;-2.4259698390960693;3.240985631942749
148;9;1;9.793868988992415;0.9999430038890438;0.9887278079986572;0.9938119053840637;0.15908019244670868;0.12081190943717957;0.25975358486175537;1.1404438018798828;0.21110425889492035;0.5615928173065186
148;9;2;9.2363916226438;0.999941277715628;0.9887278079986572;0.9938119053840637;0.15908019244670868;0.12081190943717957;-0.09427379816770554;0.9209483861923218;0.3619684875011444;1.3398971557617188
148;9;3;6.14503316430514;0.9615630517008746;0.9887278079986572;0.9938119053840637;0.15908019244670868;0.12081190943717957;0.8559660315513611;1.377199649810791;-2.4333341121673584;3.2514004707336426
149;9;1;9.792449552690854;0.9999430038890154;0.9891303777694702;0.9939451813697815;0.1591057926416397;0.11996717751026154;0.26092588901519775;1.1437287330627441;0.20762871205806732;0.562157392501831
149;9;2;9.23694431644838;0.9993625668864681;0.9891303777694702;0.9939451813697815;0.1591057926416397;0.11996717751026154;-0.09509596228599548;0.9234345555305481;0.3622356355190277;1.3505765199661255
149;9;3;6.148216694560677;0.9634487648959649;0.9891303777694702;0.9939451813697815;0.1591057926416397;0.11996717751026154;0.8595476150512695;1.3832978010177612;-2.4406399726867676;3.261732578277588
150;9;1;9.79852459402467;0.9999429391839243;0.9887278079986572;0.994053840637207;0.15919527411460876;0.11913277953863144;0.26204800605773926;1.1469987630844116;0.20411109924316406;0.5627060532569885
150;9;2;9.231496881745542;0.9983861023112226;0.9887278079986572;0.994053840637207;0.15919527411460876;0.11913277953863144;-0.09595482796430588;0.925891637802124;0.3624083995819092;1.3612152338027954
150;9;3;6.13965046049994;0.9561828628507492;0.9887278079986572;0.994053840637207;0.15919527411460876;0.11913277953863144;0.863085925579071;1.389359951019287;-2.4478890895843506;3.271984338760376
151;9;1;9.789461215185781;0.9995047610498631;0.9887278079986572;0.994231641292572;0.15936824679374695;0.11828721314668655;0.2631745934486389;1.1502940654754639;0.20065470039844513;0.5631683468818665
151;9;2;9.251260500925408;0.9999127812722506;0.9887278079986572;0.994231641292572;0.15936824679374695;0.11828721314668655;-0.09681648761034012;0.9283621311187744;0.3624677062034607;1.3716977834701538
151;9;3;6.131191512594977;0.9684310947438455;0.9887278079986572;0.994231641292572;0.15936824679374695;0.11828721314668655;0.8666256666183472;1.3953769207000732;-2.455073356628418;3.28214430809021
152;9;1;9.790101661948945;0.9981116126483158;0.9887278079986572;0.9943451881408691;0.15959009528160095;0.11741656810045242;0.2642744183540344;1.1536686420440674;0.1971435695886612;0.5635166764259338
152;9;2;9.217664989700555;0.9985796838538263;0.9887278079986572;0.9943451881408691;0.15959009528160095;0.11741656810045242;-0.09766776114702225;0.9308703541755676;0.36234185099601746;1.3820019960403442
152;9;3;6.128749320179772;0.9651308445119131;0.9887278079986572;0.9943451881408691;0.15959009528160095;0.11741656810045242;0.8702037334442139;1.4013431072235107;-2.4621849060058594;3.292201519012451
153;9;1;9.784789582087;0.9999336995905992;0.9883252382278442;0.9944686889648438;0.15960054099559784;0.11651894450187683;0.26536768674850464;1.1571608781814575;0.19360293447971344;0.5636348128318787
153;9;2;9.213551089553722;0.9972713517296157;0.9883252382278442;0.9944686889648438;0.15960054099559784;0.11651894450187683;-0.09850373864173889;0.9334331154823303;0.3619861304759979;1.39210844039917
153;9;3;6.106510263195739;0.9737765350670422;0.9883252382278442;0.9944686889648438;0.15960054099559784;0.11651894450187683;0.8738434314727783;1.4072556495666504;-2.4692184925079346;3.3021485805511475
154;9;1;9.793860751001162;0.9999430038653543;0.9883252382278442;0.9945625066757202;0.15941749513149261;0.11559227854013443;0.26647254824638367;1.1607834100723267;0.190054252743721;0.5634492635726929
154;9;2;9.227739299991093;0.9999428347048962;0.9883252382278442;0.9945625066757202;0.15941749513149261;0.11559227854013443;-0.09932674467563629;0.9360529184341431;0.36136549711227417;1.4020341634750366
154;9;3;6.111668673585488;0.9732478444932049;0.9883252382278442;0.9945625066757202;0.15941749513149261;0.11559227854013443;0.8775531649589539;1.4131138324737549;-2.4761717319488525;3.3119819164276123
155;9;1;9.79608955853589;0.9999430038890864;0.9883252382278442;0.9947057366371155;0.15910662710666656;0.11466924101114273;0.2675972580909729;1.1645182371139526;0.18652784824371338;0.563011646270752
155;9;2;9.21486962465815;0.9999430038894523;0.9883252382278442;0.9947057366371155;0.15910662710666656;0.11466924101114273;-0.10013505816459656;0.9387291669845581;0.3605090379714966;1.411781668663025
155;9;3;6.085984204863129;0.9713915773882569;0.9883252382278442;0.9947057366371155;0.15910662710666656;0.11466924101114273;0.8813302516937256;1.4189223051071167;-2.4830403327941895;3.321695566177368
156;9;1;9.790865829231535;0.9999430038890793;0.9883252382278442;0.9947847723960876;0.15862931311130524;0.11375457793474197;0.26873329281806946;1.1683326959609985;0.1830100268125534;0.5623841285705566
156;9;2;9.221935312689588;0.9999430038893884;0.9883252382278442;0.9947847723960876;0.15862931311130524;0.11375457793474197;-0.10093053430318832;0.9414446353912354;0.35945022106170654;1.4214119911193848
156;9;3;6.067297427462334;0.9725885056137074;0.9883252382278442;0.9947847723960876;0.15862931311130524;0.11375457793474197;0.8851608037948608;1.4246881008148193;-2.489820957183838;3.331284761428833
157;9;1;9.79109257816598;0.9999430038890651;0.9887278079986572;0.9948687553405762;0.15761831402778625;0.11284542828798294;0.2698458135128021;1.1722064018249512;0.1794208437204361;0.5615573525428772
157;9;2;9.209598049695956;0.9999293825283573;0.9887278079986572;0.9948687553405762;0.15761831402778625;0.11284542828798294;-0.10173728317022324;0.9441669583320618;0.35818028450012207;1.431052327156067
157;9;3;6.045084466609248;0.9676187489296364;0.9887278079986572;0.9948687553405762;0.15761831402778625;0.11284542828798294;0.8890243768692017;1.4304208755493164;-2.4965107440948486;3.340745687484741
158;9;1;9.788094113607364;0.9999430038890438;0.9887278079986572;0.9949181079864502;0.15651986002922058;0.11195331066846848;0.27093490958213806;1.1761239767074585;0.1756749153137207;0.5605113506317139
158;9;2;9.178948498912654;0.9979639063735668;0.9887278079986572;0.9949181079864502;0.15651986002922058;0.11195331066846848;-0.10254481434822083;0.9468774795532227;0.35677096247673035;1.4407775402069092
158;9;3;6.019934953573898;0.9713592022162736;0.9887278079986572;0.9949181079864502;0.15651986002922058;0.11195331066846848;0.8929092884063721;1.436132788658142;-2.503101348876953;3.3500661849975586
159;9;1;9.794867201654327;0.999943003889129;0.9891303777694702;0.995002031326294;0.15539680421352386;0.11101646721363068;0.27194705605506897;1.1800758838653564;0.1716424524784088;0.5592461824417114
159;9;2;9.169968429527096;0.9981146903094178;0.9891303777694702;0.995002031326294;0.15539680421352386;0.11101646721363068;-0.10336040705442429;0.949550449848175;0.3552117347717285;1.4507358074188232
159;9;3;5.979307037197858;0.9685857788154237;0.9891303777694702;0.995002031326294;0.15539680421352386;0.11101646721363068;0.8968132734298706;1.441837191581726;-2.509580135345459;3.3592286109924316
160;9;1;9.783054654156246;0.9999430038890509;0.9891303777694702;0.9950910210609436;0.15426751971244812;0.11008699238300323;0.2728980779647827;1.1840510368347168;0.16735461354255676;0.5578247308731079
160;9;2;9.1597199032133;0.9999430038893848;0.9891303777694702;0.9950910210609436;0.15426751971244812;0.11008699238300323;-0.10418425500392914;0.9521941542625427;0.35355159640312195;1.4609326124191284
160;9;3;5.956935760660921;0.967151691199895;0.9891303777694702;0.9950910210609436;0.15426751971244812;0.11008699238300323;0.9007503390312195;1.4475492238998413;-2.5159265995025635;3.36820387840271
161;9;1;9.782658876232148;0.9999430038890793;0.9891303777694702;0.9951255917549133;0.15314128994941711;0.10915887355804443;0.27379941940307617;1.1880245208740234;0.16281470656394958;0.5563457608222961
161;9;2;9.158981036009646;0.9999429794831656;0.9891303777694702;0.9951255917549133;0.15314128994941711;0.10915887355804443;-0.10498536378145218;0.9548140168190002;0.35184282064437866;1.4714123010635376
161;9;3;5.9592932857220156;0.9755294068400726;0.9891303777694702;0.9951255917549133;0.15314128994941711;0.10915887355804443;0.9047414660453796;1.4532819986343384;-2.5221192836761475;3.3769617080688477
162;9;1;9.78567053813687;0.9999430038888732;0.9891303777694702;0.995194673538208;0.1520983725786209;0.10822676122188568;0.2746686637401581;1.1919749975204468;0.15803925693035126;0.5548698902130127
162;9;2;9.141324864303826;0.9999201947369158;0.9891303777694702;0.995194673538208;0.1520983725786209;0.10822676122188568;-0.10573390871286392;0.9574131369590759;0.35012087225914;1.4822064638137817
162;9;3;5.926404206995269;0.975036913573593;0.9891303777694702;0.995194673538208;0.1520983725786209;0.10822676122188568;0.9088020324707031;1.4590421915054321;-2.5281448364257812;3.3854830265045166
163;9;1;9.78539488257745;0.999943003878677;0.9895329475402832;0.9952194094657898;0.15095733106136322;0.10732059180736542;0.2755438983440399;1.1958856582641602;0.15315666794776917;0.5534120798110962
163;9;2;9.131960417522919;0.9998799924558455;0.9895329475402832;0.9952194094657898;0.15095733106136322;0.10732059180736542;-0.10642018914222717;0.9599992036819458;0.3484165072441101;1.4932740926742554
163;9;3;5.916435613332524;0.9773263574220792;0.9895329475402832;0.9952194094657898;0.15095733106136322;0.10732059180736542;0.9129338264465332;1.4648287296295166;-2.5340018272399902;3.393765926361084
164;9;1;9.781172138702829;0.999935089738841;0.9899355173110962;0.9952787160873413;0.14990834891796112;0.10644953697919846;0.2764532268047333;1.1997394561767578;0.14825336635112762;0.5519786477088928
164;9;2;9.107914167657121;0.9999422831642519;0.9899355173110962;0.9952787160873413;0.14990834891796112;0.10644953697919846;-0.10703888535499573;0.9625727534294128;0.3467526137828827;1.5045593976974487
164;9;3;5.894522233100437;0.9767824976493635;0.9899355173110962;0.9952787160873413;0.14990834891796112;0.10644953697919846;0.9171215891838074;1.4706343412399292;-2.5397024154663086;3.4018280506134033
165;9;1;9.778918791026761;0.9999426559492264;0.9903380870819092;0.9953774213790894;0.1490461528301239;0.10560508072376251;0.2773910462856293;1.2035284042358398;0.14336498081684113;0.5505484342575073
165;9;2;9.127970539982766;0.999635222675348;0.9903380870819092;0.9953774213790894;0.1490461528301239;0.10560508072376251;-0.10761129856109619;0.9651233553886414;0.34510359168052673;1.5160118341445923
165;9;3;5.89301487089787;0.9691142775669839;0.9903380870819092;0.9953774213790894;0.1490461528301239;0.10560508072376251;0.9213339686393738;1.4764450788497925;-2.545271635055542;3.4097039699554443
166;9;1;9.781812445833324;0.9999429822098662;0.9903380870819092;0.9954120516777039;0.14828576147556305;0.10478220880031586;0.27835556864738464;1.2072441577911377;0.1385309398174286;0.549083411693573
166;9;2;9.10539354190967;0.999932603800513;0.9903380870819092;0.9954120516777039;0.14828576147556305;0.10478220880031586;-0.10816699266433716;0.9676369428634644;0.3434320092201233;1.5275771617889404
166;9;3;5.873865312814447;0.973079074772782;0.9903380870819092;0.9954120516777039;0.14828576147556305;0.10478220880031586;0.9255329370498657;1.4822428226470947;-2.5507404804229736;3.417438268661499
167;9;1;9.778415470235643;0.9999429029141922;0.9903380870819092;0.9954564571380615;0.14758232235908508;0.10399479418992996;0.2793709933757782;1.210873007774353;0.13386890292167664;0.5475265383720398
167;9;2;9.112234417497469;0.999886498691474;0.9903380870819092;0.9954564571380615;0.14758232235908508;0.10399479418992996;-0.10873474180698395;0.9701008796691895;0.34169501066207886;1.5392043590545654
167;9;3;5.850102059443657;0.9745091997392645;0.9903380870819092;0.9954564571380615;0.14758232235908508;0.10399479418992996;0.9296849966049194;1.4880106449127197;-2.5561375617980957;3.4250707626342773
168;9;1;9.780170654564188;0.9999426946948446;0.9907406568527222;0.9955551624298096;0.14689721167087555;0.1032431423664093;0.28046122193336487;1.2144218683242798;0.12946239113807678;0.5457647442817688
168;9;2;9.11349268605938;0.9976439587355941;0.9907406568527222;0.9955551624298096;0.14689721167087555;0.1032431423664093;-0.10932912677526474;0.9725098609924316;0.3398685157299042;1.5508469343185425
168;9;3;5.831950662370826;0.9725399272000388;0.9907406568527222;0.9955551624298096;0.14689721167087555;0.1032431423664093;0.9337698817253113;1.4937349557876587;-2.5614821910858154;3.432629108428955
169;9;1;9.78461714143696;0.9999422822715047;0.9907406568527222;0.9956095218658447;0.14618414640426636;0.10249817371368408;0.2816028296947479;1.21791410446167;0.12522517144680023;0.543755292892456
169;9;2;9.09971440955233;0.9977418914305787;0.9907406568527222;0.9956095218658447;0.14618414640426636;0.10249817371368408;-0.1099424734711647;0.9748669862747192;0.33796173334121704;1.5624687671661377
169;9;3;5.832895476348025;0.970906763469376;0.9907406568527222;0.9956095218658447;0.14618414640426636;0.10249817371368408;0.9377843737602234;1.4994096755981445;-2.5667805671691895;3.440122365951538
170;9;1;9.788547700190321;0.9999400062060175;0.9907406568527222;0.9956835508346558;0.14537936449050903;0.10175979882478714;0.28277239203453064;1.2213377952575684;0.12113913148641586;0.5416235327720642
170;9;2;9.107293608120983;0.9987739281763908;0.9907406568527222;0.9956835508346558;0.14537936449050903;0.10175979882478714;-0.11055522412061691;0.9771789908409119;0.3359919786453247;1.5740638971328735
170;9;3;5.787892769648057;0.9718756977404226;0.9907406568527222;0.9956835508346558;0.14537936449050903;0.10175979882478714;0.9417399168014526;1.5050349235534668;-2.572026014328003;3.447540283203125
171;9;1;9.790045726182797;0.9999199418800089;0.9907406568527222;0.9957330226898193;0.14453983306884766;0.10103871673345566;0.28397390246391296;1.2246809005737305;0.11719264835119247;0.539480984210968
171;9;2;9.087829046711999;0.9985603061748378;0.9907406568527222;0.9957330226898193;0.14453983306884766;0.10103871673345566;-0.11114228516817093;0.9794566631317139;0.33399540185928345;1.585618495941162
171;9;3;5.7566679095768905;0.9666273454759402;0.9907406568527222;0.9957330226898193;0.14453983306884766;0.10103871673345566;0.9456514716148376;1.5106134414672852;-2.5772082805633545;3.454869270324707
172;9;1;9.790187334556812;0.9998474752287834;0.9903380870819092;0.9957675933837891;0.14372092485427856;0.10034532845020294;0.285201758146286;1.2279398441314697;0.11338700354099274;0.5373917818069458
172;9;2;9.085626406068187;0.9985276945930366;0.9903380870819092;0.9957675933837891;0.14372092485427856;0.10034532845020294;-0.11169437319040298;0.9817065596580505;0.3319889307022095;1.59711492061615
172;9;3;5.734503542983136;0.9718521309335237;0.9903380870819092;0.9957675933837891;0.14372092485427856;0.10034532845020294;0.9495262503623962;1.5161449909210205;-2.5823216438293457;3.4621005058288574
173;9;1;9.790004914553784;0.99973477611411;0.9911432862281799;0.9957428574562073;0.14295896887779236;0.09967164695262909;0.28644728660583496;1.231109380722046;0.10973802953958511;0.5353971719741821
173;9;2;9.06634543300299;0.9999401275501256;0.9911432862281799;0.9957428574562073;0.14295896887779236;0.09967164695262909;-0.1122203841805458;0.9839280247688293;0.32997119426727295;1.6085376739501953
173;9;3;5.718799765466898;0.9692699156844711;0.9911432862281799;0.9957428574562073;0.14295896887779236;0.09967164695262909;0.9533602595329285;1.5216275453567505;-2.5873665809631348;3.4692351818084717
174;9;1;9.789905233191917;0.9996557939134689;0.9911432862281799;0.9957477450370789;0.14222827553749084;0.09901461005210876;0.28770580887794495;1.2341951131820679;0.10623472929000854;0.5334694385528564
174;9;2;9.05370847660392;0.9999362611613094;0.9911432862281799;0.9957477450370789;0.14222827553749084;0.09901461005210876;-0.11274445801973343;0.9861155152320862;0.327930748462677;1.619866132736206
174;9;3;5.69193143191775;0.9752172250704572;0.9911432862281799;0.9957477450370789;0.14222827553749084;0.09901461005210876;0.9571404457092285;1.5270570516586304;-2.59234881401062;3.47628116607666
175;9;1;9.789975320035055;0.9996617905601326;0.9915458559989929;0.995777428150177;0.14153575897216797;0.09836842119693756;0.2889614701271057;1.2372210025787354;0.10282623767852783;0.5314925312995911
175;9;2;9.04321452053594;0.9977528003707405;0.9915458559989929;0.995777428150177;0.14153575897216797;0.09836842119693756;-0.11329633742570877;0.9882603883743286;0.3258513808250427;1.6310876607894897
175;9;3;5.66463220287727;0.9704498213075148;0.9915458559989929;0.995777428150177;0.14153575897216797;0.09836842119693756;0.9608508944511414;1.5324289798736572;-2.5972752571105957;3.483248233795166
176;9;1;9.790125451270939;0.9997441302731147;0.9915458559989929;0.9957823753356934;0.1408400684595108;0.09771845489740372;0.2901862561702728;1.240217685699463;0.09941303730010986;0.5293351411819458
176;9;2;9.023685566749972;0.9998868426573502;0.9915458559989929;0.9957823753356934;0.1408400684595108;0.09771845489740372;-0.11389055103063583;0.9903549551963806;0.3237283527851105;1.6422096490859985
176;9;3;5.612030264104536;0.9656432462619708;0.9915458559989929;0.9957823753356934;0.1408400684595108;0.09771845489740372;0.9644831418991089;1.5377421379089355;-2.6021475791931152;3.4901387691497803
177;9;1;9.789962166898924;0.9998467457858382;0.9915458559989929;0.9957773685455322;0.1401226818561554;0.09707248210906982;0.29138892889022827;1.2431832551956177;0.09599312394857407;0.5270243287086487
177;9;2;9.025947865937482;0.9977339686951225;0.9915458559989929;0.9957773685455322;0.1401226818561554;0.09707248210906982;-0.1145332008600235;0.9924017786979675;0.32157251238822937;1.6532291173934937
177;9;3;5.5868087045393295;0.9786034163555755;0.9915458559989929;0.9957773685455322;0.1401226818561554;0.09707248210906982;0.9680420756340027;1.5430001020431519;-2.6069579124450684;3.496941566467285
178;9;1;9.789678689876332;0.9999133036368875;0.9915458559989929;0.9957724809646606;0.13937661051750183;0.09644291549921036;0.292590469121933;1.246108055114746;0.09258978813886642;0.5246152281761169
178;9;2;9.0353885729097;0.9999429263915722;0.9915458559989929;0.9957724809646606;0.13937661051750183;0.09644291549921036;-0.11521141976118088;0.9944079518318176;0.31941482424736023;1.6641595363616943
178;9;3;5.559604778023791;0.9814782027832223;0.9915458559989929;0.9957724809646606;0.13937661051750183;0.09644291549921036;0.9715431928634644;1.548210859298706;-2.6116905212402344;3.503634452819824
179;9;1;9.786056771952659;0.9999362442755029;0.9915458559989929;0.9957922697067261;0.13869799673557281;0.09583047777414322;0.2937823235988617;1.2490030527114868;0.08916028589010239;0.5221104621887207
179;9;2;9.025788886589279;0.9999430038089159;0.9915458559989929;0.9957922697067261;0.13869799673557281;0.09583047777414322;-0.11591055244207382;0.9963803291320801;0.3172905445098877;1.6750229597091675
179;9;3;5.534015698262548;0.9834730247005297;0.9915458559989929;0.9957922697067261;0.13869799673557281;0.09583047777414322;0.9750055074691772;1.5533841848373413;-2.6163272857666016;3.5101916790008545
180;9;1;9.784702464750715;0.999941505603438;0.9915458559989929;0.9958169460296631;0.13805770874023438;0.09522437304258347;0.294966459274292;1.2518564462661743;0.0856943130493164;0.5196051001548767
180;9;2;9.017350431581555;0.9999430038875872;0.9915458559989929;0.9958169460296631;0.13805770874023438;0.09522437304258347;-0.11661279946565628;0.9983257055282593;0.31523555517196655;1.6858426332473755
180;9;3;5.514728809909169;0.9802107561751807;0.9915458559989929;0.9958169460296631;0.13805770874023438;0.09522437304258347;0.9784479141235352;1.5585289001464844;-2.6208512783050537;3.516589879989624
181;9;1;9.782943566375465;0.9999421739189103;0.9915458559989929;0.9958416819572449;0.1374698430299759;0.09463302791118622;0.2961474061012268;1.2546513080596924;0.08222251385450363;0.5171976685523987
181;9;2;8.99308025509551;0.9998786058941498;0.9915458559989929;0.9958416819572449;0.1374698430299759;0.09463302791118622;-0.11730651557445526;1.0002483129501343;0.31327638030052185;1.6966322660446167
181;9;3;5.4879666924535595;0.9813549319633701;0.9915458559989929;0.9958416819572449;0.1374698430299759;0.09463302791118622;0.9818820953369141;1.5636507272720337;-2.6252529621124268;3.5228147506713867
182;9;1;9.780456602003426;0.999936871794894;0.9915458559989929;0.9958761930465698;0.13697950541973114;0.09406426548957825;0.2973220646381378;1.2573578357696533;0.07871166616678238;0.5149787664413452
182;9;2;8.989436750524842;0.9977131136209891;0.9915458559989929;0.9958761930465698;0.13697950541973114;0.09406426548957825;-0.1179625615477562;1.0021384954452515;0.31144362688064575;1.7074382305145264
182;9;3;5.458087205070328;0.9776286198914228;0.9915458559989929;0.9958761930465698;0.13697950541973114;0.09406426548957825;0.9853082895278931;1.5687503814697266;-2.6295323371887207;3.528866767883301
183;9;1;9.778111724563814;0.9998677064410586;0.9915458559989929;0.9959304928779602;0.13663120567798615;0.0935099646449089;0.29851943254470825;1.2599560022354126;0.07523255795240402;0.5129836797714233
183;9;2;8.9898474539083;0.9994829897500779;0.9915458559989929;0.9959304928779602;0.13663120567798615;0.0935099646449089;-0.11860369145870209;1.0039904117584229;0.3097154200077057;1.7182419300079346
183;9;3;5.435408203155712;0.9757764709352461;0.9915458559989929;0.9959304928779602;0.13663120567798615;0.0935099646449089;0.9887134432792664;1.5738214254379272;-2.633702278137207;3.534763813018799
184;9;1;9.776341706468756;0.9994593103568832;0.9915458559989929;0.995979905128479;0.13640786707401276;0.09298526495695114;0.2997518479824066;1.2624475955963135;0.0718318372964859;0.5111438035964966
184;9;2;8.987787995095431;0.9957609843692161;0.9915458559989929;0.995979905128479;0.13640786707401276;0.09298526495695114;-0.11926428228616714;1.0057944059371948;0.3080494701862335;1.729010820388794
184;9;3;5.410281032236574;0.9736794492064291;0.9915458559989929;0.995979905128479;0.13640786707401276;0.09298526495695114;0.9920751452445984;1.5788525342941284;-2.637784242630005;3.540536642074585
185;9;1;9.774613716478555;0.998555792798939;0.9915458559989929;0.9960095882415771;0.13627324998378754;0.09247826784849167;0.3010294437408447;1.2648406028747559;0.06854312866926193;0.5093697905540466
185;9;2;8.971991484192465;0.9994364137944238;0.9915458559989929;0.9960095882415771;0.13627324998378754;0.09247826784849167;-0.11997479945421219;1.0075422525405884;0.30640435218811035;1.7397102117538452
185;9;3;5.387355930062164;0.9742760561730304;0.9915458559989929;0.9960095882415771;0.13627324998378754;0.09247826784849167;0.9953729510307312;1.583831787109375;-2.6418004035949707;3.5462162494659424
186;9;1;9.773548293459818;0.9978376050693001;0.9915459156036377;0.9960391521453857;0.1361963301897049;0.09198933094739914;0.3023189604282379;1.2671689987182617;0.06527876853942871;0.5074430704116821
186;9;2;8.965886051367459;0.9980528674364919;0.9915459156036377;0.9960391521453857;0.1361963301897049;0.09198933094739914;-0.12077626585960388;1.0092147588729858;0.3046899437904358;1.750381350517273
186;9;3;5.370655030435236;0.9784225094457017;0.9915459156036377;0.9960391521453857;0.1361963301897049;0.09198933094739914;0.9985960721969604;1.5887497663497925;-2.6457667350769043;3.551825523376465
187;9;1;9.773640566953055;0.9977602373660375;0.9915459156036377;0.996083676815033;0.13602575659751892;0.09147395193576813;0.30363574624061584;1.269437551498413;0.06207238510251045;0.5053859353065491
187;9;2;8.953324067488303;0.9978363782863227;0.9915459156036377;0.996083676815033;0.13602575659751892;0.09147395193576813;-0.12164861708879471;1.0108256340026855;0.30291762948036194;1.7609971761703491
187;9;3;5.328309735729128;0.9686511413523995;0.9915459156036377;0.996083676815033;0.13602575659751892;0.09147395193576813;1.001758098602295;1.593605637550354;-2.64968204498291;3.5573625564575195
188;9;1;9.774506715794168;0.9980789324582844;0.9915459156036377;0.9961231350898743;0.1357571929693222;0.09097333997488022;0.3049965798854828;1.2716479301452637;0.05895416811108589;0.5032941699028015
188;9;2;8.933966221978189;0.9986595132459506;0.9915459156036377;0.9961231350898743;0.1357571929693222;0.09097333997488022;-0.12254376709461212;1.0123997926712036;0.3011350631713867;1.7715344429016113
188;9;3;5.327831095979921;0.9709397229496908;0.9915459156036377;0.9961231350898743;0.1357571929693222;0.09097333997488022;1.0048894882202148;1.598404884338379;-2.653531789779663;3.5628068447113037
189;9;1;9.775191763759203;0.9984302282458799;0.9919484853744507;0.9961626529693604;0.13543063402175903;0.09049008786678314;0.30641457438468933;1.2737977504730225;0.05593801289796829;0.5012776255607605
189;9;2;8.923637149169942;0.9993071201893748;0.9919484853744507;0.9961626529693604;0.13543063402175903;0.09049008786678314;-0.12341282516717911;1.0139601230621338;0.2993902266025543;1.7819892168045044
189;9;3;5.316356792405875;0.9768653162305796;0.9919484853744507;0.9961626529693604;0.13543063402175903;0.09049008786678314;1.0080231428146362;1.6031562089920044;-2.6572978496551514;3.5681331157684326
190;9;1;9.775560540643262;0.9986362457474698;0.9919484853744507;0.9961725473403931;0.13511918485164642;0.09002124518156052;0.3078913688659668;1.275889277458191;0.05301515385508537;0.4994036555290222
190;9;2;8.913743892408547;0.9995618628509959;0.9919484853744507;0.9961725473403931;0.13511918485164642;0.09002124518156052;-0.12422040104866028;1.0155224800109863;0.29771888256073;1.792360544204712
190;9;3;5.317078125557188;0.9867584361672996;0.9919484853744507;0.9961725473403931;0.13511918485164642;0.09002124518156052;1.0111812353134155;1.6078659296035767;-2.660968065261841;3.5733234882354736
191;9;1;9.775664733024698;0.9986569480877421;0.9919484853744507;0.9961972236633301;0.13483946025371552;0.08956487476825714;0.30942294001579285;1.2779189348220825;0.05018829181790352;0.49771177768707275
191;9;2;8.922201193098111;0.9995858594917024;0.9919484853744507;0.9961972236633301;0.13483946025371552;0.08956487476825714;-0.12495534121990204;1.01708984375;0.2961345314979553;1.8026514053344727
191;9;3;5.283998518934535;0.9864834741929904;0.9919484853744507;0.9961972236633301;0.13483946025371552;0.08956487476825714;1.0143684148788452;1.6125361919403076;-2.664541482925415;3.5783770084381104
192;9;1;9.775523676737812;0.9984957402111831;0.9915459156036377;0.9962317943572998;0.1345687359571457;0.089118592441082;0.31100088357925415;1.2798829078674316;0.0474524199962616;0.49618643522262573
192;9;2;8.919820756354255;0.9993834956270327;0.9915459156036377;0.9962317943572998;0.1345687359571457;0.089118592441082;-0.12563152611255646;1.0186529159545898;0.2946271598339081;1.8128641843795776
192;9;3;5.263732965301461;0.9821464796132506;0.9915459156036377;0.9962317943572998;0.1345687359571457;0.089118592441082;1.0175713300704956;1.6171634197235107;-2.668029308319092;3.5833094120025635
193;9;1;9.77510385487384;0.9981846073738225;0.9915459156036377;0.9962416887283325;0.13425672054290771;0.08868683129549026;0.3126165568828583;1.2817778587341309;0.044819023460149765;0.49478816986083984
193;9;2;8.92338215958236;0.9967520360970248;0.9915459156036377;0.9962416887283325;0.13425672054290771;0.08868683129549026;-0.12627694010734558;1.0201975107192993;0.2931772470474243;1.8229880332946777
193;9;3;5.231338943908137;0.9803741569923687;0.9915459156036377;0.9962416887283325;0.13425672054290771;0.08868683129549026;1.020764708518982;1.621741533279419;-2.671450614929199;3.5881481170654297
194;9;1;9.774473984751033;0.9978453337667261;0.9915459156036377;0.9962564706802368;0.13391005992889404;0.08826831728219986;0.314303457736969;1.2835983037948608;0.04237382486462593;0.4933813810348511
194;9;2;8.912654435571064;0.9980841636619218;0.9915459156036377;0.9962564706802368;0.13391005992889404;0.08826831728219986;-0.12693016231060028;1.0217037200927734;0.29174959659576416;1.833026647567749
194;9;3;5.21834368580774;0.9832709336329497;0.9915459156036377;0.9962564706802368;0.13391005992889404;0.08826831728219986;1.0239205360412598;1.6262623071670532;-2.674826145172119;3.592921733856201
195;9;1;9.773909887945464;0.9978347215554066;0.9915459156036377;0.9962565302848816;0.1334659904241562;0.0878540426492691;0.31603726744651794;1.2853426933288574;0.0400717668235302;0.4919249415397644
195;9;2;8.907899535459407;0.9980569261435726;0.9915459156036377;0.9962565302848816;0.1334659904241562;0.0878540426492691;-0.12761913239955902;1.0231537818908691;0.29032784700393677;1.8429999351501465
195;9;3;5.197262176676336;0.9825984649992332;0.9915459156036377;0.9962565302848816;0.1334659904241562;0.0878540426492691;1.027019739151001;1.6307235956192017;-2.6781680583953857;3.5976479053497314
196;9;1;9.774747667375614;0.9990179094293268;0.9915459156036377;0.9962663650512695;0.1329052448272705;0.08744613826274872;0.31779226660728455;1.2870153188705444;0.037846993654966354;0.4903879761695862
196;9;2;8.891042492322239;0.99974979171526;0.9915459156036377;0.9962663650512695;0.1329052448272705;0.08744613826274872;-0.12835267186164856;1.0245391130447388;0.2889188528060913;1.8529345989227295
196;9;3;5.171710653962091;0.9740840049990531;0.9915459156036377;0.9962663650512695;0.1329052448272705;0.08744613826274872;1.0300564765930176;1.6351284980773926;-2.681476593017578;3.6023268699645996
197;9;1;9.77705473575105;0.9998841888068171;0.9915459156036377;0.9962910413742065;0.13224923610687256;0.08704249560832977;0.3195495307445526;1.2886252403259277;0.035612937062978745;0.48875850439071655
197;9;2;8.865372402168138;0.99884577134506;0.9915459156036377;0.9962910413742065;0.13224923610687256;0.08704249560832977;-0.12911775708198547;1.025861144065857;0.2875521779060364;1.8628590106964111
197;9;3;5.151429769545999;0.9744778211332754;0.9915459156036377;0.9962910413742065;0.13224923610687256;0.08704249560832977;1.0330413579940796;1.6394846439361572;-2.6847410202026367;3.606943368911743
198;9;1;9.783340211509064;0.9999425002915956;0.9915459156036377;0.9963207244873047;0.1315418928861618;0.08664891868829727;0.3212786614894867;1.290173888206482;0.033291976898908615;0.4871436357498169
198;9;2;8.841022795224301;0.9977333622010427;0.9915459156036377;0.9963207244873047;0.1315418928861618;0.08664891868829727;-0.12988723814487457;1.0271316766738892;0.2862672209739685;1.8727922439575195
198;9;3;5.131667368610154;0.9725556046578525;0.9915459156036377;0.9963207244873047;0.1315418928861618;0.08664891868829727;1.035995364189148;1.6438034772872925;-2.6879429817199707;3.6114718914031982
199;9;1;9.786928079787813;0.9999403213705804;0.9915459156036377;0.9963355660438538;0.13088086247444153;0.08626685291528702;0.3229779303073883;1.2916653156280518;0.030888868495821953;0.4856181740760803
199;9;2;8.842901136239025;0.999205431740112;0.9915459156036377;0.9963355660438538;0.13088086247444153;0.08626685291528702;-0.1306314319372177;1.0283676385879517;0.28509658575057983;1.8827358484268188
199;9;3;5.115106519812331;0.9722255542788503;0.9915459156036377;0.9963355660438538;0.13088086247444153;0.08626685291528702;1.0389419794082642;1.6480937004089355;-2.6910653114318848;3.615887403488159
0;10;1;9.811316890212083;0.9999430038890864;0.17451691627502441;0.15393562614917755;0.7342080473899841;0.7226991057395935;0.2440391331911087;0.36032968759536743;0.09995514154434204;0.4721798300743103
0;10;2;5.10920855027743;0.48073702433693555;0.17451691627502441;0.15393562614917755;0.7342080473899841;0.7226991057395935;-0.15771713852882385;0.29540038108825684;-0.018087904900312424;0.2561173141002655
0;10;3;3.328380547371884;0.38237063267384563;0.17451691627502441;0.15393562614917755;0.7342080473899841;0.7226991057395935;0.1110231876373291;0.29660797119140625;-0.07130972295999527;0.42300426959991455
1;10;1;9.811302672097362;0.9999430038891006;0.17673107981681824;0.16499082744121552;0.7286527752876282;0.7178981900215149;0.24379029870033264;0.3598143756389618;0.09753748029470444;0.46739742159843445
1;10;2;4.894945073855407;0.4445473753425411;0.17673107981681824;0.16499082744121552;0.7286527752876282;0.7178981900215149;-0.1612086445093155;0.2904459536075592;-0.025482740253210068;0.26824697852134705
1;10;3;3.1413723896687262;0.34959247639520186;0.17673107981681824;0.16499082744121552;0.7286527752876282;0.7178981900215149;0.10854395478963852;0.29357418417930603;-0.08071716874837875;0.4097001254558563
2;10;1;9.81127296535545;0.9999430038890935;0.2274557203054428;0.2139132171869278;0.7195375561714172;0.7103270292282104;0.243554025888443;0.35913679003715515;0.09444218873977661;0.4612812101840973
2;10;2;4.2066618111813945;0.37425711058039113;0.2274557203054428;0.2139132171869278;0.7195375561714172;0.7103270292282104;-0.16571657359600067;0.28413206338882446;-0.035204362124204636;0.2843165099620819
2;10;3;2.6458915646379637;0.27719205779522227;0.2274557203054428;0.2139132171869278;0.7195375561714172;0.7103270292282104;0.10550945997238159;0.2899901866912842;-0.09330020099878311;0.3919050395488739
3;10;1;9.81122417445502;0.9999430038890722;0.2910628318786621;0.27957025170326233;0.7103344798088074;0.70299232006073;0.24337367713451385;0.3583860397338867;0.09106285870075226;0.45457813143730164
3;10;2;3.057422559363978;0.2678837710237971;0.2910628318786621;0.27957025170326233;0.7103344798088074;0.70299232006073;-0.17068897187709808;0.2772732377052307;-0.04619462043046951;0.30263492465019226
3;10;3;1.8108957690064678;0.2185409987100222;0.2910628318786621;0.27957025170326233;0.7103344798088074;0.70299232006073;0.10235568135976791;0.2864210307598114;-0.10797730833292007;0.3711484670639038
4;10;1;9.81115443242603;0.9999430038890935;0.41545894742012024;0.3645819127559662;0.7040425539016724;0.6973086595535278;0.24323153495788574;0.35766997933387756;0.0876975879073143;0.4479127824306488
4;10;2;1.5434232405455326;0.16784918260577797;0.41545894742012024;0.3645819127559662;0.7040425539016724;0.6973086595535278;-0.17565715312957764;0.2705609202384949;-0.057484738528728485;0.32160863280296326
4;10;3;0.8292161478123674;0.12134199812970614;0.41545894742012024;0.3645819127559662;0.7040425539016724;0.6973086595535278;0.09939157962799072;0.28321573138237;-0.12381041049957275;0.3487570881843567
5;10;1;9.811066527002708;0.9999430038890864;0.48148149251937866;0.49051031470298767;0.7000218629837036;0.6945330500602722;0.2431049346923828;0.35711684823036194;0.08462581783533096;0.4418807327747345
5;10;2;0.372872877459379;0.03469963822413291;0.48148149251937866;0.49051031470298767;0.7000218629837036;0.6945330500602722;-0.1801937222480774;0.26467546820640564;-0.06782767176628113;0.33914950489997864
5;10;3;0.07025941469684227;0.002057408494522406;0.48148149251937866;0.49051031470298767;0.7000218629837036;0.6945330500602722;0.09672380983829498;0.280458003282547;-0.14002951979637146;0.32581979036331177
6;10;1;9.81096962771855;0.9999430038890864;0.5;0.515418529510498;0.6977818012237549;0.6937465667724609;0.24299128353595734;0.35671675205230713;0.08185016363859177;0.43650901317596436
6;10;2;0.1588124334324874;0.013942694283301194;0.5;0.515418529510498;0.6977818012237549;0.6937465667724609;-0.18426735699176788;0.2596267759799957;-0.07709930092096329;0.35502180457115173
6;10;3;0.01437415783185969;0.00016089714503664254;0.5;0.515418529510498;0.6977818012237549;0.6937465667724609;0.09432771056890488;0.2780865430831909;-0.1559872329235077;0.3032521903514862
7;10;1;9.81086819512204;0.9999430038890935;0.5;0.5176211595535278;0.6959118247032166;0.6932937502861023;0.2428898811340332;0.3564375340938568;0.07933896034955978;0.431718111038208
7;10;2;0.1728849638357346;0.014782578679337632;0.5;0.5176211595535278;0.6959118247032166;0.6932937502861023;-0.1879233717918396;0.25529778003692627;-0.08540056645870209;0.36938002705574036
7;10;3;0.01484445531030687;0.00017574965318090108;0.5;0.5176211595535278;0.6959118247032166;0.6932937502861023;0.0921764224767685;0.2760442793369293;-0.17111214995384216;0.2818623185157776
8;10;1;9.81076518481752;0.9999430038890509;0.5;0.5176211595535278;0.6943743824958801;0.6930990815162659;0.2427995204925537;0.3562532961368561;0.07706557959318161;0.42743980884552
8;10;2;0.1869837010824753;0.015785992727920473;0.5;0.5176211595535278;0.6943743824958801;0.6930990815162659;-0.19120335578918457;0.2515866160392761;-0.09282775223255157;0.3823642134666443
8;10;3;0.015459882772436373;0.0001946056076782554;0.5;0.5176211595535278;0.6943743824958801;0.6930990815162659;0.0902458056807518;0.2742825746536255;-0.18492071330547333;0.26233404874801636
9;10;1;9.810662874982214;0.9999430038890651;0.5;0.5176211595535278;0.6931703090667725;0.6931210160255432;0.24271909892559052;0.3561433255672455;0.07500603049993515;0.4236142337322235
9;10;2;0.1929333898064769;0.017757935005079162;0.5;0.5176211595535278;0.6931703090667725;0.6931210160255432;-0.19414472579956055;0.24840494990348816;-0.09946759790182114;0.39410409331321716
9;10;3;0.01621518535268862;0.00021668579421429968;0.5;0.5176211595535278;0.6931703090667725;0.6931210160255432;0.08851420879364014;0.2727603316307068;-0.197026789188385;0.24521347880363464
10;10;1;9.810563213467773;0.9999430038890935;0.5;0.5176211595535278;0.6922716498374939;0.6932968497276306;0.24264764785766602;0.3560909330844879;0.07313878834247589;0.4201888144016266
10;10;2;0.19275141662453876;0.017778773551974325;0.5;0.5176211595535278;0.6922716498374939;0.6932968497276306;-0.1967812478542328;0.245676651597023;-0.1053982526063919;0.4047187268733978
10;10;3;0.0171025994524463;0.0002422307075669039;0.5;0.5176211595535278;0.6922716498374939;0.6932968497276306;0.08696208894252777;0.2714426517486572;-0.2071467489004135;0.23090170323848724
11;10;1;9.810467825004736;0.9999430038890438;0.5;0.5187224745750427;0.6916328072547913;0.6935557723045349;0.24258466064929962;0.35608282685279846;0.07144280523061752;0.417116641998291
11;10;2;0.1963401800836877;0.017784978645188687;0.5;0.5187224745750427;0.6916328072547913;0.6935557723045349;-0.19914284348487854;0.24333618581295013;-0.11068706214427948;0.4143204689025879
11;10;3;0.0181223952043581;0.0002730491015263681;0.5;0.5187224745750427;0.6916328072547913;0.6935557723045349;0.08557191491127014;0.2702999711036682;-0.21509984135627747;0.21965432167053223
12;10;1;9.810377777023731;0.9999430038890438;0.5;0.5187224745750427;0.6912025213241577;0.693830668926239;0.2425292581319809;0.3561084568500519;0.06990083307027817;0.41435736417770386
12;10;2;0.20456422525718665;0.01846790297552303;0.5;0.5187224745750427;0.6912025213241577;0.693830668926239;-0.2012569159269333;0.24132749438285828;-0.11539775133132935;0.4230078160762787
12;10;3;0.019284865762848824;0.00030898079357299935;0.5;0.5187224745750427;0.6912025213241577;0.693830668926239;0.08432795852422714;0.26930731534957886;-0.22080479562282562;0.21158631145954132
13;10;1;9.810574856469714;0.9999430038891006;0.510869562625885;0.5209251046180725;0.6909328103065491;0.694066047668457;0.2424805909395218;0.35616084933280945;0.06849565356969833;0.4118730425834656
13;10;2;0.21033387791383262;0.018919324887541222;0.510869562625885;0.5209251046180725;0.6909328103065491;0.694066047668457;-0.20314662158489227;0.23960407078266144;-0.11958199739456177;0.4308733344078064
13;10;3;0.020587845491288448;0.000352446060738032;0.510869562625885;0.5209251046180725;0.6909328103065491;0.694066047668457;0.08321604132652283;0.26844337582588196;-0.22427277266979218;0.20668184757232666
14;10;1;9.810523705953472;0.9999430038890722;0.510869562625885;0.5220264196395874;0.6907835006713867;0.6942241787910461;0.2424381822347641;0.3562332093715668;0.06721184402704239;0.4096319377422333
14;10;2;0.2236762504804375;0.019468179158472765;0.510869562625885;0.5220264196395874;0.6907835006713867;0.6942241787910461;-0.20483382046222687;0.23812490701675415;-0.12328910827636719;0.438001424074173
14;10;3;0.02207458877803603;0.00040481633687861063;0.510869562625885;0.5220264196395874;0.6907835006713867;0.6942241787910461;0.08222350478172302;0.2676903009414673;-0.22559767961502075;0.20480814576148987
15;10;1;9.810458610584796;0.999943003889058;0.510869562625885;0.5242612361907959;0.690729022026062;0.6942861676216125;0.24240116775035858;0.3563205599784851;0.06603454798460007;0.40760481357574463
15;10;2;0.2455167207342157;0.02132094698011855;0.510869562625885;0.5242612361907959;0.690729022026062;0.6942861676216125;-0.20633766055107117;0.23685501515865326;-0.12656015157699585;0.4444720447063446
15;10;3;0.023755691097484544;0.00047016452187875757;0.510869562625885;0.5242612361907959;0.690729022026062;0.6942861676216125;0.08133894205093384;0.26703277230262756;-0.22494429349899292;0.20573218166828156
16;10;1;9.810399147277948;0.9999430038890793;0.510869562625885;0.5242562890052795;0.6907540559768677;0.6942516565322876;0.24236908555030823;0.35641881823539734;0.06495314091444016;0.4057678282260895
16;10;2;0.2744844465064915;0.022160423714673527;0.510869562625885;0.5242562890052795;0.6907540559768677;0.6942516565322876;-0.2076764553785324;0.23576484620571136;-0.12943871319293976;0.4503500163555145
16;10;3;0.025678723090319266;0.0005476841373166508;0.510869562625885;0.5242562890052795;0.6907540559768677;0.6942516565322876;0.08055218309164047;0.26645785570144653;-0.22253504395484924;0.2091393619775772
17;10;1;9.810345478872627;0.9999430038890722;0.510869562625885;0.5253896713256836;0.69085294008255;0.6941348314285278;0.24234138429164886;0.35652485489845276;0.0639571100473404;0.4040987491607666
17;10;2;0.28340303962032465;0.023107318582795244;0.510869562625885;0.5253896713256836;0.69085294008255;0.6941348314285278;-0.20886623859405518;0.23482908308506012;-0.13196071982383728;0.45569753646850586
17;10;3;0.0278460694466105;0.0006404077332753388;0.510869562625885;0.5253896713256836;0.69085294008255;0.6941348314285278;0.07985404133796692;0.26595452427864075;-0.21863581240177155;0.21465371549129486
18;10;1;9.810297455778475;0.9999430038890864;0.510869562625885;0.5275774598121643;0.6910259127616882;0.6939594745635986;0.2423175871372223;0.3566369414329529;0.06303626298904419;0.40257689356803894
18;10;2;0.30285686924233346;0.024027401366979007;0.510869562625885;0.5275774598121643;0.6910259127616882;0.6939594745635986;-0.2099204659461975;0.23402701318264008;-0.1341560184955597;0.4605719745159149
18;10;3;0.030272509792148128;0.0007492577558494418;0.510869562625885;0.5275774598121643;0.6910259127616882;0.6939594745635986;0.07923630625009537;0.2655133903026581;-0.21354177594184875;0.22185777127742767
19;10;1;9.810254976725325;0.9999430038891219;0.510869562625885;0.5276120901107788;0.6912751793861389;0.6937540173530579;0.24229669570922852;0.3567540943622589;0.06218251213431358;0.4011861979961395
19;10;2;0.327857617229391;0.024701848220949785;0.510869562625885;0.5276120901107788;0.6912751793861389;0.6937540173530579;-0.2108522206544876;0.23334133625030518;-0.1360575258731842;0.4650183618068695
19;10;3;0.03299090533981186;0.0008802177447009285;0.510869562625885;0.5276120901107788;0.6912751793861389;0.6937540173530579;0.07869159430265427;0.26512640714645386;-0.2075633853673935;0.23031248152256012
20;10;1;9.81021795599979;0.9999430038891077;0.510869562625885;0.5276120901107788;0.691601037979126;0.6935464143753052;0.24227844178676605;0.3568747639656067;0.06138932332396507;0.399912565946579
20;10;2;0.35410778688449795;0.02692546636823323;0.510869562625885;0.5276120901107788;0.691601037979126;0.6935464143753052;-0.2116738110780716;0.2327563464641571;-0.13769498467445374;0.4690788984298706
20;10;3;0.036031633445652744;0.001035015897429048;0.510869562625885;0.5276120901107788;0.691601037979126;0.6935464143753052;0.07821332663297653;0.2647867500782013;-0.20101326704025269;0.23957575857639313
21;10;1;9.8101860799012;0.9999430038890793;0.510869562625885;0.5298492908477783;0.6919990181922913;0.693359911441803;0.24226191639900208;0.3569992482662201;0.0606490857899189;0.3987411558628082
21;10;2;0.37310457810038855;0.02880885988103188;0.510869562625885;0.5298492908477783;0.6919990181922913;0.693359911441803;-0.21239463984966278;0.23226012289524078;-0.13908928632736206;0.47279489040374756
21;10;3;0.03938944851675075;0.0012188730055804342;0.510869562625885;0.5298492908477783;0.6919990181922913;0.693359911441803;0.07779558002948761;0.26448854804039;-0.19419430196285248;0.24921922385692596
22;10;1;9.810159051446156;0.9999430038890154;0.5018115639686584;0.5298542380332947;0.6924595236778259;0.6932113766670227;0.2422470599412918;0.3571264445781708;0.0599566213786602;0.39766111969947815
22;10;2;0.4049581143340504;0.030968320495880164;0.5018115639686584;0.5298542380332947;0.6924595236778259;0.6932113766670227;-0.21302485466003418;0.2318410724401474;-0.14026525616645813;0.4762003421783447
22;10;3;0.043128578922189575;0.0014375355689466573;0.5018115639686584;0.5298542380332947;0.6924595236778259;0.6932113766670227;0.07743307948112488;0.26422667503356934;-0.18738922476768494;0.2588430643081665
23;10;1;9.810136578196456;0.9999430038891148;0.5018115639686584;0.5309457182884216;0.6929660439491272;0.6931091547012329;0.242233544588089;0.3572561740875244;0.059306513518095016;0.39666175842285156
23;10;2;0.41479495417819834;0.031179007488809418;0.5018115639686584;0.5309457182884216;0.6929660439491272;0.6931091547012329;-0.21357278525829315;0.23148995637893677;-0.14124226570129395;0.4793274700641632
23;10;3;0.047246676620179784;0.0016925445487565582;0.5018115639686584;0.5309457182884216;0.6929660439491272;0.6931091547012329;0.07712119817733765;0.2639968991279602;-0.1808519959449768;0.26808810234069824
24;10;1;9.810118282204655;0.9999430038891219;0.512479841709137;0.5342249870300293;0.69349604845047;0.6930542588233948;0.24222083389759064;0.3573896586894989;0.05869222804903984;0.3957311511039734
24;10;2;0.4242820166023762;0.03229879283529158;0.512479841709137;0.5342249870300293;0.69349604845047;0.6930542588233948;-0.21404410898685455;0.2312004715204239;-0.14203205704689026;0.482208788394928
24;10;3;0.0517674459521551;0.0019866804971968577;0.512479841709137;0.5342249870300293;0.69349604845047;0.6930542588233948;0.07685570418834686;0.2637954354286194;-0.17480120062828064;0.2766452133655548
25;10;1;9.81010422224837;0.9999430038890651;0.5144927501678467;0.5364177227020264;0.6940229535102844;0.693040132522583;0.24220870435237885;0.35752731561660767;0.05810871347784996;0.3948598802089691
25;10;2;0.4681413307812221;0.03570509713696168;0.5144927501678467;0.5364177227020264;0.6940229535102844;0.693040132522583;-0.2144450545310974;0.23096628487110138;-0.14264795184135437;0.48487192392349243
25;10;3;0.05678603987239583;0.0023479733699041105;0.5144927501678467;0.5364177227020264;0.6940229535102844;0.693040132522583;0.07663311809301376;0.2636190950870514;-0.16941529512405396;0.2842620313167572
26;10;1;9.810093884729753;0.9999430038890935;0.5144927501678467;0.5375189781188965;0.6945220828056335;0.6930573582649231;0.2421969622373581;0.3576691746711731;0.05755224451422691;0.3940407335758209
26;10;2;0.4794807124300817;0.03797834093849417;0.5144927501678467;0.5375189781188965;0.6945220828056335;0.6930573582649231;-0.21478192508220673;0.23078148066997528;-0.14310476183891296;0.4873403012752533
26;10;3;0.06241032401554136;0.002761029778127977;0.5144927501678467;0.5375189781188965;0.6945220828056335;0.6930573582649231;0.07645034790039062;0.26346513628959656;-0.16482998430728912;0.29074662923812866
27;10;1;9.81008718547411;0.9999430038890793;0.5148953199386597;0.5408773422241211;0.6949692964553833;0.6930932402610779;0.24218516051769257;0.35781633853912354;0.057016968727111816;0.3932651877403259
27;10;2;0.508389177893477;0.0392234112742571;0.5148953199386597;0.5408773422241211;0.6949692964553833;0.6930932402610779;-0.2150588482618332;0.2306421995162964;-0.1434100866317749;0.4896383285522461
27;10;3;0.06869883865379833;0.0032397398398522625;0.5148953199386597;0.5408773422241211;0.6949692964553833;0.6930932402610779;0.0763048380613327;0.26333117485046387;-0.1611374020576477;0.2959687411785126
28;10;1;9.810083914494129;0.9999430038891006;0.5152978897094727;0.5420724749565125;0.6953438520431519;0.6931353211402893;0.2421727031469345;0.35796937346458435;0.05650010704994202;0.39252761006355286
28;10;2;0.5456489585168001;0.04269352145896477;0.5152978897094727;0.5420724749565125;0.6953438520431519;0.6931353211402893;-0.21528063714504242;0.23054437339305878;-0.14357638359069824;0.49178481101989746
28;10;3;0.07581266558511857;0.0037905773716673252;0.5152978897094727;0.5420724749565125;0.6953438520431519;0.6931353211402893;0.07619442790746689;0.26321524381637573;-0.1583869755268097;0.2998584508895874
29;10;1;9.810084028267482;0.9999430038890935;0.5152978897094727;0.5442948937416077;0.6956307291984558;0.6931727528572083;0.24215923249721527;0.35812893509864807;0.055998291820287704;0.3918217718601227
29;10;2;0.5785353440862409;0.04451221253498261;0.5152978897094727;0.5442948937416077;0.6956307291984558;0.6931727528572083;-0.21545086801052094;0.23048512637615204;-0.14361163973808289;0.49379855394363403
29;10;3;0.08388455171154163;0.00442862131638222;0.5152978897094727;0.5442948937416077;0.6956307291984558;0.6931727528572083;0.07611740380525589;0.26311561465263367;-0.15658795833587646;0.3024026155471802
30;10;1;9.810087192196;0.9999430038890864;0.5152978897094727;0.5475839376449585;0.6958209276199341;0.6931973695755005;0.24214409291744232;0.35829654335975647;0.055507611483335495;0.39114078879356384
30;10;2;0.6118793335310357;0.04564786465208215;0.5152978897094727;0.5475839376449585;0.6958209276199341;0.6931973695755005;-0.21557125449180603;0.23046329617500305;-0.14351995289325714;0.4956986904144287
30;10;3;0.09306786688251023;0.005186727259761881;0.5152978897094727;0.5475839376449585;0.6958209276199341;0.6931973695755005;0.07607240974903107;0.26303085684776306;-0.15571299195289612;0.3036400079727173
31;10;1;9.81009353495918;0.9999430038890722;0.5257648825645447;0.5477568507194519;0.6959123015403748;0.6932043433189392;0.2421266883611679;0.3584727346897125;0.05502702668309212;0.39048194885253906
31;10;2;0.6351104986623213;0.04891743452671449;0.5257648825645447;0.5477568507194519;0.6959123015403748;0.6932043433189392;-0.2156456708908081;0.23047661781311035;-0.14331364631652832;0.49749571084976196
31;10;3;0.10366572238292449;0.006118632406497682;0.5257648825645447;0.5477568507194519;0.6959123015403748;0.6932043433189392;0.07605861127376556;0.2629597783088684;-0.15570293366909027;0.3036542534828186
32;10;1;9.810102647537875;0.9999430038891006;0.5257648825645447;0.5510880351066589;0.6959063410758972;0.6931923031806946;0.24210667610168457;0.3586588501930237;0.05455302074551582;0.3898392617702484
32;10;2;0.6551110820457424;0.05012731296613282;0.5257648825645447;0.5510880351066589;0.6959063410758972;0.6931923031806946;-0.21567556262016296;0.2305241972208023;-0.14299458265304565;0.49920621514320374
32;10;3;0.11585425927012061;0.007272887805950035;0.5257648825645447;0.5510880351066589;0.6959063410758972;0.6931923031806946;0.0760754942893982;0.2629014551639557;-0.15647219121456146;0.3025663495063782
33;10;1;9.81011462791507;0.9999430038890864;0.5257648825645447;0.5544980764389038;0.6958145499229431;0.6931624412536621;0.24208402633666992;0.3588557541370392;0.054082274436950684;0.38920778036117554
33;10;2;0.6935044084674971;0.054018063891938084;0.5257648825645447;0.5544980764389038;0.6958145499229431;0.6931624412536621;-0.21566331386566162;0.23060430586338043;-0.14256426692008972;0.5008454918861389
33;10;3;0.1299369770310843;0.008740271775980801;0.5257648825645447;0.5544980764389038;0.6958145499229431;0.6931624412536621;0.07612299919128418;0.2628551125526428;-0.15791459381580353;0.30052649974823
34;10;1;9.810129259366228;0.9999430038890651;0.5261674523353577;0.5611159801483154;0.6956501007080078;0.6931177377700806;0.24205870926380157;0.359065443277359;0.0536099374294281;0.38857898116111755
34;10;2;0.7566606679001566;0.06011639636278687;0.5261674523353577;0.5611159801483154;0.6956501007080078;0.6931177377700806;-0.21560844779014587;0.23071704804897308;-0.1420145481824875;0.5024348497390747
34;10;3;0.14613905904772118;0.010619779584590816;0.5261674523353577;0.5611159801483154;0.6956501007080078;0.6931177377700806;0.0762016773223877;0.2628202736377716;-0.1599094569683075;0.2977053225040436
35;10;1;9.810146560065881;0.9999430038890793;0.5265700817108154;0.5667731761932373;0.6954283118247986;0.6930624842643738;0.24202997982501984;0.3592901825904846;0.05313112214207649;0.38794657588005066
35;10;2;0.8365089843442632;0.06907975554015167;0.5265700817108154;0.5667731761932373;0.6954283118247986;0.6930624842643738;-0.21551038324832916;0.23086348176002502;-0.14134061336517334;0.5039904117584229
35;10;3;0.16490200791764664;0.013008178510013124;0.5265700817108154;0.5667731761932373;0.6954283118247986;0.6930624842643738;0.07631269097328186;0.26279670000076294;-0.16232764720916748;0.29428547620773315
36;10;1;9.810166532123027;0.9999430038891006;0.5265700817108154;0.5744898319244385;0.6951658725738525;0.6930010914802551;0.24199748039245605;0.3595322370529175;0.0526384599506855;0.387302428483963
36;10;2;0.8891240383457557;0.07499490454576119;0.5265700817108154;0.5744898319244385;0.6951658725738525;0.6930010914802551;-0.2153671383857727;0.2310447096824646;-0.14053143560886383;0.5055344700813293
36;10;3;0.18673072952946868;0.01599119860209086;0.5265700817108154;0.5744898319244385;0.6951658725738525;0.6930010914802551;0.07645785063505173;0.26278430223464966;-0.165037140250206;0.2904536724090576
37;10;1;9.810189508527223;0.999943003889058;0.5370370149612427;0.5803446173667908;0.6948780417442322;0.6929364800453186;0.24196048080921173;0.3597944974899292;0.0521281361579895;0.3866397738456726
37;10;2;0.9841059472114466;0.08480281653865518;0.5370370149612427;0.5803446173667908;0.6948780417442322;0.6929364800453186;-0.2151777744293213;0.23126214742660522;-0.13957944512367249;0.5070827603340149
37;10;3;0.2122835949644859;0.019709239028809833;0.5370370149612427;0.5803446173667908;0.6948780417442322;0.6929364800453186;0.07663990557193756;0.2627835273742676;-0.1679084748029709;0.28639301657676697
38;10;1;9.810215072483011;0.9999430038890864;0.5370370149612427;0.5957137942314148;0.6945763230323792;0.6928706765174866;0.24191804230213165;0.36008283495903015;0.05158960446715355;0.38594290614128113
38;10;2;1.1081821187445016;0.09948805047673659;0.5370370149612427;0.5957137942314148;0.6945763230323792;0.6928706765174866;-0.2149345725774765;0.23152171075344086;-0.13845151662826538;0.5086683630943298
38;10;3;0.24217566818991187;0.024360284367105578;0.5370370149612427;0.5957137942314148;0.6945763230323792;0.6928706765174866;0.07686267793178558;0.26279494166374207;-0.17081928253173828;0.2822764813899994
39;10;1;9.81024410123527;0.9999430038890793;0.5579710006713867;0.6069294810295105;0.6942752003669739;0.6928005814552307;0.2418697327375412;0.3604012727737427;0.05101495981216431;0.3852001130580902
39;10;2;1.2525108581343432;0.11514823164003474;0.5579710006713867;0.6069294810295105;0.6942752003669739;0.6928005814552307;-0.21463225781917572;0.23182733356952667;-0.13712286949157715;0.5103200674057007
39;10;3;0.2785499704040788;0.030561601300675534;0.5579710006713867;0.6069294810295105;0.6942752003669739;0.6928005814552307;0.07713194191455841;0.26281991600990295;-0.17365844547748566;0.27826130390167236
40;10;1;9.810276380450524;0.9999430038890864;0.5797101259231567;0.6168240308761597;0.6939689517021179;0.6927244663238525;0.24181197583675385;0.36075758934020996;0.05039885267615318;0.3844008445739746
40;10;2;1.4007616588429563;0.13245643807705676;0.5797101259231567;0.6168240308761597;0.6939689517021179;0.6927244663238525;-0.21426212787628174;0.23218834400177002;-0.13557186722755432;0.512059211730957
40;10;3;0.32352288901928006;0.03874382646960406;0.5797101259231567;0.6168240308761597;0.6939689517021179;0.6927244663238525;0.07745559513568878;0.26286041736602783;-0.17632916569709778;0.2744843363761902
41;10;1;9.810316492022764;0.9999430038890083;0.6030596494674683;0.6314820051193237;0.6936575770378113;0.6926367282867432;0.24174284934997559;0.36115747690200806;0.04973190277814865;0.38353362679481506
41;10;2;1.5374680704701156;0.14994413403955775;0.6030596494674683;0.6314820051193237;0.6936575770378113;0.6926367282867432;-0.2138153463602066;0.2326125204563141;-0.13377122581005096;0.5139166712760925
41;10;3;0.3803933007354061;0.04939673016482793;0.6030596494674683;0.6314820051193237;0.6936575770378113;0.6926367282867432;0.07784415781497955;0.26291942596435547;-0.1787513643503189;0.2710588276386261
42;10;1;9.810364091826727;0.9999430038890793;0.6046699285507202;0.6443892121315002;0.6933581233024597;0.6925309300422668;0.24166078865528107;0.3616064786911011;0.04900985211133957;0.38258877396583557
42;10;2;1.6860448228593228;0.16601317072805344;0.6046699285507202;0.6443892121315002;0.6933581233024597;0.6925309300422668;-0.21328505873680115;0.23310649394989014;-0.13169698417186737;0.515920102596283
42;10;3;0.45265647426825595;0.06321434033671203;0.6046699285507202;0.6443892121315002;0.6933581233024597;0.6925309300422668;0.0783112496137619;0.2630012035369873;-0.18086326122283936;0.2680721580982208
43;10;1;9.8104148230138;0.9999430038891148;0.6197665333747864;0.6678478121757507;0.6930633187294006;0.6923951506614685;0.24156014621257782;0.36211711168289185;0.04821668192744255;0.38154327869415283
43;10;2;1.8763935421687457;0.18845328970582287;0.6197665333747864;0.6678478121757507;0.6930633187294006;0.6923951506614685;-0.21264752745628357;0.2336902767419815;-0.12928646802902222;0.5181254148483276
43;10;3;0.5433682346762101;0.08248742390103381;0.6197665333747864;0.6678478121757507;0.6930633187294006;0.6923951506614685;0.07887472212314606;0.26311197876930237;-0.18262216448783875;0.26558470726013184
44;10;1;9.810467462304835;0.9999430038890509;0.6312399506568909;0.689071774482727;0.6927629113197327;0.6922071576118469;0.24143533408641815;0.3627016842365265;0.04734228551387787;0.3803821802139282
44;10;2;2.0847455498235163;0.21433434651032712;0.6312399506568909;0.689071774482727;0.6927629113197327;0.6922071576118469;-0.21188244223594666;0.23438385128974915;-0.1264946311712265;0.5205766558647156
44;10;3;0.6566015561732463;0.11055321205810387;0.6312399506568909;0.689071774482727;0.6927629113197327;0.6922071576118469;0.07955925166606903;0.2632608413696289;-0.1840049773454666;0.26362910866737366
45;10;1;9.810518504693214;0.9999430038891006;0.6751207709312439;0.7078484892845154;0.6924448013305664;0.6919422745704651;0.24128222465515137;0.3633731007575989;0.04638230428099632;0.3790931701660156
45;10;2;2.340602329205481;0.2478725326106499;0.6751207709312439;0.7078484892845154;0.6924448013305664;0.6919422745704651;-0.21097485721111298;0.23520486056804657;-0.12327941507101059;0.5233150720596313
45;10;3;0.7941551540234464;0.1469718214887603;0.6751207709312439;0.7078484892845154;0.6924448013305664;0.6919422745704651;0.08039863407611847;0.2634618282318115;-0.18500809371471405;0.262210488319397
46;10;1;9.810574883272807;0.9999430038891006;0.6878019571304321;0.7289464473724365;0.6920505166053772;0.6915866732597351;0.24109745025634766;0.3641437292098999;0.045325446873903275;0.37765976786613464
46;10;2;2.547358115591198;0.2749388594104758;0.6878019571304321;0.7289464473724365;0.6920505166053772;0.6915866732597351;-0.20990566909313202;0.23617199063301086;-0.1195802316069603;0.5264063477516174
46;10;3;0.951073119623139;0.18731359440525175;0.6878019571304321;0.7289464473724365;0.6920505166053772;0.6915866732597351;0.08143490552902222;0.2637347877025604;-0.18564599752426147;0.26130834221839905
47;10;1;9.81063639455666;0.9999430038890722;0.7383252382278442;0.7699224948883057;0.6915560960769653;0.6910786628723145;0.2408672571182251;0.36504048109054565;0.044143300503492355;0.3760377764701843
47;10;2;2.933105625055642;0.34209978551836073;0.7383252382278442;0.7699224948883057;0.6915560960769653;0.6910786628723145;-0.20861124992370605;0.23733827471733093;-0.1152379959821701;0.5299929976463318
47;10;3;1.1166457633304354;0.23017245136434283;0.7383252382278442;0.7699224948883057;0.6915560960769653;0.6910786628723145;0.08272507786750793;0.264110267162323;-0.18595118820667267;0.26087674498558044
48;10;1;9.810704097918489;0.9999430038890509;0.7652978897094727;0.802009105682373;0.6908763647079468;0.6903209090232849;0.24058356881141663;0.3660860061645508;0.042821504175662994;0.37420690059661865
48;10;2;3.303232588656016;0.38940952346807833;0.7652978897094727;0.802009105682373;0.6908763647079468;0.6903209090232849;-0.2070463001728058;0.23874948918819427;-0.11014159768819809;0.5341947674751282
48;10;3;1.3434022458090649;0.28907493847438204;0.7652978897094727;0.802009105682373;0.6908763647079468;0.6903209090232849;0.08435039967298508;0.2646367847919464;-0.18597549200057983;0.26084238290786743
49;10;1;9.810777403295155;0.9999430038891148;0.8301128149032593;0.8287246823310852;0.6898719072341919;0.6892213821411133;0.2402394860982895;0.3673073351383209;0.04132623225450516;0.37213966250419617
49;10;2;3.625147837244093;0.46388385427299283;0.8301128149032593;0.8287246823310852;0.6898719072341919;0.6892213821411133;-0.20515452325344086;0.2404601275920868;-0.10412751138210297;0.5391871929168701
49;10;3;1.6130124225099678;0.3639305558404615;0.8301128149032593;0.8287246823310852;0.6898719072341919;0.6892213821411133;0.08641910552978516;0.2653905153274536;-0.1857900172472;0.26110467314720154
50;10;1;9.810855799161786;0.9999430038891077;0.8826488852500916;0.8603766560554504;0.6883909702301025;0.6876585483551025;0.23982954025268555;0.3687368333339691;0.03965034335851669;0.36983558535575867
50;10;2;4.028140012297989;0.5208608327923372;0.8826488852500916;0.8603766560554504;0.6883909702301025;0.6876585483551025;-0.20288769900798798;0.24253414571285248;-0.0970844253897667;0.5451181530952454
50;10;3;1.8761916503377911;0.41987049912447283;0.8826488852500916;0.8603766560554504;0.6883909702301025;0.6876585483551025;0.08906732499599457;0.26648861169815063;-0.18548747897148132;0.2615325450897217
51;10;1;9.810938184191201;0.9999430038890438;0.9299516677856445;0.8971028923988342;0.6863806247711182;0.6854479908943176;0.2393425554037094;0.37042346596717834;0.037808652967214584;0.3673230707645416
51;10;2;4.625433341789154;0.5984405735743863;0.9299516677856445;0.8971028923988342;0.6863806247711182;0.6854479908943176;-0.20018208026885986;0.24507127702236176;-0.08895253390073776;0.5521098375320435
51;10;3;2.2213238365812913;0.4714665583284958;0.9299516677856445;0.8971028923988342;0.6863806247711182;0.6854479908943176;0.0924605131149292;0.2681097388267517;-0.1851896494626999;0.261953741312027
52;10;1;9.811023468256813;0.9999430038891006;0.9569243788719177;0.9315106868743896;0.6835340261459351;0.6823297739028931;0.23877309262752533;0.3724343776702881;0.03583696484565735;0.3646557033061981
52;10;2;5.350650791361936;0.6709686944471009;0.9569243788719177;0.9315106868743896;0.6835340261459351;0.6823297739028931;-0.19697993993759155;0.24819296598434448;-0.07970239222049713;0.5602676272392273
52;10;3;2.679285652831272;0.5404267788578636;0.9569243788719177;0.9315106868743896;0.6835340261459351;0.6823297739028931;0.0967930406332016;0.2705214023590088;-0.1850612759590149;0.26213526725769043
53;10;1;9.811110538857385;0.9999430038890438;0.9645732641220093;0.9495861530303955;0.6799259781837463;0.6781569123268127;0.23814459145069122;0.3748723864555359;0.03385407477617264;0.3619835078716278
53;10;2;6.244818840267055;0.743977766765024;0.9645732641220093;0.9495861530303955;0.6799259781837463;0.6781569123268127;-0.1933441460132599;0.2520063519477844;-0.06964091956615448;0.5693989396095276
53;10;3;3.1927680907388734;0.5942056446418746;0.9645732641220093;0.9495861530303955;0.6799259781837463;0.6781569123268127;0.10226218402385712;0.27409687638282776;-0.18532773852348328;0.2617584466934204
54;10;1;9.811198783851772;0.9999430038890864;0.9649758338928223;0.9570262432098389;0.6754900217056274;0.6729474067687988;0.23751358687877655;0.37786078453063965;0.032009780406951904;0.3594439923763275
54;10;2;6.905934608647655;0.7949504334638995;0.9649758338928223;0.9570262432098389;0.6754900217056274;0.6729474067687988;-0.1893792748451233;0.25661179423332214;-0.05908775329589844;0.579253613948822
54;10;3;3.7343321501478712;0.6255456964356583;0.9649758338928223;0.9570262432098389;0.6754900217056274;0.6729474067687988;0.1090259775519371;0.2793043553829193;-0.18628856539726257;0.26039963960647583
55;10;1;9.811286068773441;0.9999430038890509;0.9597423076629639;0.9569052457809448;0.6709136962890625;0.666985809803009;0.23705990612506866;0.38154786825180054;0.03067326545715332;0.3572646975517273
55;10;2;7.685954918143274;0.8488273960401251;0.9597423076629639;0.9569052457809448;0.6709136962890625;0.666985809803009;-0.18542863428592682;0.26205989718437195;-0.04890996217727661;0.5890005826950073
55;10;3;4.26811974228827;0.6390734906241633;0.9597423076629639;0.9569052457809448;0.6709136962890625;0.666985809803009;0.11715366691350937;0.28664377331733704;-0.18834012746810913;0.25749826431274414
56;10;1;9.811366059119315;0.9999430038890367;0.955716609954834;0.9543470144271851;0.6663594841957092;0.6607204079627991;0.23695765435695648;0.386094868183136;0.030162019655108452;0.3555879592895508
56;10;2;8.115716925555429;0.8906784572842206;0.955716609954834;0.9543470144271851;0.6663594841957092;0.6607204079627991;-0.18180860579013824;0.26839619874954224;-0.0398266538977623;0.5978531241416931
56;10;3;4.670665053044141;0.6468570665904476;0.955716609954834;0.9543470144271851;0.6663594841957092;0.6607204079627991;0.12659722566604614;0.29653701186180115;-0.19197162985801697;0.25236254930496216
57;10;1;9.811439595364249;0.999943003889058;0.9472624659538269;0.9499911069869995;0.6609306335449219;0.6532270312309265;0.23731374740600586;0.3916335105895996;0.030687272548675537;0.35448482632637024
57;10;2;8.168159355832078;0.8766584395785131;0.9472624659538269;0.9499911069869995;0.6609306335449219;0.6532270312309265;-0.17861920595169067;0.2757386565208435;-0.03209245204925537;0.6054524779319763
57;10;3;4.983446735556541;0.6525280325339917;0.9472624659538269;0.9499911069869995;0.6609306335449219;0.6532270312309265;0.13727711141109467;0.3093162775039673;-0.19770212471485138;0.24425841867923737
58;10;1;9.81147977791121;0.999943003889058;0.9396135210990906;0.9451067447662354;0.6537413001060486;0.6437538266181946;0.23821046948432922;0.39831289649009705;0.03246220573782921;0.35405874252319336
58;10;2;8.29834220382931;0.882531809638099;0.9396135210990906;0.9451067447662354;0.6537413001060486;0.6437538266181946;-0.1759267896413803;0.2842559516429901;-0.025907397270202637;0.6115080714225769
58;10;3;5.316712141594506;0.6459750313255022;0.9396135210990906;0.9451067447662354;0.6537413001060486;0.6437538266181946;0.1491188257932663;0.3252207934856415;-0.20603641867637634;0.23247194290161133
59;10;1;9.811573707586454;0.9999430038890864;0.933172345161438;0.9402471780776978;0.6439615488052368;0.631579577922821;0.23971109092235565;0.40633273124694824;0.035659994930028915;0.35444462299346924
59;10;2;8.409774089902946;0.8906641248831093;0.933172345161438;0.9402471780776978;0.6439615488052368;0.631579577922821;-0.17381396889686584;0.29416170716285706;-0.0215123500674963;0.6157090663909912
59;10;3;5.672620936267876;0.6476345974230053;0.933172345161438;0.9402471780776978;0.6439615488052368;0.631579577922821;0.16206693649291992;0.3444077670574188;-0.21742524206638336;0.21636570990085602
60;10;1;9.811603381089007;0.9999430038890935;0.9291465282440186;0.935999870300293;0.6305643320083618;0.6158042550086975;0.24182724952697754;0.4159339368343353;0.040396977216005325;0.3558136224746704
60;10;2;8.527925395803571;0.9092763996186619;0.9291465282440186;0.935999870300293;0.6305643320083618;0.6158042550086975;-0.17235592007637024;0.3056980073451996;-0.01908310316503048;0.6178423762321472
60;10;3;6.025488607973928;0.6478906339545478;0.9291465282440186;0.935999870300293;0.6305643320083618;0.6158042550086975;0.17609477043151855;0.36698392033576965;-0.23221617937088013;0.19544817507266998
61;10;1;9.80607262265621;0.9999430038890651;0.9251207709312439;0.9330416321754456;0.6124172806739807;0.5958942174911499;0.244532972574234;0.42710310220718384;0.0466516874730587;0.3583531379699707
61;10;2;8.32936346299233;0.9083999431216618;0.9251207709312439;0.9330416321754456;0.6124172806739807;0.5958942174911499;-0.17135311663150787;0.31902241706848145;-0.017931681126356125;0.6186264753341675
61;10;3;6.208290100929602;0.6609290915422097;0.9251207709312439;0.9330416321754456;0.6124172806739807;0.5958942174911499;0.19118961691856384;0.393008291721344;-0.2506188750267029;0.16942280530929565
62;10;1;9.803488661453024;0.9999430038890793;0.9247182607650757;0.9312982559204102;0.5905135273933411;0.5735654830932617;0.24776506423950195;0.4395025670528412;0.05414096638560295;0.3620089590549469
62;10;2;7.767446204922457;0.9164181089389416;0.9247182607650757;0.9312982559204102;0.5905135273933411;0.5735654830932617;-0.17035111784934998;0.3340131938457489;-0.016363978385925293;0.6198176741600037
62;10;3;6.059099551307028;0.675649319324112;0.9247182607650757;0.9312982559204102;0.5905135273933411;0.5735654830932617;0.2072569578886032;0.4223320484161377;-0.2727968096733093;0.13805848360061646
63;10;1;9.800349266827425;0.9999430038890154;0.9247182011604309;0.9299674034118652;0.5683086514472961;0.5507786273956299;0.25136426091194153;0.4529002606868744;0.06254313886165619;0.3666161596775055
63;10;2;7.278831720163009;0.9114866492264895;0.9247182011604309;0.9299674034118652;0.5683086514472961;0.5507786273956299;-0.16914065182209015;0.3503783345222473;-0.013478736393153667;0.6223405599594116
63;10;3;5.895814321520135;0.6894139180275882;0.9247182011604309;0.9299674034118652;0.5683086514472961;0.5507786273956299;0.22405140101909637;0.4544384479522705;-0.2990013062953949;0.10099972784519196
64;10;1;9.791428781708063;0.9999430038890793;0.9243155717849731;0.9296214580535889;0.5470535755157471;0.5281774401664734;0.25510066747665405;0.4669884145259857;0.07139487564563751;0.37185582518577576
64;10;2;6.897591472870708;0.9048308227412001;0.9243155717849731;0.9296214580535889;0.5470535755157471;0.5281774401664734;-0.16760611534118652;0.36761265993118286;-0.008682727813720703;0.6268050670623779
64;10;3;5.712212814292016;0.7093004455022225;0.9243155717849731;0.9296214580535889;0.5470535755157471;0.5281774401664734;0.24118921160697937;0.4884413480758667;-0.3295643925666809;0.057777006179094315
65;10;1;9.793916343266716;0.9999430038890793;0.9243156313896179;0.925500214099884;0.5277681350708008;0.5068604946136475;0.25873854756355286;0.4814394414424896;0.08034028857946396;0.3774571716785431
65;10;2;6.669797228185548;0.8733055374093297;0.9243156313896179;0.925500214099884;0.5277681350708008;0.5068604946136475;-0.16600504517555237;0.38504758477211;-0.002329727169126272;0.6328768730163574
65;10;3;5.591914135322231;0.6975933353543837;0.9243156313896179;0.925500214099884;0.5277681350708008;0.5068604946136475;0.25817498564720154;0.523139476776123;-0.36484432220458984;0.007883631624281406
66;10;1;9.797552277672963;0.9999430038890296;0.9166666269302368;0.920085072517395;0.5101180672645569;0.4872909188270569;0.26207026839256287;0.49591708183288574;0.08913782238960266;0.38325923681259155
66;10;2;6.57779102226208;0.8363001219529664;0.9166666269302368;0.920085072517395;0.5101180672645569;0.4872909188270569;-0.16485251486301422;0.4019888937473297;0.0045311651192605495;0.6395143866539001
66;10;3;5.5148799643450666;0.681985206616389;0.9166666269302368;0.920085072517395;0.5101180672645569;0.4872909188270569;0.27449172735214233;0.5572241544723511;-0.4050498306751251;0.04897552356123924
67;10;1;9.78860240361405;0.9999430038891006;0.9110305309295654;0.9162353873252869;0.49351766705513;0.46938803791999817;0.2649714946746826;0.5100342631340027;0.09769909828901291;0.38914740085601807
67;10;2;6.4896721970662306;0.8164237983028748;0.9110305309295654;0.9162353873252869;0.49351766705513;0.46938803791999817;-0.16454875469207764;0.4178571105003357;0.011026084423065186;0.6458193063735962
67;10;3;5.464189184171486;0.6933295992706139;0.9110305309295654;0.9162353873252869;0.49351766705513;0.46938803791999817;0.2897145450115204;0.5895622968673706;-0.4500502645969391;0.11261574923992157
68;10;1;9.792304534750627;0.9999430038891148;0.9037842154502869;0.9136770963668823;0.4763619005680084;0.45213449001312256;0.26735636591911316;0.5236206650733948;0.10594996064901352;0.39499223232269287
68;10;2;6.422732451819698;0.7842726822547839;0.9037842154502869;0.9136770963668823;0.4763619005680084;0.45213449001312256;-0.16540732979774475;0.4323034882545471;0.016485076397657394;0.6510781645774841
68;10;3;5.3578765250661355;0.6651698984060204;0.9037842154502869;0.9136770963668823;0.4763619005680084;0.45213449001312256;0.3036006689071655;0.6194307208061218;-0.4992896616458893;0.1822507679462433
69;10;1;9.792062841282267;0.9999430038891006;0.8981481194496155;0.91372150182724;0.4567197561264038;0.434295117855072;0.269257128238678;0.536638617515564;0.11394809931516647;0.40067964792251587
69;10;2;6.350243764683128;0.7909608442906482;0.8981481194496155;0.91372150182724;0.4567197561264038;0.434295117855072;-0.16739261150360107;0.44528183341026306;0.020904740318655968;0.6552724838256836
69;10;3;5.263883976083932;0.6741572792770025;0.8981481194496155;0.91372150182724;0.4567197561264038;0.434295117855072;0.3161334991455078;0.646642804145813;-0.5517780780792236;0.2564806640148163
70;10;1;9.787634410483925;0.9999430038890722;0.8927134275436401;0.9140722155570984;0.43561121821403503;0.4162616729736328;0.27076655626296997;0.5492430329322815;0.12173008918762207;0.4059939980506897
70;10;2;6.185939956311021;0.7733201380616919;0.8927134275436401;0.9140722155570984;0.43561121821403503;0.4162616729736328;-0.170180082321167;0.4570009708404541;0.02480582520365715;0.6589462757110596
70;10;3;5.112835270320197;0.68354160713257;0.8927134275436401;0.9140722155570984;0.43561121821403503;0.4162616729736328;0.327485054731369;0.6714756488800049;-0.6062111854553223;0.3334606885910034
71;10;1;9.790051804659527;0.9999430038890722;0.8997584581375122;0.9145783185958862;0.4146167039871216;0.39940646290779114;0.271977037191391;0.5617675185203552;0.12936969101428986;0.410704642534256
71;10;2;6.154796616487104;0.763725023922337;0.8997584581375122;0.9145783185958862;0.4146167039871216;0.39940646290779114;-0.173386350274086;0.4678455889225006;0.028722604736685753;0.6626748442649841
71;10;3;5.04645002272828;0.6867865381412148;0.8997584581375122;0.9145783185958862;0.4146167039871216;0.39940646290779114;0.33794066309928894;0.6945008635520935;-0.6611337065696716;0.4111328125
72;10;1;9.776189657772782;0.9999430038891006;0.8949276208877563;0.9130153656005859;0.39679813385009766;0.38501662015914917;0.27299046516418457;0.5745285153388977;0.1369532346725464;0.4145522713661194
72;10;2;5.905965082299694;0.7346149358893364;0.8949276208877563;0.9130153656005859;0.39679813385009766;0.38501662015914917;-0.17648279666900635;0.4782809615135193;0.03329912945628166;0.6671572923660278
72;10;3;4.862117926245716;0.6445726401667553;0.8949276208877563;0.9130153656005859;0.39679813385009766;0.38501662015914917;0.3478231132030487;0.7164045572280884;-0.7150959968566895;0.48744702339172363
73;10;1;9.79556441303734;0.9999430038890793;0.8989532589912415;0.9131486415863037;0.3820528984069824;0.3740975558757782;0.2738640606403351;0.5877195000648499;0.14448018372058868;0.41729435324668884
73;10;2;5.8796056062044215;0.728776837232747;0.8989532589912415;0.9131486415863037;0.3820528984069824;0.3740975558757782;-0.1789517104625702;0.4886908233165741;0.039164505898952484;0.6730982661247253
73;10;3;4.846523525944731;0.6624490345689971;0.8989532589912415;0.9131486415863037;0.3820528984069824;0.3740975558757782;0.3574080467224121;0.7377870082855225;-0.7668324112892151;0.5606133341789246
74;10;1;9.794447162762673;0.9999430038890793;0.9009661674499512;0.9122869372367859;0.3706604540348053;0.36611613631248474;0.27460023760795593;0.6013346314430237;0.15193577110767365;0.4188859760761261
74;10;2;5.843160477992679;0.7206852967652502;0.9009661674499512;0.9122869372367859;0.3706604540348053;0.36611613631248474;-0.18042008578777313;0.49928736686706543;0.04668062925338745;0.6809381246566772
74;10;3;4.84632615321291;0.6577340331696355;0.9009661674499512;0.9122869372367859;0.3706604540348053;0.36611613631248474;0.3668564558029175;0.7590001821517944;-0.8154255151748657;0.6293343901634216
75;10;1;9.790249312335717;0.9999430038890935;0.9021738767623901;0.9137363433837891;0.36141645908355713;0.35943374037742615;0.2751952111721039;0.6150651574134827;0.1592787802219391;0.419545978307724
75;10;2;5.867325864665215;0.7289315069620415;0.9021738767623901;0.9137363433837891;0.36141645908355713;0.35943374037742615;-0.18064284324645996;0.5100332498550415;0.0561046227812767;0.6910449266433716
75;10;3;4.845441141814415;0.6740627728491209;0.9021738767623901;0.9137363433837891;0.36141645908355713;0.35943374037742615;0.3761821687221527;0.7800652384757996;-0.8604442477226257;0.6930004954338074
76;10;1;9.791515898973465;0.9999430038890935;0.9021738767623901;0.9138599038124084;0.3534596264362335;0.3524691164493561;0.27562215924263;0.6284431219100952;0.16659489274024963;0.4199453294277191
76;10;2;5.891055394220832;0.7207389433597982;0.9021738767623901;0.9138599038124084;0.3534596264362335;0.3524691164493561;-0.1798505187034607;0.5206498503684998;0.0669776201248169;0.7030081748962402
76;10;3;4.814257785008703;0.6635235181638599;0.9021738767623901;0.9138599038124084;0.3534596264362335;0.3524691164493561;0.3852446675300598;0.8006501793861389;-0.9020093679428101;0.7517824172973633
77;10;1;9.795643567664229;0.9999430038890793;0.9116343855857849;0.9159538149833679;0.346479594707489;0.3452122211456299;0.27586811780929565;0.6409364938735962;0.1738908737897873;0.4208172559738159
77;10;2;5.9660616938690865;0.7379412685305908;0.9116343855857849;0.9159538149833679;0.346479594707489;0.3452122211456299;-0.1785312443971634;0.5306913256645203;0.07856472581624985;0.7160715460777283
77;10;3;4.769011836885104;0.6738088935392899;0.9116343855857849;0.9159538149833679;0.346479594707489;0.3452122211456299;0.3938008248806;0.8201836347579956;-0.9406501650810242;0.8064287900924683
78;10;1;9.794141420263095;0.9999430038890864;0.9120369553565979;0.9166946411132812;0.3424161374568939;0.3397983908653259;0.27589181065559387;0.6521517038345337;0.1812177151441574;0.4226895272731781
78;10;2;6.03319162395627;0.7411470676513474;0.9120369553565979;0.9166946411132812;0.3424161374568939;0.3397983908653259;-0.17723259329795837;0.539758026599884;0.0897008404135704;0.7288938760757446
78;10;3;4.730315736645895;0.680904795903249;0.9120369553565979;0.9166946411132812;0.3424161374568939;0.3397983908653259;0.4015647768974304;0.8379929661750793;-0.9770563244819641;0.8579148650169373
79;10;1;9.801737230725692;0.9999430038890722;0.9198872447013855;0.9227197766304016;0.34054189920425415;0.3364596366882324;0.27567368745803833;0.6616309881210327;0.188629150390625;0.4256800413131714
79;10;2;6.147757493933483;0.7678845287731271;0.9198872447013855;0.9227197766304016;0.34054189920425415;0.3364596366882324;-0.17627647519111633;0.547419011592865;0.09999629110097885;0.7409741282463074
79;10;3;4.681779263350119;0.6951919529187283;0.9198872447013855;0.9227197766304016;0.34054189920425415;0.3364596366882324;0.4082915782928467;0.8534998297691345;-1.011846899986267;0.907116174697876
80;10;1;9.801439438889687;0.9999430038890509;0.9198873043060303;0.9262262582778931;0.33969879150390625;0.33423271775245667;0.275193989276886;0.6692174077033997;0.1961270421743393;0.42964833974838257
80;10;2;6.266326800053925;0.7979912387833572;0.9198873043060303;0.9262262582778931;0.33969879150390625;0.33423271775245667;-0.1759432852268219;0.5534349083900452;0.1089600920677185;0.7516683340072632
80;10;3;4.6834209216472615;0.7339374494817203;0.9198873043060303;0.9262262582778931;0.33969879150390625;0.33423271775245667;0.4138222336769104;0.8663251399993896;-1.0454738140106201;0.9546717405319214
81;10;1;9.800128757084416;0.9999430038890367;0.9202898740768433;0.9272313117980957;0.3392544090747833;0.33257269859313965;0.274490088224411;0.6750209927558899;0.2036449909210205;0.4342041313648224
81;10;2;6.310017189911445;0.787892716560151;0.9202898740768433;0.9272313117980957;0.3392544090747833;0.33257269859313965;-0.17637096345424652;0.5577862858772278;0.11617674678564072;0.7603978514671326
81;10;3;4.641989344255755;0.7000298269218401;0.9202898740768433;0.9272313117980957;0.3392544090747833;0.33257269859313965;0.4181079864501953;0.8763492703437805;-1.078157663345337;1.0008938312530518
82;10;1;9.801956672488352;0.999943003889058;0.9198873043060303;0.9270411729812622;0.33776023983955383;0.3304947018623352;0.27358192205429077;0.6792662143707275;0.21117030084133148;0.43906301259994507
82;10;2;6.364042877107369;0.7996395094110049;0.9198873043060303;0.9270411729812622;0.33776023983955383;0.3304947018623352;-0.17750264704227448;0.5606303811073303;0.12159508466720581;0.7670389413833618
82;10;3;4.632627292165999;0.7119829708058898;0.9198873043060303;0.9270411729812622;0.33776023983955383;0.3304947018623352;0.4212275743484497;0.8837514519691467;-1.1098518371582031;1.0457160472869873
83;10;1;9.805650067959128;0.9999430038890367;0.9301530122756958;0.9272584915161133;0.3344740867614746;0.32829374074935913;0.2725541293621063;0.6821757555007935;0.21860520541667938;0.4441372752189636
83;10;2;6.352196900349355;0.7893180536795441;0.9301530122756958;0.9272584915161133;0.3344740867614746;0.32829374074935913;-0.17893019318580627;0.5622997283935547;0.12557679414749146;0.771996259689331
83;10;3;4.667702110172268;0.7105047238833375;0.9301530122756958;0.9272584915161133;0.3344740867614746;0.32829374074935913;0.4233677089214325;0.8889644742012024;-1.140265941619873;1.0887281894683838
84;10;1;9.808257240348553;0.999943003889058;0.9297505021095276;0.927772045135498;0.3306574821472168;0.32718777656555176;0.27147072553634644;0.6837975382804871;0.22585682570934296;0.44968780875205994
84;10;2;6.399130487464571;0.8030114125762218;0.9297505021095276;0.927772045135498;0.3306574821472168;0.32718777656555176;-0.18005892634391785;0.5631422996520996;0.12882255017757416;0.7761282324790955
84;10;3;4.729333760393894;0.7137943266087152;0.9297505021095276;0.927772045135498;0.3306574821472168;0.32718777656555176;0.42475172877311707;0.8925064206123352;-1.169006109237671;1.1293729543685913
85;10;1;9.804727089443645;0.9999430038890509;0.9384058713912964;0.9273473024368286;0.32543936371803284;0.3271190822124481;0.27038973569869995;0.6841913461685181;0.23280596733093262;0.45591413974761963
85;10;2;6.392641137133662;0.7967608160439639;0.9384058713912964;0.9273473024368286;0.32543936371803284;0.3271190822124481;-0.18053609132766724;0.5634216070175171;0.1317678689956665;0.7799789309501648
85;10;3;4.747084275868714;0.7093001161616534;0.9384058713912964;0.9273473024368286;0.32543936371803284;0.3271190822124481;0.42555731534957886;0.8947863578796387;-1.1957824230194092;1.1672403812408447
86;10;1;9.803564973619146;0.999943003889058;0.9392110109329224;0.9278831481933594;0.3219303488731384;0.32696032524108887;0.2693447768688202;0.6833548545837402;0.23938024044036865;0.462968647480011
86;10;2;6.4538045680135845;0.8163833299996703;0.9392110109329224;0.9278831481933594;0.3219303488731384;0.32696032524108887;-0.1801775097846985;0.5632710456848145;0.1346207857131958;0.7838137149810791
86;10;3;4.82470375129885;0.7225210620048834;0.9392110109329224;0.9278831481933594;0.3219303488731384;0.32696032524108887;0.4258754849433899;0.8960075974464417;-1.2205467224121094;1.2022621631622314
87;10;1;9.804586107975183;0.999943003889058;0.9396135807037354;0.9311550259590149;0.31988996267318726;0.32588887214660645;0.26842379570007324;0.6812222599983215;0.24538330733776093;0.47078779339790344
87;10;2;6.471372424361913;0.8252867149985228;0.9396135807037354;0.9311550259590149;0.31988996267318726;0.32588887214660645;-0.17906691133975983;0.5626083612442017;0.13745170831680298;0.7877218723297119
87;10;3;4.870134504570659;0.7276823827772159;0.9396135807037354;0.9311550259590149;0.31988996267318726;0.32588887214660645;0.4256936311721802;0.8961275219917297;-1.2435452938079834;1.2347872257232666
88;10;1;9.806928807059997;0.9999430038890509;0.9388083815574646;0.9329649806022644;0.31963080167770386;0.3237069547176361;0.2676507532596588;0.6779215335845947;0.2508268356323242;0.4788704216480255
88;10;2;6.545928284426271;0.8243897812001748;0.9388083815574646;0.9329649806022644;0.31963080167770386;0.3237069547176361;-0.17760898172855377;0.5612832307815552;0.13974899053573608;0.7910401225090027
88;10;3;4.918463820220708;0.7285290672224658;0.9388083815574646;0.9329649806022644;0.31963080167770386;0.3237069547176361;0.42491382360458374;0.8949014544487;-1.265265703201294;1.2655043601989746
89;10;1;9.810579779059353;0.999943003889058;0.9545088410377502;0.9353034496307373;0.31810861825942993;0.3215353190898895;0.26703792810440063;0.6735804677009583;0.25570395588874817;0.48654186725616455
89;10;2;6.542629720130993;0.8273291660554563;0.9545088410377502;0.9353034496307373;0.31810861825942993;0.3215353190898895;-0.17634129524230957;0.559050977230072;0.14100605249404907;0.7930987477302551
89;10;3;4.9275242049961;0.7369137638453704;0.9545088410377502;0.9353034496307373;0.31810861825942993;0.3215353190898895;0.4234083890914917;0.8920145630836487;-1.286240816116333;1.2951676845550537
90;10;1;9.806722593716351;0.9999430038890651;0.9557165503501892;0.9380149245262146;0.3147065043449402;0.31957581639289856;0.26656898856163025;0.6682286858558655;0.2601279318332672;0.4934113621711731
90;10;2;6.645681800251424;0.8395517283656595;0.9557165503501892;0.9380149245262146;0.3147065043449402;0.31957581639289856;-0.17564073204994202;0.5557252168655396;0.14097967743873596;0.7935606241226196
90;10;3;4.9680543465516465;0.7486311873436868;0.9557165503501892;0.9380149245262146;0.3147065043449402;0.31957581639289856;0.4211021065711975;0.8872745633125305;-1.3068525791168213;1.3243170976638794
91;10;1;9.807064818009643;0.9999430038890509;0.9565218091011047;0.9397828578948975;0.31064802408218384;0.31724148988723755;0.2662379741668701;0.6619613170623779;0.2641170620918274;0.4993172287940979
91;10;2;6.707147393769997;0.8611641860019326;0.9565218091011047;0.9397828578948975;0.31064802408218384;0.31724148988723755;-0.17561745643615723;0.5512985587120056;0.13972942531108856;0.7924860715866089
91;10;3;4.999463179920745;0.7605821971971398;0.9565218091011047;0.9397828578948975;0.31064802408218384;0.31724148988723755;0.41803109645843506;0.8807519674301147;-1.327221393585205;1.3531229496002197
92;10;1;9.804673358168209;0.9999430038890509;0.9565218091011047;0.9415261745452881;0.30541476607322693;0.3139845132827759;0.2660450041294098;0.6548463106155396;0.26772594451904297;0.5045850872993469
92;10;2;6.73723194373229;0.8623760862399763;0.9565218091011047;0.9415261745452881;0.30541476607322693;0.3139845132827759;-0.1759992092847824;0.5459952354431152;0.13767896592617035;0.7904102802276611
92;10;3;5.080029051166278;0.7561495232049857;0.9565218091011047;0.9415261745452881;0.30541476607322693;0.3139845132827759;0.41436147689819336;0.8728229403495789;-1.3472001552581787;1.3813772201538086
93;10;1;9.803830210034178;0.9999430038890651;0.9569243788719177;0.9424521923065186;0.2997337877750397;0.3103851079940796;0.2659793794155121;0.6470261812210083;0.27102991938591003;0.5097076892852783
93;10;2;6.798009124335607;0.8700292683881301;0.9569243788719177;0.9424521923065186;0.2997337877750397;0.3103851079940796;-0.17649158835411072;0.5401476621627808;0.13535574078559875;0.7879993319511414
93;10;3;5.216019562929809;0.7822956212540451;0.9569243788719177;0.9424521923065186;0.2997337877750397;0.3103851079940796;0.4103372097015381;0.864047110080719;-1.3664872646331787;1.4086534976959229
94;10;1;9.801973219320018;0.9999430038890793;0.9573269486427307;0.944259762763977;0.29430460929870605;0.30697521567344666;0.266032874584198;0.6385465264320374;0.27411672472953796;0.5153313875198364
94;10;2;6.822043983700983;0.8683409077980251;0.9573269486427307;0.944259762763977;0.29430460929870605;0.30697521567344666;-0.17668657004833221;0.5341067910194397;0.13347046077251434;0.7861560583114624
94;10;3;5.348036557122153;0.7825320955067188;0.9573269486427307;0.944259762763977;0.29430460929870605;0.30697521567344666;0.4062221944332123;0.8550333380699158;-1.3847496509552002;1.4344804286956787
95;10;1;9.800011139579368;0.9999430038890154;0.9581320285797119;0.9459191560745239;0.28965431451797485;0.3038860857486725;0.2662155330181122;0.6295097470283508;0.27700453996658325;0.5218909978866577
95;10;2;6.85701581581543;0.8796171021809016;0.9581320285797119;0.9459191560745239;0.28965431451797485;0.3038860857486725;-0.1762356460094452;0.5281939506530762;0.1324855536222458;0.7854591012001038
95;10;3;5.4469827649832645;0.7889913056586426;0.9581320285797119;0.9459191560745239;0.28965431451797485;0.3038860857486725;0.4022223949432373;0.846257209777832;-1.401787519454956;1.4585752487182617
96;10;1;9.802310895885903;0.9999430038890793;0.9585345983505249;0.9463537931442261;0.2858222424983978;0.3005789518356323;0.2665279507637024;0.6202284097671509;0.2797108292579651;0.5292025208473206
96;10;2;6.882586443970936;0.8845576101355626;0.9585345983505249;0.9463537931442261;0.2858222424983978;0.3005789518356323;-0.1752530336380005;0.5225569009780884;0.1322798728942871;0.7857537865638733
96;10;3;5.52231885121058;0.7935812724249125;0.9585345983505249;0.9463537931442261;0.2858222424983978;0.3005789518356323;0.39842408895492554;0.8379163146018982;-1.4176642894744873;1.481028437614441
97;10;1;9.80392146011058;0.9999430038890154;0.9597423076629639;0.9500997066497803;0.2832616865634918;0.2973056435585022;0.2669624090194702;0.6106057167053223;0.28230759501457214;0.5373349785804749
97;10;2;6.995850267180945;0.9039955663852659;0.9597423076629639;0.9500997066497803;0.2832616865634918;0.2973056435585022;-0.17385880649089813;0.5171071887016296;0.13292258977890015;0.7871173024177551
97;10;3;5.642968777342613;0.7963470276775588;0.9597423076629639;0.9500997066497803;0.2832616865634918;0.2973056435585022;0.39480793476104736;0.829963743686676;-1.4326508045196533;1.502223014831543
98;10;1;9.805656956853227;0.9999430038890225;0.9601448774337769;0.9521147608757019;0.28210386633872986;0.29358649253845215;0.2674974501132965;0.600849449634552;0.2848602831363678;0.5457403063774109
98;10;2;7.1315926227319295;0.9097694371071334;0.9601448774337769;0.9521147608757019;0.28210386633872986;0.29358649253845215;-0.1724453717470169;0.5117096304893494;0.13393299281597137;0.7889242768287659
98;10;3;5.780072163944441;0.8153832627038664;0.9601448774337769;0.9521147608757019;0.28210386633872986;0.29358649253845215;0.39127832651138306;0.8221784234046936;-1.4471750259399414;1.5227632522583008
99;10;1;9.807723735257788;0.9999430038890793;0.9597424268722534;0.9543717503547668;0.2820839285850525;0.2904483675956726;0.2681162655353546;0.5911281108856201;0.28735366463661194;0.5539084672927856
99;10;2;7.337449697375284;0.9214350052635005;0.9597424268722534;0.9543717503547668;0.2820839285850525;0.2904483675956726;-0.17134280502796173;0.5062187910079956;0.13488364219665527;0.7906193137168884
99;10;3;5.969498086686695;0.8190161690428273;0.9597424268722534;0.9543717503547668;0.2820839285850525;0.2904483675956726;0.3877333104610443;0.814326822757721;-1.461653709411621;1.5432392358779907
100;10;1;9.806490376239601;0.9999430038890651;0.9601448774337769;0.9552805423736572;0.28217390179634094;0.2879904806613922;0.26879197359085083;0.5818729400634766;0.2897104322910309;0.5611145496368408
100;10;2;7.491878608945726;0.9223831526976198;0.9601448774337769;0.9552805423736572;0.28217390179634094;0.2879904806613922;-0.17084786295890808;0.5006080269813538;0.13533179461956024;0.7916227579116821
100;10;3;6.1314444895946085;0.8316065348856672;0.9601448774337769;0.9552805423736572;0.28217390179634094;0.2879904806613922;0.3841334581375122;0.8063209652900696;-1.4763648509979248;1.5640435218811035
101;10;1;9.807125238041237;0.9999430038890367;0.9609500169754028;0.9554582834243774;0.28185173869132996;0.28607693314552307;0.26952311396598816;0.5733736753463745;0.292006254196167;0.5672483444213867
101;10;2;7.638253345759431;0.9180521746407067;0.9609500169754028;0.9554582834243774;0.28185173869132996;0.28607693314552307;-0.1709776371717453;0.49506670236587524;0.13512824475765228;0.7917386293411255
101;10;3;6.29638948978841;0.8198814344323715;0.9609500169754028;0.9554582834243774;0.28185173869132996;0.28607693314552307;0.3805696368217468;0.7983750104904175;-1.4913294315338135;1.5852067470550537
102;10;1;9.80727773101853;0.9999430038890154;0.9605474472045898;0.95574951171875;0.28064507246017456;0.2844429612159729;0.270323246717453;0.5658960342407227;0.29432716965675354;0.5725521445274353
102;10;2;7.726431721260145;0.9243559809766175;0.9605474472045898;0.95574951171875;0.28064507246017456;0.2844429612159729;-0.1714802384376526;0.489981472492218;0.13449475169181824;0.791255533695221
102;10;3;6.4509800497868;0.8250912059868387;0.9605474472045898;0.95574951171875;0.28064507246017456;0.2844429612159729;0.37726926803588867;0.7910172939300537;-1.5063042640686035;1.6063846349716187
103;10;1;9.808998999246938;0.9999430038890438;0.9613526463508606;0.9560359716415405;0.2795409858226776;0.2835755944252014;0.27120956778526306;0.5596728324890137;0.29670560359954834;0.5775370001792908
103;10;2;7.869532492585694;0.9141060718756826;0.9613526463508606;0.9560359716415405;0.2795409858226776;0.2835755944252014;-0.1719793677330017;0.48584672808647156;0.133794367313385;0.7906510829925537
103;10;3;6.613744120126542;0.820190210114033;0.9613526463508606;0.9560359716415405;0.2795409858226776;0.2835755944252014;0.3745265007019043;0.7849279642105103;-1.5209031105041504;1.6270302534103394
104;10;1;9.810201113672022;0.9999430038890438;0.9617552757263184;0.9562779664993286;0.2794620096683502;0.28355228900909424;0.27220794558525085;0.5548813939094543;0.2992369830608368;0.5825621485710144
104;10;2;8.037144479621219;0.9383859161551165;0.9617552757263184;0.9562779664993286;0.2794620096683502;0.28355228900909424;-0.1721407175064087;0.48307672142982483;0.13336291909217834;0.7903686761856079
104;10;3;6.762263036020263;0.8408709383942501;0.9617552757263184;0.9562779664993286;0.2794620096683502;0.28355228900909424;0.37259095907211304;0.7806819677352905;-1.534782886505127;1.64665949344635
105;10;1;9.807825288338933;0.9999430038890651;0.9613527059555054;0.9564064741134644;0.28025224804878235;0.2838336229324341;0.2733175456523895;0.5516119003295898;0.3019145131111145;0.587792694568634
105;10;2;8.142855951123764;0.9376054291500111;0.9613527059555054;0.9564064741134644;0.28025224804878235;0.2838336229324341;-0.17184004187583923;0.4818446934223175;0.13331177830696106;0.7905570268630981
105;10;3;6.893385441033235;0.8511289725725835;0.9613527059555054;0.9564064741134644;0.28025224804878235;0.2838336229324341;0.3715659976005554;0.7785162925720215;-1.547818899154663;1.6650948524475098
106;10;1;9.80884321542893;0.9999430038890225;0.9613527059555054;0.9566336274147034;0.2816304862499237;0.283829927444458;0.27453288435935974;0.5499550700187683;0.3046959340572357;0.5929033160209656
106;10;2;8.259692348961117;0.9423210588533735;0.9613527059555054;0.9566336274147034;0.2816304862499237;0.283829927444458;-0.1712402105331421;0.4820306897163391;0.13340747356414795;0.790912926197052
106;10;3;7.004317644506626;0.8547144054076945;0.9613527059555054;0.9566336274147034;0.2816304862499237;0.283829927444458;0.3713683485984802;0.7782391905784607;-1.5601701736450195;1.6825625896453857
107;10;1;9.810742616102338;0.9999430038890509;0.9621578454971313;0.9567224383354187;0.2832352817058563;0.2835786044597626;0.2758239507675171;0.5499829053878784;0.30751749873161316;0.5972844958305359
107;10;2;8.39138050515465;0.9305584949665686;0.9621578454971313;0.9567224383354187;0.2832352817058563;0.2835786044597626;-0.17072001099586487;0.4833012819290161;0.1331614851951599;0.7907975912094116
107;10;3;7.062665281297523;0.8340727129605625;0.9621578454971313;0.9567224383354187;0.2832352817058563;0.2835786044597626;0.3717791736125946;0.7793472409248352;-1.5721843242645264;1.69955313205719
108;10;1;9.811017317721301;0.9999430038890509;0.9613527059555054;0.9567718505859375;0.28447797894477844;0.2831854224205017;0.2771621644496918;0.551611602306366;0.310321182012558;0.6004431843757629
108;10;2;8.391649334493763;0.9341908064811584;0.9613527059555054;0.9567718505859375;0.28447797894477844;0.2831854224205017;-0.17060501873493195;0.4852755665779114;0.13221889734268188;0.7897470593452454
108;10;3;7.098684070027534;0.8465047402970782;0.9613527059555054;0.9567718505859375;0.28447797894477844;0.2831854224205017;0.37256646156311035;0.7813082337379456;-1.5841777324676514;1.7165143489837646
109;10;1;9.809349765387836;0.9999430038890154;0.9605474472045898;0.9568459391593933;0.2845812439918518;0.2825031578540802;0.27852368354797363;0.5546496510505676;0.31309643387794495;0.60223788022995
109;10;2;8.400195512157861;0.932651493891921;0.9605474472045898;0.9568459391593933;0.2845812439918518;0.2825031578540802;-0.1710340529680252;0.4877069890499115;0.13049495220184326;0.7876536846160889
109;10;3;7.05134007406005;0.8376460048808863;0.9605474472045898;0.9568459391593933;0.2845812439918518;0.2825031578540802;0.3735939860343933;0.7838094830513;-1.5962660312652588;1.7336094379425049
110;10;1;9.80880108178416;0.9999430038890367;0.9605474472045898;0.9569398164749146;0.2831327021121979;0.28139519691467285;0.2799040973186493;0.5587922930717468;0.31588369607925415;0.602979302406311
110;10;2;8.34012817421555;0.9298222408274341;0.9605474472045898;0.9569398164749146;0.2831327021121979;0.28139519691467285;-0.17188706994056702;0.49054330587387085;0.12827110290527344;0.784892737865448
110;10;3;7.017050018735636;0.8322073765652682;0.9605474472045898;0.9569398164749146;0.2831327021121979;0.28139519691467285;0.3748621940612793;0.7868549227714539;-1.6083130836486816;1.7506465911865234
111;10;1;9.809534854368792;0.9999430038890225;0.9605474472045898;0.9570039510726929;0.2805565297603607;0.2800710201263428;0.281308114528656;0.5637167096138;0.3187640905380249;0.6032439470291138
111;10;2;8.29248273887329;0.9420228189064268;0.9605474472045898;0.9570039510726929;0.2805565297603607;0.2800710201263428;-0.17288081347942352;0.49388256669044495;0.12601155042648315;0.7820761203765869
111;10;3;6.97054396825402;0.8424208835315135;0.9605474472045898;0.9570039510726929;0.2805565297603607;0.2800710201263428;0.3764646053314209;0.7906621098518372;-1.620018720626831;1.7672011852264404
112;10;1;9.808635074614472;0.9999430038890367;0.9613525867462158;0.9571176767349243;0.2777007520198822;0.2788294553756714;0.2827415466308594;0.5690958499908447;0.3218020498752594;0.6036471128463745
112;10;2;8.172659749632231;0.918515205366834;0.9613525867462158;0.9571176767349243;0.2777007520198822;0.2788294553756714;-0.17371392250061035;0.49782827496528625;0.12418540567159653;0.7798162698745728
112;10;3;6.885048814466991;0.8372127452198743;0.9613525867462158;0.9571176767349243;0.2777007520198822;0.2788294553756714;0.37849506735801697;0.7954506874084473;-1.6310789585113525;1.7828426361083984
113;10;1;9.805920777731686;0.999943003889058;0.9613525867462158;0.9572262763977051;0.27522942423820496;0.2777225375175476;0.28419873118400574;0.5746157765388489;0.32499808073043823;0.604623556137085
113;10;2;8.024214278758027;0.9389521794150717;0.9613525867462158;0.9572262763977051;0.27522942423820496;0.2777225375175476;-0.17420530319213867;0.5023581981658936;0.12309174239635468;0.7785004377365112
113;10;3;6.762338043993898;0.8443731896839282;0.9613525867462158;0.9572262763977051;0.27522942423820496;0.2777225375175476;0.38096246123313904;0.8012445569038391;-1.6413376331329346;1.7973504066467285
114;10;1;9.808482209725668;0.999943003888994;0.9617551565170288;0.9573348760604858;0.2734599709510803;0.27663707733154297;0.28567972779273987;0.5800317525863647;0.3283444941043854;0.6061843633651733
114;10;2;7.924190066791809;0.9418336692550255;0.9617551565170288;0.9573348760604858;0.2734599709510803;0.27663707733154297;-0.1743849217891693;0.5072713494300842;0.12274692952632904;0.7781482338905334
114;10;3;6.665548129222319;0.8424024065188149;0.9617551565170288;0.9573348760604858;0.2734599709510803;0.27663707733154297;0.3837551474571228;0.807788610458374;-1.6508584022521973;1.8108150959014893
115;10;1;9.80810909228726;0.9999430038890651;0.9617551565170288;0.957438588142395;0.2723293602466583;0.275583952665329;0.28717872500419617;0.5851894021034241;0.3318198621273041;0.6080193519592285
115;10;2;7.886293964727734;0.9394840199533476;0.9617551565170288;0.957438588142395;0.2723293602466583;0.275583952665329;-0.17446929216384888;0.5122495889663696;0.12289850413799286;0.7784319519996643
115;10;3;6.617318914544963;0.8416396512223354;0.9617551565170288;0.957438588142395;0.2723293602466583;0.275583952665329;0.38667553663253784;0.8146272301673889;-1.65987229347229;1.8235622644424438
116;10;1;9.808181135702426;0.9999430038890367;0.9617551565170288;0.9575028419494629;0.2715378701686859;0.2747035324573517;0.2886887490749359;0.5900114178657532;0.33537206053733826;0.6097284555435181
116;10;2;7.864536659074837;0.9368519657418801;0.9617551565170288;0.9575028419494629;0.2715378701686859;0.2747035324573517;-0.17470885813236237;0.516986072063446;0.12321575731039047;0.7789228558540344
116;10;3;6.571012919959308;0.8519103991315351;0.9617551565170288;0.9575028419494629;0.2715378701686859;0.2747035324573517;0.3895226716995239;0.8212954998016357;-1.6686384677886963;1.8359599113464355
117;10;1;9.809056326648992;0.9999430038890154;0.9625603556632996;0.9576065540313721;0.27051296830177307;0.2739488184452057;0.2902098596096039;0.5944333672523499;0.33896464109420776;0.6110913157463074
117;10;2;7.789818340929028;0.9357792564779608;0.9625603556632996;0.9576065540313721;0.27051296830177307;0.2739488184452057;-0.17522336542606354;0.5213017463684082;0.12350936979055405;0.7793756127357483
117;10;3;6.479622347356232;0.8411028318517388;0.9625603556632996;0.9576065540313721;0.27051296830177307;0.2739488184452057;0.39217206835746765;0.8275042772293091;-1.6773133277893066;1.8482279777526855
118;10;1;9.809670415499639;0.9999430038890438;0.9617552161216736;0.9577348828315735;0.26888033747673035;0.27319732308387756;0.29174959659576416;0.5983924865722656;0.34252649545669556;0.6122189164161682
118;10;2;7.788515672098626;0.9384857273939708;0.9617552161216736;0.9577348828315735;0.26888033747673035;0.27319732308387756;-0.1759377121925354;0.5251954197883606;0.12379809468984604;0.7798151969909668
118;10;3;6.449620278434233;0.8504033183292279;0.9617552161216736;0.9577348828315735;0.26888033747673035;0.27319732308387756;0.3946067988872528;0.8332135677337646;-1.685896635055542;1.8603665828704834
119;10;1;9.80990352757177;0.9999430038890225;0.9625603556632996;0.9577794075012207;0.26679727435112;0.27250269055366516;0.29332372546195984;0.6018241047859192;0.3460155129432678;0.6134220957756042
119;10;2;7.781370866450185;0.953559075192981;0.9625603556632996;0.9577794075012207;0.26679727435112;0.27250269055366516;-0.17663021385669708;0.5287917256355286;0.12425166368484497;0.7804638743400574
119;10;3;6.444566875138387;0.8629358861946734;0.9625603556632996;0.9577794075012207;0.26679727435112;0.27250269055366516;0.39688676595687866;0.83856201171875;-1.6942782402038574;1.8722196817398071
120;10;1;9.810005769932637;0.9999430038890083;0.9629629850387573;0.9578485488891602;0.26484036445617676;0.27195310592651367;0.29494497179985046;0.6046903133392334;0.34941181540489197;0.6149808764457703
120;10;2;7.727362771361811;0.9234124108911956;0.9629629850387573;0.9578485488891602;0.26484036445617676;0.27195310592651367;-0.17707841098308563;0.532227098941803;0.12502765655517578;0.781528115272522
120;10;3;6.402165840108404;0.8467639634348814;0.9629629850387573;0.9578485488891602;0.26484036445617676;0.27195310592651367;0.3990786671638489;0.8437045216560364;-1.7023489475250244;1.8836337327957153
121;10;1;9.810187733789938;0.9999430038890793;0.9637681245803833;0.9578633308410645;0.26348182559013367;0.27149292826652527;0.296621710062027;0.6070054173469543;0.3526988625526428;0.6169355511665344
121;10;2;7.723882534555205;0.9543447374178946;0.9637681245803833;0.9578633308410645;0.26348182559013367;0.27149292826652527;-0.1771973967552185;0.5355457663536072;0.1261269897222519;0.7830113768577576
121;10;3;6.405064015566703;0.8589915017150584;0.9637681245803833;0.9578633308410645;0.26348182559013367;0.27149292826652527;0.40119343996047974;0.8486666679382324;-1.7101054191589355;1.894602656364441
122;10;1;9.810499677938168;0.9999430038890083;0.9645732641220093;0.9580066204071045;0.26287204027175903;0.2710270285606384;0.2983591854572296;0.608839213848114;0.3558371067047119;0.6190465688705444
122;10;2;7.740315296106303;0.9375700008194805;0.9645732641220093;0.9580066204071045;0.26287204027175903;0.2710270285606384;-0.1770789921283722;0.5386707186698914;0.12735718488693237;0.7846638560295105
122;10;3;6.375734949086109;0.8445317494011277;0.9645732641220093;0.9580066204071045;0.26287204027175903;0.2710270285606384;0.40316829085350037;0.853302001953125;-1.7176785469055176;1.9053130149841309
123;10;1;9.81082835241385;0.9999430038890154;0.9645732641220093;0.9581350088119507;0.26288264989852905;0.27059128880500793;0.3001582622528076;0.6103087067604065;0.3587875962257385;0.6208817362785339
123;10;2;7.782555959525286;0.9397619666270707;0.9645732641220093;0.9581350088119507;0.26288264989852905;0.27059128880500793;-0.17694051563739777;0.5414521098136902;0.12841087579727173;0.7860833406448364
123;10;3;6.39430034382992;0.8648452503067698;0.9645732641220093;0.9581350088119507;0.26288264989852905;0.27059128880500793;0.4048992395401001;0.8573678731918335;-1.7252764701843262;1.9160577058792114
124;10;1;9.811237125153959;0.9999430038890367;0.9649758338928223;0.9582436084747314;0.26303669810295105;0.2702219486236572;0.3020162284374237;0.6115177869796753;0.3615100383758545;0.6220977902412415
124;10;2;7.773586352915725;0.9246074462284675;0.9649758338928223;0.9582436084747314;0.26303669810295105;0.2702219486236572;-0.17696437239646912;0.5437730550765991;0.1290464997291565;0.786952018737793
124;10;3;6.376779641813442;0.8411535512242256;0.9649758338928223;0.9582436084747314;0.26303669810295105;0.2702219486236572;0.40630674362182617;0.8606780171394348;-1.7330658435821533;1.92707359790802
125;10;1;9.811430871817734;0.9999430038890509;0.9645732641220093;0.9582732915878296;0.26278725266456604;0.2698264718055725;0.30393049120903015;0.6125290989875793;0.3639901578426361;0.6226173043251038
125;10;2;7.789872209213435;0.9574979560555974;0.9645732641220093;0.9582732915878296;0.26278725266456604;0.2698264718055725;-0.1771870106458664;0.5456324219703674;0.12920425832271576;0.7871904373168945
125;10;3;6.4187437329489025;0.8698303236531402;0.9645732641220093;0.9582732915878296;0.26278725266456604;0.2698264718055725;0.407385915517807;0.8632205128669739;-1.7410857677459717;1.93841552734375
126;10;1;9.81189881844952;0.9999430038890225;0.9649758338928223;0.9582880735397339;0.26198244094848633;0.26934897899627686;0.3058968484401703;0.6133742928504944;0.3662312924861908;0.6226359009742737
126;10;2;7.802670929153038;0.9414687565360218;0.9649758338928223;0.9582880735397339;0.26198244094848633;0.26934897899627686;-0.17749515175819397;0.5471510887145996;0.12900131940841675;0.786952018737793
126;10;3;6.424148428404958;0.8596681231297332;0.9649758338928223;0.9582880735397339;0.26198244094848633;0.26934897899627686;0.4082096815109253;0.8651652336120605;-1.7492406368255615;1.9499485492706299
127;10;1;9.811858052520812;0.9999430038890438;0.9649758338928223;0.9583868384361267;0.2609238028526306;0.26884526014328003;0.3079097867012024;0.6140491962432861;0.36827215552330017;0.6224849820137024
127;10;2;7.821382983824698;0.9412499122017408;0.9649758338928223;0.9583868384361267;0.2609238028526306;0.26884526014328003;-0.17770321667194366;0.5484995245933533;0.12865543365478516;0.7865231037139893
127;10;3;6.4425960489093725;0.8517351055362319;0.9649758338928223;0.9583868384361267;0.2609238028526306;0.26884526014328003;0.408886194229126;0.8667643666267395;-1.7573721408843994;1.961448311805725
128;10;1;9.811212410282444;0.9999430038890438;0.9653784036636353;0.9584658145904541;0.26010388135910034;0.2683331072330475;0.30995914340019226;0.614574134349823;0.37016260623931885;0.6223761439323425
128;10;2;7.836660577787349;0.9389470147345556;0.9653784036636353;0.9584658145904541;0.26010388135910034;0.2683331072330475;-0.1777030974626541;0.549799919128418;0.12831853330135345;0.7861036658287048
128;10;3;6.4452270633793205;0.8518699669093355;0.9653784036636353;0.9584658145904541;0.26010388135910034;0.2683331072330475;0.4094979763031006;0.8682105541229248;-1.7653632164001465;1.9727489948272705
129;10;1;9.810302295459685;0.9999430038890225;0.9649758338928223;0.9586139917373657;0.25978294014930725;0.2677842378616333;0.31202495098114014;0.6149963140487671;0.3719066083431244;0.6223434805870056
129;10;2;7.847527641258047;0.9385541631498313;0.9649758338928223;0.9586139917373657;0.25978294014930725;0.2677842378616333;-0.17753611505031586;0.5510702133178711;0.12800554931163788;0.7857134342193604
129;10;3;6.461755290240028;0.8528564568989587;0.9649758338928223;0.9586139917373657;0.25978294014930725;0.2677842378616333;0.41006824374198914;0.8695583939552307;-1.7731959819793701;1.9838261604309082
130;10;1;9.809966989548833;0.9999430038890296;0.9653784036636353;0.9587770104408264;0.25988972187042236;0.26724088191986084;0.3140929937362671;0.6153846383094788;0.37352871894836426;0.6222183108329773
130;10;2;7.895448279767262;0.9225357446824916;0.9653784036636353;0.9587770104408264;0.25988972187042236;0.26724088191986084;-0.17735831439495087;0.5522492527961731;0.1276196539402008;0.7852256298065186
130;10;3;6.476965280108205;0.8478308576281819;0.9653784036636353;0.9587770104408264;0.25988972187042236;0.26724088191986084;0.41057372093200684;0.8707535266876221;-1.780930995941162;1.9947655200958252
131;10;1;9.81064835645794;0.9999430038890367;0.9657809734344482;0.958959698677063;0.2601149380207062;0.26675572991371155;0.31614968180656433;0.615768551826477;0.3750637471675873;0.6218783855438232
131;10;2;7.864885646442534;0.9262139683357802;0.9657809734344482;0.958959698677063;0.2601149380207062;0.26675572991371155;-0.1773005574941635;0.5532782673835754;0.1270977258682251;0.7845579981803894
131;10;3;6.484224298100235;0.8476357819652982;0.9657809734344482;0.958959698677063;0.2601149380207062;0.26675572991371155;0.41099345684051514;0.8717469573020935;-1.7886226177215576;2.005642890930176
132;10;1;9.809018418475446;0.9999430038890438;0.9653783440589905;0.9590781927108765;0.26008889079093933;0.26631680130958557;0.3181826174259186;0.616169810295105;0.37654054164886475;0.6213459968566895
132;10;2;7.894103977974073;0.9324780367404308;0.9653783440589905;0.9590781927108765;0.26008889079093933;0.26631680130958557;-0.17740383744239807;0.5541725754737854;0.12645624577999115;0.7837324738502502
132;10;3;6.512663090623693;0.8560099323310109;0.9653783440589905;0.9590781927108765;0.26008889079093933;0.26631680130958557;0.41134747862815857;0.872585654258728;-1.7962539196014404;2.016435384750366
133;10;1;9.806486157764951;0.9999430038890367;0.9657809734344482;0.9591325521469116;0.2596888244152069;0.26590844988822937;0.32018429040908813;0.6165822148323059;0.3780060410499573;0.620810866355896
133;10;2;7.956814317109366;0.9493169311212739;0.9657809734344482;0.9591325521469116;0.2596888244152069;0.26590844988822937;-0.17758020758628845;0.5550320148468018;0.12583617866039276;0.7829340696334839
133;10;3;6.545898375505981;0.8704443190488664;0.9657809734344482;0.9591325521469116;0.2596888244152069;0.26590844988822937;0.4117046594619751;0.8734307885169983;-1.8037278652191162;2.0270047187805176
134;10;1;9.807751112773467;0.9999430038890367;0.9661835432052612;0.9592214822769165;0.25915640592575073;0.26554983854293823;0.32214662432670593;0.6169902086257935;0.3794155418872833;0.6205980777740479
134;10;2;7.952933992457169;0.950483071110213;0.9661835432052612;0.9592214822769165;0.25915640592575073;0.26554983854293823;-0.17767930030822754;0.5559909343719482;0.12541912496089935;0.782400369644165
134;10;3;6.565805640959347;0.8759105394907944;0.9661835432052612;0.9592214822769165;0.25915640592575073;0.26554983854293823;0.4121498763561249;0.8744805455207825;-1.8109209537506104;2.037177801132202
135;10;1;9.809051035192226;0.9999430038890296;0.9653784036636353;0.9592362642288208;0.2588757276535034;0.265230655670166;0.3240728974342346;0.6174014210700989;0.3808506429195404;0.6207804679870605
135;10;2;7.959577553405378;0.9453196603895364;0.9653784036636353;0.9592362642288208;0.2588757276535034;0.265230655670166;-0.17763125896453857;0.5571258664131165;0.12528717517852783;0.7822387218475342
135;10;3;6.57660082305177;0.8666028562158186;0.9653784036636353;0.9592362642288208;0.2588757276535034;0.265230655670166;0.4127306640148163;0.8758463263511658;-1.8177752494812012;2.046870708465576
136;10;1;9.80890295689835;0.9999430038890438;0.9653784036636353;0.959315299987793;0.2589566111564636;0.2649178206920624;0.32595810294151306;0.6178598403930664;0.38232851028442383;0.6212594509124756
136;10;2;7.962205275496288;0.940177764437184;0.9653784036636353;0.959315299987793;0.2589566111564636;0.2649178206920624;-0.17749609053134918;0.5584208369255066;0.12537899613380432;0.7823684215545654
136;10;3;6.586367718245858;0.8698576363189954;0.9653784036636353;0.959315299987793;0.2589566111564636;0.2649178206920624;0.4134379029273987;0.8775069713592529;-1.8243281841278076;2.056138277053833
137;10;1;9.807969652836427;0.9999430038890296;0.9657809734344482;0.9593745470046997;0.25925302505493164;0.26461729407310486;0.32779842615127563;0.6184065341949463;0.38385310769081116;0.6218407154083252
137;10;2;7.968057023614335;0.9419734481076603;0.9657809734344482;0.9593745470046997;0.25925302505493164;0.26461729407310486;-0.17739048600196838;0.5598059892654419;0.12556861340999603;0.782625138759613
137;10;3;6.61757446440884;0.8601476046792271;0.9657809734344482;0.9593745470046997;0.25925302505493164;0.26461729407310486;0.41422855854034424;0.8793622851371765;-1.830674171447754;2.065112590789795
138;10;1;9.807189906007984;0.9999430038890722;0.9653784036636353;0.9594535827636719;0.2594882845878601;0.26433467864990234;0.32959291338920593;0.6190829277038574;0.3854142129421234;0.6223589181900024
138;10;2;8.000313650395984;0.9371556088286113;0.9653784036636353;0.9594535827636719;0.2594882845878601;0.26433467864990234;-0.17739982903003693;0.5612298846244812;0.12574568390846252;0.7828646302223206
138;10;3;6.623786771924408;0.8573634727567736;0.9653784036636353;0.9594535827636719;0.2594882845878601;0.26433467864990234;0.41506731510162354;0.8813297748565674;-1.8368921279907227;2.073906421661377
139;10;1;9.80696794497149;0.9999430038890154;0.9661835432052612;0.9595029354095459;0.25940534472465515;0.2640552520751953;0.3313451111316681;0.6199191808700562;0.38700565695762634;0.6227738261222839
139;10;2;8.06595595664496;0.9432440279481504;0.9661835432052612;0.9595029354095459;0.25940534472465515;0.2640552520751953;-0.17751887440681458;0.5627056360244751;0.12588046491146088;0.7830480337142944
139;10;3;6.645799397055521;0.8680092061892548;0.9661835432052612;0.9595029354095459;0.25940534472465515;0.2640552520751953;0.4159547984600067;0.8834109902381897;-1.8429992198944092;2.082542896270752
140;10;1;9.807071994106344;0.9999430038890509;0.9657809734344482;0.9595968127250671;0.259007066488266;0.2637813687324524;0.33305710554122925;0.6209026575088501;0.38862475752830505;0.623208224773407
140;10;2;8.042429293353507;0.9266728419176715;0.9657809734344482;0.9595968127250671;0.259007066488266;0.2637813687324524;-0.17764262855052948;0.5643003582954407;0.1260426640510559;0.7832666039466858
140;10;3;6.630309456232055;0.8439414648949324;0.9657809734344482;0.9595968127250671;0.259007066488266;0.2637813687324524;0.4169234037399292;0.8856819868087769;-1.848954439163208;2.0909650325775146
141;10;1;9.807290039314871;0.9999430038890793;0.9653784036636353;0.9596462249755859;0.2585824429988861;0.26352551579475403;0.3347330391407013;0.6220197677612305;0.3902754485607147;0.6237606406211853
141;10;2;8.03021924234729;0.9435619033126734;0.9653784036636353;0.9596462249755859;0.2585824429988861;0.26352551579475403;-0.17767465114593506;0.5660710334777832;0.12629030644893646;0.7835965752601624
141;10;3;6.667901038784965;0.8672773655599499;0.9653784036636353;0.9596462249755859;0.2585824429988861;0.26352551579475403;0.41799935698509216;0.8882040977478027;-1.854722261428833;2.0991220474243164
142;10;1;9.807546896636381;0.9999430038890225;0.9653784036636353;0.9595819711685181;0.25836560130119324;0.26327428221702576;0.33637312054634094;0.6232752203941345;0.3919517993927002;0.6243922114372253
142;10;2;8.070516079075496;0.9357734473572705;0.9653784036636353;0.9595819711685181;0.25836560130119324;0.26327428221702576;-0.1776113063097;0.5680070519447327;0.12659505009651184;0.7840009331703186
142;10;3;6.6841841682694945;0.8686387344302613;0.9653784036636353;0.9595819711685181;0.25836560130119324;0.26327428221702576;0.4191707968711853;0.8909499645233154;-1.8603243827819824;2.1070446968078613
143;10;1;9.807784333450165;0.9999430038890438;0.9653784036636353;0.9595721364021301;0.2583654224872589;0.2630227208137512;0.3379741311073303;0.6246869564056396;0.39364129304885864;0.6249387860298157
143;10;2;8.080742340678832;0.938756382482385;0.9653784036636353;0.9595721364021301;0.2583654224872589;0.2630227208137512;-0.1775406002998352;0.5700345635414124;0.12684780359268188;0.7843366861343384
143;10;3;6.692887379549129;0.8704330485818339;0.9653784036636353;0.9595721364021301;0.2583654224872589;0.2630227208137512;0.4203903079032898;0.8938088417053223;-1.8658359050750732;2.1148390769958496
144;10;1;9.80793526529505;0.9999430038890367;0.9653784036636353;0.9596017003059387;0.2583574652671814;0.2627805769443512;0.3395373225212097;0.6262540817260742;0.39533790946006775;0.625249445438385
144;10;2;8.108494961597575;0.9396774325384776;0.9653784036636353;0.9596017003059387;0.2583574652671814;0.2627805769443512;-0.17755074799060822;0.5720745325088501;0.12695401906967163;0.7844800353050232
144;10;3;6.677880490926324;0.8596947100339403;0.9653784036636353;0.9596017003059387;0.2583574652671814;0.2627805769443512;0.42160964012145996;0.8966678977012634;-1.8713274002075195;2.1226048469543457
145;10;1;9.807995383937602;0.9999430038890367;0.9653784036636353;0.9596165418624878;0.25808972120285034;0.26253804564476013;0.3410647511482239;0.6279474496841431;0.39704322814941406;0.625308632850647
145;10;2;8.11868073824602;0.9380791339770376;0.9653784036636353;0.9596165418624878;0.25808972120285034;0.26253804564476013;-0.1776505708694458;0.5740991830825806;0.12690570950508118;0.7844205498695374
145;10;3;6.682914224528609;0.8594886289182213;0.9653784036636353;0.9596165418624878;0.25808972120285034;0.26253804564476013;0.42281219363212585;0.899488091468811;-1.8768112659454346;2.1303606033325195
146;10;1;9.807996605526284;0.9999430038890438;0.9653784036636353;0.9596313834190369;0.2575297951698303;0.2622923254966736;0.3425585627555847;0.6297087073326111;0.39876970648765564;0.6252421140670776
146;10;2;8.079975479365068;0.9313634597032916;0.9653784036636353;0.9596313834190369;0.2575297951698303;0.2622923254966736;-0.17776374518871307;0.5761350989341736;0.12678764760494232;0.7842690944671631
146;10;3;6.668070322202865;0.8538172139010349;0.9653784036636353;0.9596313834190369;0.2575297951698303;0.2622923254966736;0.4240143299102783;0.9023078083992004;-1.8822414875030518;2.1380398273468018
147;10;1;9.80768416508161;0.9999430038890296;0.9653784036636353;0.9596511125564575;0.25689980387687683;0.2620595693588257;0.34401750564575195;0.6314854621887207;0.4004758894443512;0.625221312046051
147;10;2;8.07017838916466;0.9313949197319715;0.9653784036636353;0.9596511125564575;0.25689980387687683;0.2620595693588257;-0.1778048574924469;0.578214704990387;0.12669764459133148;0.7841542363166809
147;10;3;6.64603931590838;0.8471189443992255;0.9653784036636353;0.9596511125564575;0.25689980387687683;0.2620595693588257;0.4252370297908783;0.9051762223243713;-1.887561321258545;2.1455633640289307
148;10;1;9.80649542011853;0.9999430038890296;0.9653784036636353;0.9596905708312988;0.25645747780799866;0.26183754205703735;0.34544143080711365;0.6332365274429321;0.40217503905296326;0.6252813935279846
148;10;2;8.07317570973849;0.9395054303280403;0.9653784036636353;0.9596905708312988;0.25645747780799866;0.26183754205703735;-0.177764430642128;0.5803245306015015;0.12665992975234985;0.7841076254844666
148;10;3;6.6528941587379276;0.8571077698753253;0.9653784036636353;0.9596905708312988;0.25645747780799866;0.26183754205703735;0.4264746308326721;0.9080802202224731;-1.892758846282959;2.152913808822632
149;10;1;9.806440609660882;0.9999430038890296;0.9653784036636353;0.9597054719924927;0.2562350332736969;0.2616230845451355;0.34682950377464294;0.6349409222602844;0.4038722515106201;0.6253458261489868
149;10;2;8.058819894741891;0.9371933737910076;0.9653784036636353;0.9597054719924927;0.2562350332736969;0.2616230845451355;-0.17770838737487793;0.582403838634491;0.1266312450170517;0.7840724587440491
149;10;3;6.61825240333868;0.853253909094283;0.9653784036636353;0.9597054719924927;0.2562350332736969;0.2616230845451355;0.4276951551437378;0.9109448194503784;-1.8978681564331055;2.160139322280884
150;10;1;9.806530660879346;0.999943003889058;0.9653784036636353;0.9597400426864624;0.256060928106308;0.2614253759384155;0.3481825292110443;0.6365711092948914;0.40557095408439636;0.6253448128700256
150;10;2;8.047020045743047;0.9337708452041724;0.9653784036636353;0.9597400426864624;0.256060928106308;0.2614253759384155;-0.17770129442214966;0.5843910574913025;0.1265752911567688;0.784001350402832
150;10;3;6.6025792282062845;0.8518708351057231;0.9653784036636353;0.9597400426864624;0.256060928106308;0.2614253759384155;0.42886680364608765;0.913695216178894;-1.9029254913330078;2.1672914028167725
151;10;1;9.806591070521563;0.9999430038890509;0.9653784036636353;0.9597746133804321;0.2557488679885864;0.26123833656311035;0.34950175881385803;0.6381007432937622;0.40728044509887695;0.6252844929695129
151;10;2;8.028792381608763;0.9309111871468403;0.9653784036636353;0.9597746133804321;0.2557488679885864;0.26123833656311035;-0.17775005102157593;0.5862696170806885;0.12649932503700256;0.7839037775993347
151;10;3;6.601727273984755;0.852041440027465;0.9653784036636353;0.9597746133804321;0.2557488679885864;0.26123833656311035;0.4299815595149994;0.9163128733634949;-1.9079313278198242;2.174370765686035
152;10;1;9.806616194087816;0.9999430038890367;0.9653784036636353;0.9597845077514648;0.25527268648147583;0.2610571086406708;0.3507877290248871;0.6395000219345093;0.40900927782058716;0.6252566576004028
152;10;2;8.028490634512977;0.9357752474788121;0.9653784036636353;0.9597845077514648;0.25527268648147583;0.2610571086406708;-0.1777947098016739;0.5880677700042725;0.1264680027961731;0.7838645577430725
152;10;3;6.583076310753185;0.8512521585914605;0.9653784036636353;0.9597845077514648;0.25527268648147583;0.2610571086406708;0.4310563802719116;0.9188371896743774;-1.9128494262695312;2.181325912475586
153;10;1;9.806612100620612;0.9999430038890509;0.9653784036636353;0.9598783254623413;0.254804790019989;0.2608843147754669;0.35204261541366577;0.6407482624053955;0.41076645255088806;0.625350832939148
153;10;2;8.005572702631287;0.932691653435171;0.9653784036636353;0.9598783254623413;0.254804790019989;0.2608843147754669;-0.17777343094348907;0.589820384979248;0.12653487920761108;0.783953845500946
153;10;3;6.596651686977404;0.8598100719868604;0.9653784036636353;0.9598783254623413;0.254804790019989;0.2608843147754669;0.4321099519729614;0.921312153339386;-1.9176452159881592;2.1881086826324463
154;10;1;9.80657778680262;0.9999430038890296;0.9653784036636353;0.9598782658576965;0.25451958179473877;0.2607142925262451;0.3532664477825165;0.6418450474739075;0.41255050897598267;0.6255700588226318
154;10;2;8.030005955245915;0.9357623857739696;0.9653784036636353;0.9598782658576965;0.25451958179473877;0.2607142925262451;-0.17768260836601257;0.5915276408195496;0.1266966462135315;0.7841672897338867
154;10;3;6.59626200404062;0.857342886652539;0.9653784036636353;0.9598782658576965;0.25451958179473877;0.2607142925262451;0.43314099311828613;0.9237346053123474;-1.9223229885101318;2.1947240829467773
155;10;1;9.806507855871025;0.9999430038890367;0.9653784036636353;0.959937572479248;0.2544306516647339;0.2605484127998352;0.35446006059646606;0.6428204774856567;0.41432666778564453;0.6258293986320496
155;10;2;8.05255318870988;0.9403605954732477;0.9653784036636353;0.959937572479248;0.2544306516647339;0.2605484127998352;-0.17757977545261383;0.593157172203064;0.12688706815242767;0.7844181060791016
155;10;3;6.590532132905123;0.8627274975407246;0.9653784036636353;0.959937572479248;0.2544306516647339;0.2605484127998352;0.43412885069847107;0.926055908203125;-1.9269237518310547;2.201230525970459
156;10;1;9.806412162940475;0.9999430038890438;0.9653784036636353;0.9599523544311523;0.25438791513442993;0.2603885233402252;0.3556250035762787;0.6437007188796997;0.4160934090614319;0.6260288953781128
156;10;2;8.069871778931653;0.947112662634602;0.9653784036636353;0.9599523544311523;0.25438791513442993;0.2603885233402252;-0.17752130329608917;0.594678521156311;0.12704330682754517;0.7846240997314453
156;10;3;6.60141086276948;0.8714525582861761;0.9653784036636353;0.9599523544311523;0.25438791513442993;0.2603885233402252;0.4350542426109314;0.9282309412956238;-1.9314892292022705;2.20768666267395
157;10;1;9.80631162996589;0.999943003889058;0.9653784036636353;0.9599819779396057;0.25421905517578125;0.2602308690547943;0.3567638099193573;0.6444993615150452;0.4178512990474701;0.6261566281318665
157;10;2;8.061976859808926;0.9464715446467338;0.9653784036636353;0.9599819779396057;0.25421905517578125;0.2602308690547943;-0.17750133574008942;0.5961002111434937;0.12715736031532288;0.7847746014595032
157;10;3;6.5989609311377535;0.8617309217314304;0.9653784036636353;0.9599819779396057;0.25421905517578125;0.2602308690547943;0.4359196126461029;0.9302653670310974;-1.9360265731811523;2.2141036987304688
158;10;1;9.80621525388257;0.9999430038890509;0.9653784036636353;0.9599918723106384;0.2539353370666504;0.2600755989551544;0.357878178358078;0.6452246904373169;0.41960054636001587;0.6262673139572144
158;10;2;8.04273462780628;0.9384346981518803;0.9653784036636353;0.9599918723106384;0.2539353370666504;0.2600755989551544;-0.17746582627296448;0.5974617600440979;0.12726393342018127;0.7849153876304626
158;10;3;6.607068915526835;0.8608779165417015;0.9653784036636353;0.9599918723106384;0.2539353370666504;0.2600755989551544;0.43674492835998535;0.932205855846405;-1.9405150413513184;2.2204511165618896
159;10;1;9.806121308523785;0.9999430038890296;0.9653784036636353;0.9600017666816711;0.25369730591773987;0.2599284052848816;0.3589688837528229;0.6458964347839355;0.4213225543498993;0.6264060139656067
159;10;2;8.080411750715509;0.9467137146345728;0.9653784036636353;0.9600017666816711;0.25369730591773987;0.2599284052848816;-0.17738042771816254;0.5987966060638428;0.1273772120475769;0.7850647568702698
159;10;3;6.628566144226182;0.8596072371534635;0.9653784036636353;0.9600017666816711;0.25369730591773987;0.2599284052848816;0.43754658102989197;0.9340909719467163;-1.944939374923706;2.22670841217041
160;10;1;9.806038459107384;0.9999430038890438;0.9657809734344482;0.9600116610527039;0.25361061096191406;0.2597866654396057;0.3600369393825531;0.6465381383895874;0.42301779985427856;0.6265394687652588
160;10;2;8.12556405861114;0.9394984969492057;0.9657809734344482;0.9600116610527039;0.25361061096191406;0.2597866654396057;-0.17726171016693115;0.6001057028770447;0.12746959924697876;0.7851867079734802
160;10;3;6.636467153380931;0.8529990328770616;0.9657809734344482;0.9600116610527039;0.25361061096191406;0.2597866654396057;0.4383234977722168;0.9359182715415955;-1.9493136405944824;2.2328944206237793
161;10;1;9.8059954363667;0.9999430038890225;0.9657809734344482;0.9600412845611572;0.2536279857158661;0.25964808464050293;0.36108261346817017;0.647172749042511;0.4246889054775238;0.6265937089920044
161;10;2;8.12094950177957;0.9379279984417792;0.9657809734344482;0.9600412845611572;0.2536279857158661;0.25964808464050293;-0.17716115713119507;0.6013668775558472;0.12749725580215454;0.7852237224578857
161;10;3;6.637475325232609;0.8494115846784354;0.9657809734344482;0.9600412845611572;0.2536279857158661;0.25964808464050293;0.4390643239021301;0.937660813331604;-1.953667402267456;2.239051580429077
162;10;1;9.806017014334152;0.9999430038890296;0.9657809734344482;0.9600659608840942;0.25359171628952026;0.25951510667800903;0.36210545897483826;0.6478123068809509;0.4263029098510742;0.6265710592269897
162;10;2;8.140379784979448;0.9438797569690394;0.9657809734344482;0.9600659608840942;0.25359171628952026;0.25951510667800903;-0.17710210382938385;0.6025732755661011;0.12744615972042084;0.7851572632789612
162;10;3;6.648607787318788;0.8545008033875696;0.9657809734344482;0.9600659608840942;0.25359171628952026;0.25951510667800903;0.4397667348384857;0.9393133521080017;-1.9580130577087402;2.245197057723999
163;10;1;9.80610824394298;0.9999430038890438;0.9657809734344482;0.9600709676742554;0.2534443140029907;0.2593874931335449;0.36310622096061707;0.6484601497650146;0.42787066102027893;0.6265003681182861
163;10;2;8.137963267695845;0.9451576966442268;0.9657809734344482;0.9600709676742554;0.2534443140029907;0.2593874931335449;-0.1770658642053604;0.6037449836730957;0.1273394227027893;0.7850179076194763
163;10;3;6.654458180188529;0.8576663981983721;0.9657809734344482;0.9600709676742554;0.2534443140029907;0.2593874931335449;0.44044360518455505;0.9409059286117554;-1.9623353481292725;2.251309871673584
164;10;1;9.80626397842095;0.9999430038890509;0.9657809734344482;0.9600709676742554;0.25323861837387085;0.2592636048793793;0.36408576369285583;0.6491119265556335;0.4294043481349945;0.6264418363571167
164;10;2;8.137759389005712;0.9421772875280716;0.9657809734344482;0.9600709676742554;0.25323861837387085;0.2592636048793793;-0.17701363563537598;0.6049123406410217;0.12722331285476685;0.7848661541938782
164;10;3;6.651766016610866;0.8570610841728321;0.9657809734344482;0.9600709676742554;0.25323861837387085;0.2592636048793793;0.4411143660545349;0.9424842000007629;-1.9666073322296143;2.2573511600494385
165;10;1;9.806479718749088;0.9999430038890367;0.9661835432052612;0.9600807428359985;0.25308895111083984;0.2591439485549927;0.3650442659854889;0.6497671604156494;0.43091437220573425;0.6264246702194214
165;10;2;8.152706011708414;0.9434622935229271;0.9661835432052612;0.9600807428359985;0.25308895111083984;0.2591439485549927;-0.176932692527771;0.6060905456542969;0.12712052464485168;0.7847317457199097
165;10;3;6.652509488893855;0.8584879314020082;0.9661835432052612;0.9600807428359985;0.25308895111083984;0.2591439485549927;0.44178980588912964;0.9440739154815674;-1.9708139896392822;2.2633001804351807
166;10;1;9.806733365136793;0.9999430038890154;0.9653784036636353;0.9601104259490967;0.253031849861145;0.25902748107910156;0.36598119139671326;0.6504310369491577;0.4324084222316742;0.6264292001724243
166;10;2;8.145972675939152;0.9445528976650976;0.9653784036636353;0.9601104259490967;0.253031849861145;0.25902748107910156;-0.17684535682201385;0.6072719693183899;0.12702268362045288;0.7846039533615112
166;10;3;6.647726677865819;0.861222040291791;0.9653784036636353;0.9601104259490967;0.253031849861145;0.25902748107910156;0.4424682557582855;0.9456706643104553;-1.974961280822754;2.269165515899658
167;10;1;9.806969910582033;0.9999430038890438;0.9653784036636353;0.9601302146911621;0.2529979646205902;0.2589155435562134;0.3668958842754364;0.6511120796203613;0.43388882279396057;0.6264203190803528
167;10;2;8.130808286505818;0.9310340854210004;0.9653784036636353;0.9601302146911621;0.2529979646205902;0.2589155435562134;-0.17678268253803253;0.6084433197975159;0.12691400945186615;0.7844617962837219
167;10;3;6.642776686144611;0.8591712456385707;0.9653784036636353;0.9601302146911621;0.2529979646205902;0.2589155435562134;0.4431443214416504;0.947262167930603;-1.9790599346160889;2.2749621868133545
168;10;1;9.807130386297914;0.9999430038890367;0.9657810926437378;0.9601351022720337;0.25288811326026917;0.2588072717189789;0.36778736114501953;0.6518028378486633;0.4353649318218231;0.6264171004295349
168;10;2;8.126126200872193;0.9378063301114459;0.9657810926437378;0.9601351022720337;0.25288811326026917;0.2588072717189789;-0.17674341797828674;0.6096073985099792;0.1268053650856018;0.7843198776245117
168;10;3;6.65428269869154;0.8615255401221855;0.9657810926437378;0.9601351022720337;0.25288811326026917;0.2588072717189789;0.443821519613266;0.9488564133644104;-1.9831058979034424;2.280683755874634
169;10;1;9.807195660247402;0.9999430038890225;0.9653784036636353;0.960149884223938;0.2527044713497162;0.2587016820907593;0.36865589022636414;0.6524981260299683;0.43684419989585876;0.6264575719833374
169;10;2;8.143356007249661;0.942561769042932;0.9653784036636353;0.960149884223938;0.2527044713497162;0.2587016820907593;-0.17670178413391113;0.610782265663147;0.12672315537929535;0.7842123508453369
169;10;3;6.654648307216753;0.8632013947637436;0.9653784036636353;0.960149884223938;0.2527044713497162;0.2587016820907593;0.44451045989990234;0.9504786133766174;-1.9870820045471191;2.286306858062744
170;10;1;9.807175429084722;0.9999430038890438;0.9653784036636353;0.9601696729660034;0.25252532958984375;0.2585987448692322;0.36950188875198364;0.6531937122344971;0.4383290708065033;0.6265691518783569
170;10;2;8.151129244774943;0.9403403445525598;0.9653784036636353;0.9601696729660034;0.25252532958984375;0.2585987448692322;-0.17663611471652985;0.6119804978370667;0.1266891062259674;0.784168004989624
170;10;3;6.656059954671479;0.8629664966507935;0.9653784036636353;0.9601696729660034;0.25252532958984375;0.2585987448692322;0.44521865248680115;0.9521462321281433;-1.9909768104553223;2.2918148040771484
171;10;1;9.807083888716264;0.999943003889058;0.9657809734344482;0.9601845145225525;0.252415269613266;0.25849729776382446;0.3703262507915497;0.6538885235786438;0.4398215711116791;0.6267388463020325
171;10;2;8.151975150002233;0.9369947023813339;0.9657809734344482;0.9601845145225525;0.252415269613266;0.25849729776382446;-0.17655520141124725;0.6131959557533264;0.12669625878334045;0.7841776013374329
171;10;3;6.668327608739773;0.8628965488980569;0.9657809734344482;0.9601845145225525;0.252415269613266;0.25849729776382446;0.44594258069992065;0.9538512229919434;-1.9947972297668457;2.297218084335327
172;10;1;9.806939265499224;0.9999430038890296;0.9657809734344482;0.9601845145225525;0.25234919786453247;0.2583973705768585;0.3711283504962921;0.6545867919921875;0.44132500886917114;0.6269269585609436
172;10;2;8.143210198580089;0.940897373731044;0.9657809734344482;0.9601845145225525;0.25234919786453247;0.2583973705768585;-0.17648634314537048;0.6144120097160339;0.12671707570552826;0.7842051386833191
172;10;3;6.678479783163125;0.864352768807926;0.9657809734344482;0.9601845145225525;0.25234919786453247;0.2583973705768585;0.4466722905635834;0.9555701017379761;-1.9985613822937012;2.3025412559509277
173;10;1;9.806773786265197;0.9999430038890438;0.9657809734344482;0.9601697325706482;0.252240926027298;0.25829917192459106;0.37190937995910645;0.6552888751029968;0.4428386688232422;0.6271148920059204
173;10;2;8.138756052971956;0.9380717256799933;0.9657809734344482;0.9601697325706482;0.252240926027298;0.25829917192459106;-0.1764378696680069;0.6156213283538818;0.12674015760421753;0.7842355370521545
173;10;3;6.6682708169861;0.8628201511815536;0.9657809734344482;0.9601697325706482;0.252240926027298;0.25829917192459106;0.44740280508995056;0.9572908878326416;-2.002279043197632;2.3077986240386963
174;10;1;9.806608473222767;0.9999430038890651;0.9661835432052612;0.9601894617080688;0.2520594000816345;0.2582021653652191;0.3726697564125061;0.6559943556785583;0.4443605840206146;0.6273156404495239
174;10;2;8.152347681255694;0.932924751828299;0.9661835432052612;0.9601894617080688;0.2520594000816345;0.2582021653652191;-0.17639237642288208;0.6168321967124939;0.12677112221717834;0.7842763066291809
174;10;3;6.673544671972728;0.8579604689596767;0.9661835432052612;0.9601894617080688;0.2520594000816345;0.2582021653652191;0.4481368660926819;0.9590203762054443;-2.005946159362793;2.3129849433898926
175;10;1;9.80643631056261;0.9999430038890722;0.9665861129760742;0.9602091908454895;0.251862496137619;0.2581104636192322;0.3734137713909149;0.6567054390907288;0.44585657119750977;0.6275594234466553
175;10;2;8.173068077280181;0.9386246796755167;0.9665861129760742;0.9602091908454895;0.251862496137619;0.2581104636192322;-0.17633028328418732;0.6180540919303894;0.12681764364242554;0.7843374609947205
175;10;3;6.682317685663731;0.8570097053186654;0.9665861129760742;0.9602091908454895;0.251862496137619;0.2581104636192322;0.44887775182724;0.9607663154602051;-2.0095582008361816;2.3180932998657227
176;10;1;9.806239479177002;0.9999430038890509;0.9669886827468872;0.9602289795875549;0.25172722339630127;0.2580215036869049;0.3741421699523926;0.6574286818504333;0.4473261833190918;0.6278183460235596
176;10;2;8.174700485941017;0.9378780926816823;0.9669886827468872;0.9602289795875549;0.25172722339630127;0.2580215036869049;-0.17626070976257324;0.6192804574966431;0.12686263024806976;0.7843965291976929
176;10;3;6.68332986171651;0.8533850671524927;0.9669886827468872;0.9602289795875549;0.25172722339630127;0.2580215036869049;0.44962042570114136;0.9625164866447449;-2.0131242275238037;2.3231358528137207
177;10;1;9.80599208001189;0.9999430038890367;0.9669886827468872;0.9602339267730713;0.25162267684936523;0.2579348385334015;0.3748532831668854;0.6581745147705078;0.4487709701061249;0.6280472278594971
177;10;2;8.204732078688565;0.9332656166662936;0.9669886827468872;0.9602339267730713;0.25162267684936523;0.2579348385334015;-0.17620766162872314;0.6204977035522461;0.12687724828720093;0.7844159007072449
177;10;3;6.683933897476809;0.8485207367424472;0.9669886827468872;0.9602339267730713;0.25162267684936523;0.2579348385334015;0.45035576820373535;0.964249849319458;-2.0166585445404053;2.328134536743164
178;10;1;9.805649340148186;0.999943003889058;0.9665861129760742;0.9602388143539429;0.2514687180519104;0.25785014033317566;0.3755483627319336;0.6589360237121582;0.45019397139549255;0.628242552280426
178;10;2;8.197227610480429;0.9294847049256916;0.9665861129760742;0.9602388143539429;0.2514687180519104;0.25785014033317566;-0.17617087066173553;0.6217012405395508;0.12686079740524292;0.7843943238258362
178;10;3;6.682683123081041;0.8475610605616488;0.9665861129760742;0.9602388143539429;0.2514687180519104;0.25785014033317566;0.451080858707428;0.9659591317176819;-2.020164966583252;2.3330934047698975
179;10;1;9.80515464234415;0.9999430038890438;0.9665861129760742;0.9602586030960083;0.2512644827365875;0.2577669322490692;0.37622901797294617;0.6597007513046265;0.45159944891929626;0.6284264326095581
179;10;2;8.216948922050246;0.9260458126298481;0.9665861129760742;0.9602586030960083;0.2512644827365875;0.2577669322490692;-0.1761317402124405;0.6228961944580078;0.12683223187923431;0.7843571305274963
179;10;3;6.677787551986734;0.8511481609359208;0.9665861129760742;0.9602586030960083;0.2512644827365875;0.2577669322490692;0.45179861783981323;0.9676514267921448;-2.0236361026763916;2.3380019664764404
180;10;1;9.804568352764548;0.9999430038890367;0.9665861129760742;0.960278332233429;0.25106894969940186;0.2576861083507538;0.37689727544784546;0.6604576110839844;0.45298394560813904;0.628619372844696
180;10;2;8.191382866649079;0.9279479968690936;0.9665861129760742;0.960278332233429;0.25106894969940186;0.2576861083507538;-0.17607808113098145;0.62408447265625;0.12680667638778687;0.7843236923217773
180;10;3;6.674061845189554;0.8523480573314242;0.9665861129760742;0.960278332233429;0.25106894969940186;0.2576861083507538;0.4525105357170105;0.9693301320075989;-2.027066230773926;2.342853307723999
181;10;1;9.804107864767637;0.9999430038890509;0.9669886827468872;0.9602832794189453;0.2509245276451111;0.2576073110103607;0.37755313515663147;0.6612010598182678;0.4543505311012268;0.6288121342658997
181;10;2;8.203254406950133;0.9243698634248965;0.9669886827468872;0.9602832794189453;0.2509245276451111;0.2576073110103607;-0.17601971328258514;0.625257134437561;0.12677977979183197;0.7842885851860046
181;10;3;6.6742040048920135;0.8514906011118022;0.9669886827468872;0.9602832794189453;0.2509245276451111;0.2576073110103607;0.4532122015953064;0.970984935760498;-2.0304603576660156;2.3476529121398926
182;10;1;9.803951773974276;0.9999430038890296;0.9669886827468872;0.9602882266044617;0.25080037117004395;0.2575303316116333;0.37819668650627136;0.6619265079498291;0.45570245385169983;0.6289895176887512
182;10;2;8.206257629851606;0.92321425347237;0.9669886827468872;0.9602882266044617;0.25080037117004395;0.2575303316116333;-0.17597214877605438;0.6264028549194336;0.12674275040626526;0.7842401266098022
182;10;3;6.67667033929084;0.8522100060507611;0.9669886827468872;0.9602882266044617;0.25080037117004395;0.2575303316116333;0.45389795303344727;0.9726024270057678;-2.033825397491455;2.352412223815918
183;10;1;9.804088353112654;0.999943003889058;0.9669886827468872;0.9602882266044617;0.250645250082016;0.2574549615383148;0.3788282573223114;0.6626284718513489;0.45704278349876404;0.629155695438385
183;10;2;8.212833952280999;0.9286093589759332;0.9669886827468872;0.9602882266044617;0.250645250082016;0.2574549615383148;-0.17593495547771454;0.6275198459625244;0.12669935822486877;0.7841833233833313
183;10;3;6.677843689778147;0.8546181858728037;0.9669886827468872;0.9602882266044617;0.250645250082016;0.2574549615383148;0.45456719398498535;0.9741811156272888;-2.037160873413086;2.3571293354034424
184;10;1;9.804299652697665;0.9999430038890509;0.9669886827468872;0.960303008556366;0.2504606544971466;0.25738099217414856;0.37944838404655457;0.663300633430481;0.45837488770484924;0.6293323040008545
184;10;2;8.206103449193758;0.9310001245439743;0.9669886827468872;0.960303008556366;0.2504606544971466;0.25738099217414856;-0.1758929044008255;0.6286155581474304;0.12666422128677368;0.7841373085975647
184;10;3;6.67663323283419;0.8566792850787373;0.9669886827468872;0.960303008556366;0.2504606544971466;0.25738099217414856;0.4552242159843445;0.9757311344146729;-2.0404586791992188;2.361793041229248
185;10;1;9.80453662633807;0.9999430038890154;0.9673912525177002;0.9603079557418823;0.25029727816581726;0.25730839371681213;0.38005828857421875;0.6639375686645508;0.45970869064331055;0.6295272707939148
185;10;2;8.200738491894477;0.9297601229081245;0.9673912525177002;0.9603079557418823;0.25029727816581726;0.25730839371681213;-0.1758372038602829;0.6296942830085754;0.1266457885503769;0.7841132283210754
185;10;3;6.678318920911346;0.8571061302567706;0.9673912525177002;0.9603079557418823;0.25029727816581726;0.25730839371681213;0.45587143301963806;0.9772582650184631;-2.043715000152588;2.3663978576660156
186;10;1;9.80479664382814;0.9999430038890651;0.9673912525177002;0.9603129029273987;0.25018104910850525;0.25723662972450256;0.380658894777298;0.6645427942276001;0.4610438048839569;0.6297258734703064
186;10;2;8.21683305082706;0.928531405330947;0.9673912525177002;0.9603129029273987;0.25018104910850525;0.25723662972450256;-0.1757771223783493;0.630751371383667;0.12663839757442474;0.7841035723686218
186;10;3;6.682597919499074;0.855258950072793;0.9673912525177002;0.9603129029273987;0.25018104910850525;0.25723662972450256;0.4565066695213318;0.9787573218345642;-2.0469343662261963;2.3709511756896973
187;10;1;9.805051184928658;0.9999430038890509;0.9673912525177002;0.9603375792503357;0.25007784366607666;0.2571658492088318;0.3812503516674042;0.6651183366775513;0.46238064765930176;0.6299160718917847
187;10;2;8.23527777022555;0.9308368172299986;0.9673912525177002;0.9603375792503357;0.25007784366607666;0.2571658492088318;-0.17572236061096191;0.6317819356918335;0.12663379311561584;0.7840975522994995
187;10;3;6.690583611980093;0.8553499681046457;0.9673912525177002;0.9603375792503357;0.25007784366607666;0.2571658492088318;0.45712733268737793;0.9802221059799194;-2.050123453140259;2.3754608631134033
188;10;1;9.805281707275725;0.9999430038890296;0.9673912525177002;0.9603524208068848;0.24995504319667816;0.2570969760417938;0.3818339407444;0.6656736135482788;0.4637107849121094;0.6300931572914124
188;10;2;8.223821891434188;0.9299409849496598;0.9673912525177002;0.9603524208068848;0.24995504319667816;0.2570969760417938;-0.1756751537322998;0.6327887773513794;0.1266259253025055;0.7840873599052429
188;10;3;6.6939539410980835;0.8571318849412037;0.9673912525177002;0.9603524208068848;0.24995504319667816;0.2570969760417938;0.45773443579673767;0.9816550016403198;-2.0532829761505127;2.3799290657043457
189;10;1;9.805486647450138;0.9999430038890367;0.9673912525177002;0.9603524208068848;0.24980711936950684;0.25702977180480957;0.382409930229187;0.6662060022354126;0.4650363624095917;0.6302783489227295
189;10;2;8.249790395668871;0.9313029272947482;0.9673912525177002;0.9603524208068848;0.24980711936950684;0.25702977180480957;-0.17562167346477509;0.6337805986404419;0.12662473320960999;0.784085750579834
189;10;3;6.693195910841748;0.8556924811113298;0.9673912525177002;0.9603524208068848;0.24980711936950684;0.25702977180480957;0.45833253860473633;0.9830669164657593;-2.056408166885376;2.3843486309051514
190;10;1;9.805676252915866;0.9999430038890438;0.9673912525177002;0.9603821039199829;0.24968130886554718;0.2569636106491089;0.3829781711101532;0.6667163372039795;0.4663601517677307;0.6304763555526733
190;10;2;8.233693952748357;0.9269238857652553;0.9673912525177002;0.9603821039199829;0.24968130886554718;0.2569636106491089;-0.1755569875240326;0.6347616314888;0.1266329139471054;0.7840965390205383
190;10;3;6.691178578771943;0.855885989802502;0.9673912525177002;0.9603821039199829;0.24968130886554718;0.2569636106491089;0.4589237570762634;0.984462559223175;-2.0594985485076904;2.388719081878662
191;10;1;9.8058537627073;0.9999430038890225;0.9673912525177002;0.9603968262672424;0.24959415197372437;0.2568983733654022;0.3835375905036926;0.667210578918457;0.4676811695098877;0.6306725144386292
191;10;2;8.242649144094695;0.9300243121461023;0.9673912525177002;0.9603968262672424;0.24959415197372437;0.2568983733654022;-0.17549104988574982;0.6357278823852539;0.12664157152175903;0.7841079235076904
191;10;3;6.698465099761506;0.8573066368635125;0.9673912525177002;0.9603968262672424;0.24959415197372437;0.2568983733654022;0.4595058560371399;0.9858370423316956;-2.06256103515625;2.393050193786621
192;10;1;9.806019111766105;0.9999430038890367;0.9673912525177002;0.9603968262672424;0.24951164424419403;0.2568340301513672;0.3840869665145874;0.6676951050758362;0.4689977765083313;0.6308521032333374
192;10;2;8.229560150178592;0.9307651563693256;0.9673912525177002;0.9603968262672424;0.24951164424419403;0.2568340301513672;-0.17543408274650574;0.6366753578186035;0.12664185464382172;0.7841083407402039
192;10;3;6.69796182009393;0.8558502434142721;0.9673912525177002;0.9603968262672424;0.24951164424419403;0.2568340301513672;0.4600768983364105;0.9871854782104492;-2.0656020641326904;2.397350788116455
193;10;1;9.806173101792247;0.9999430038890367;0.9673912525177002;0.9604166746139526;0.2493991106748581;0.25677046179771423;0.3846264183521271;0.6681722402572632;0.4703103005886078;0.6310186386108398
193;10;2;8.222487310807228;0.9274580573858806;0.9673912525177002;0.9604166746139526;0.2493991106748581;0.25677046179771423;-0.17538253962993622;0.6376079320907593;0.1266360878944397;0.7841008305549622
193;10;3;6.691630800581507;0.8533520752441266;0.9673912525177002;0.9604166746139526;0.2493991106748581;0.25677046179771423;0.4606388509273529;0.9885127544403076;-2.0686211585998535;2.401620864868164
194;10;1;9.806319259881505;0.9999430038890509;0.9673912525177002;0.9604314565658569;0.2492680698633194;0.25670769810676575;0.3851563334465027;0.6686426997184753;0.47161951661109924;0.6311852335929871
194;10;2;8.21305941234727;0.9269834236447743;0.9673912525177002;0.9604314565658569;0.2492680698633194;0.25670769810676575;-0.17532551288604736;0.6385332942008972;0.12663279473781586;0.7840964794158936
194;10;3;6.689547545083805;0.8536462266770943;0.9673912525177002;0.9604314565658569;0.2492680698633194;0.25670769810676575;0.46119603514671326;0.9898285269737244;-2.0716142654418945;2.405853271484375
195;10;1;9.806463353592015;0.9999430038890011;0.9673912525177002;0.9604462385177612;0.24915556609630585;0.2566455900669098;0.38567736744880676;0.6691076755523682;0.47292646765708923;0.6313551068305969
195;10;2;8.220461942171603;0.9278646271615401;0.9673912525177002;0.9604462385177612;0.24915556609630585;0.2566455900669098;-0.17526109516620636;0.6394542455673218;0.12663394212722778;0.7840979695320129
195;10;3;6.693115875787315;0.8552799807366878;0.9673912525177002;0.9604462385177612;0.24915556609630585;0.2566455900669098;0.4617500305175781;0.9911372065544128;-2.074580669403076;2.410048484802246
196;10;1;9.806600572316135;0.9999430038890367;0.9673912525177002;0.9604610800743103;0.24906791746616364;0.256584107875824;0.3861895799636841;0.6695700287818909;0.474231481552124;0.6315191388130188
196;10;2;8.207800728004294;0.9279093686438777;0.9673912525177002;0.9604610800743103;0.24906791746616364;0.256584107875824;-0.17519837617874146;0.6403674483299255;0.1266333907842636;0.7840973138809204
196;10;3;6.692054088332068;0.8557557202124411;0.9673912525177002;0.9604610800743103;0.24906791746616364;0.256584107875824;0.46229952573776245;0.9924352169036865;-2.0775251388549805;2.414212703704834
197;10;1;9.806723513571676;0.9999430038890367;0.9673912525177002;0.960456132888794;0.24897345900535583;0.25652334094047546;0.38669323921203613;0.6700316071510315;0.47553473711013794;0.6316720247268677
197;10;2;8.208242441006416;0.9258335767547621;0.9673912525177002;0.960456132888794;0.24897345900535583;0.25652334094047546;-0.175143301486969;0.6412712931632996;0.12662771344184875;0.7840898633003235
197;10;3;6.694947239364476;0.8550020851405726;0.9673912525177002;0.960456132888794;0.24897345900535583;0.25652334094047546;0.4628438949584961;0.9937213063240051;-2.0804502964019775;2.4183497428894043
198;10;1;9.806827188571908;0.999943003889058;0.9673912525177002;0.9604660272598267;0.24885112047195435;0.2564631402492523;0.3871888518333435;0.6704922318458557;0.47683724761009216;0.6318227648735046
198;10;2;8.217176266660097;0.9258738243806093;0.9673912525177002;0.9604660272598267;0.24885112047195435;0.2564631402492523;-0.17509038746356964;0.6421701312065125;0.12662242352962494;0.7840830087661743
198;10;3;6.702223684647031;0.856086931956165;0.9673912525177002;0.9604660272598267;0.24885112047195435;0.2564631402492523;0.46338582038879395;0.9950017333030701;-2.0833537578582764;2.4224557876586914
199;10;1;9.80691214341767;0.9999430038890367;0.9673912525177002;0.9604758620262146;0.24872000515460968;0.25640353560447693;0.38767731189727783;0.6709566712379456;0.4781421720981598;0.6319723129272461
199;10;2;8.210883205335367;0.9302800701244252;0.9673912525177002;0.9604758620262146;0.24872000515460968;0.25640353560447693;-0.17503605782985687;0.6430696249008179;0.12661908566951752;0.7840786576271057
199;10;3;6.706633429610962;0.8591354333492074;0.9673912525177002;0.9604758620262146;0.24872000515460968;0.25640353560447693;0.4639284610748291;0.9962839484214783;-2.0862314701080322;2.426525354385376
